992	Window=3	Metric=PAIRMAPPER	
i	j	Sig.	Class	Zij	Zi	Zj	Mod_Depth	Mod_Comuts	Unt_Depth	Unt_Comuts
168	198	27.90	1	2.66	5.18	0.13	487279	204	1020588	14
775	786	168.06	1	5.82	3.03	8.62	1496513	1035	2024496	80
776	785	393.86	1	11.19	5.76	16.61	1400392	869	1858255	32
36	93	79.67	2	2.61	1.72	3.50	626480	3051	1157237	2
37	46	72.76	2	2.36	2.79	1.93	626640	1718	1188077	24
37	77	37.45	2	2.36	1.41	3.31	628433	1842	1159384	34
44	83	93.58	2	4.07	6.84	1.30	629674	2347	1169583	16
70	87	100.01	2	4.61	8.48	0.74	617493	4602	1164263	89
97	108	44.34	2	2.40	4.37	0.43	625568	2372	1134461	12
98	107	37.69	2	6.41	12.11	0.71	618275	2520	1138823	16
114	127	196.27	2	4.24	5.54	2.95	622799	1257	1126031	43
115	126	474.52	2	8.89	11.21	6.58	616378	1222	1123464	28
116	125	601.10	2	9.00	9.58	8.41	611906	1437	1121780	16
116	139	27.90	2	2.42	0.39	4.45	621015	958	1118708	19
144	155	873.70	2	11.79	11.99	11.59	539924	1799	1110709	297
162	204	165.61	2	5.79	5.94	5.65	424625	762	1051775	10
163	203	165.69	2	4.97	3.52	6.43	490987	654	1038484	8
164	205	62.96	2	2.67	2.11	3.23	484704	816	1051491	13
169	197	81.19	2	5.09	9.34	0.84	480627	391	1016305	32
170	196	129.63	2	3.58	4.39	2.76	464139	426	1026108	23
177	187	74.60	2	3.81	0.99	6.62	517517	431	1040775	99
177	188	197.25	2	5.31	2.70	7.92	511935	1090	1033275	70
178	187	82.12	2	4.12	0.94	7.29	485758	371	1041521	70
178	190	114.04	2	4.31	1.32	7.31	456880	917	1009392	66
179	189	106.05	2	3.70	2.48	4.91	393523	872	963779	71
179	190	97.69	2	4.27	2.28	6.25	469891	881	994546	69
187	197	61.65	2	3.04	5.46	0.63	564988	395	1003364	71
188	197	146.72	2	3.72	5.88	1.56	559173	997	998244	48
216	234	294.10	2	7.00	5.30	8.70	513938	2000	782036	15
217	233	510.20	2	9.65	10.53	8.76	525653	1997	804867	42
220	230	54.37	2	5.45	8.22	2.67	484999	765	765649	21
248	278	44.26	2	2.97	5.15	0.80	451369	1138	512468	15
265	296	27.15	2	2.78	4.83	0.72	489812	865	514698	13
266	294	44.39	2	3.43	4.97	1.90	485137	802	569576	39
266	295	67.43	2	4.65	7.58	1.72	485987	1139	555743	39
270	291	36.81	2	4.36	5.07	3.65	488336	1785	563918	6
274	290	236.57	2	10.36	12.81	7.91	426221	2575	514353	5
278	287	391.56	2	9.90	7.31	12.49	471958	1411	614077	6
288	309	32.69	2	3.31	0.75	5.86	414563	2421	532546	4
306	331	48.04	2	2.85	1.45	4.25	437924	710	628994	7
307	330	67.33	2	3.80	2.21	5.39	465092	1303	666271	4
308	329	115.07	2	5.69	4.90	6.47	446057	1199	627691	4
352	372	72.72	2	3.53	5.90	1.16	564584	422	884238	26
353	371	68.94	2	3.54	6.54	0.54	592791	572	947492	20
354	366	101.36	2	4.18	3.49	4.87	600394	649	952440	16
355	421	152.87	2	4.54	7.28	1.81	606533	2661	970932	10
357	382	49.04	2	2.03	0.31	3.76	603246	1001	982856	19
360	415	271.49	2	3.57	2.65	4.49	613504	2489	990837	13
361	414	183.91	2	5.34	9.06	1.62	625303	1614	1024737	18
361	422	85.06	2	2.50	4.14	0.85	621249	1307	1016548	31
365	410	168.78	2	5.43	8.15	2.71	596322	2468	976377	9
368	386	258.24	2	7.26	12.18	2.35	589034	1297	959190	21
369	385	417.68	2	6.40	3.82	8.98	587939	1458	972275	13
370	384	503.72	2	6.92	4.36	9.48	603427	1118	994559	11
371	383	117.45	2	5.08	0.95	9.20	607085	474	1003355	22
372	382	52.12	2	2.41	0.82	4.00	579891	342	943748	20
372	385	337.17	2	6.42	5.60	7.24	571553	674	930568	23
390	399	274.62	2	9.74	5.72	13.76	586880	2805	1035629	91
411	426	129.30	2	3.30	2.69	3.92	1179570	2698	2381411	31
415	425	888.29	2	11.62	14.69	8.55	1186965	3871	2364359	99
425	445	68.85	2	3.10	0.66	5.53	540746	1773	1290213	41
425	449	77.09	2	3.11	0.74	5.48	555092	2666	1274516	95
426	435	59.41	2	4.22	1.80	6.64	553541	1504	1302436	28
426	444	97.59	2	5.10	2.96	7.24	557486	1819	1305584	22
433	488	74.51	2	4.39	8.01	0.77	535154	3332	1246292	15
452	478	98.03	2	3.79	3.61	3.98	547436	890	1262305	104
453	477	113.32	2	5.65	7.22	4.07	547874	1106	1252737	25
468	478	297.67	2	11.15	10.29	12.01	551671	888	1256680	78
511	525	52.49	2	5.35	5.28	5.42	431891	904	1179762	86
516	528	119.30	2	6.12	8.21	4.03	296298	1061	1187862	12
516	530	46.96	2	3.99	3.27	4.71	301684	522	1197931	25
536	558	59.64	2	3.10	4.52	1.68	345707	716	1097303	177
570	604	31.83	2	2.18	0.92	3.44	479796	1452	968446	34
589	604	54.13	2	4.58	3.37	5.79	493467	2794	973045	42
604	616	30.86	2	2.14	3.33	0.94	397826	1191	605464	31
608	699	24.89	2	3.68	3.53	3.83	1132566	450	1465455	22
608	704	38.83	2	2.88	5.50	0.26	1119898	1177	1440384	47
608	706	36.30	2	2.74	5.14	0.34	1060917	1392	1451374	34
613	623	66.82	2	2.10	3.67	0.53	1458660	2643	1676901	160
616	652	153.17	2	2.76	4.70	0.83	1410202	5083	1488460	130
624	651	472.46	2	4.48	6.98	1.97	1500612	2613	1599697	39
625	650	469.46	2	6.76	12.11	1.40	1462135	3191	1593702	38
626	676	118.47	2	3.16	3.82	2.49	1401016	7515	1333911	86
632	641	2177.95	2	11.34	7.98	14.69	1355128	4493	1441778	254
652	669	92.78	2	3.12	0.49	5.75	1417579	2164	1509207	181
667	694	51.74	2	3.28	6.00	0.56	1295355	1938	1561915	192
676	693	160.30	2	3.15	3.38	2.92	1220072	5272	1499166	141
704	730	535.77	2	6.73	3.64	9.81	1051572	10446	1883058	343
707	743	67.74	2	3.27	2.31	4.23	1058100	1756	1868729	96
708	744	145.57	2	5.83	1.85	9.80	1057215	3011	1899909	53
717	743	85.73	2	4.03	2.71	5.35	1238359	785	1954116	137
718	738	319.39	2	6.09	9.05	3.12	1351834	1609	1992665	250
718	742	110.70	2	6.35	3.14	9.55	1301783	576	1974162	95
719	737	266.52	2	5.19	8.07	2.32	1321510	1438	1984557	198
723	734	490.34	2	10.00	17.22	2.79	1295333	2395	1975527	26
727	830	151.78	2	3.48	2.44	4.51	826695	6339	767047	109
728	738	1242.11	2	12.82	13.48	12.15	1350493	6641	2021689	399
760	806	59.24	2	2.74	1.55	3.93	853612	2452	804013	12
761	805	99.15	2	3.31	1.65	4.97	866987	2745	817053	8
776	805	80.72	2	2.62	1.18	4.06	852044	966	787943	23
797	810	136.55	2	4.33	5.39	3.28	897607	1627	812210	104
807	846	83.96	2	3.90	3.49	4.32	890119	5173	658951	70
896	909	32.50	2	3.50	2.34	4.66	932191	4312	862425	141
28	37	85.33	0	6.64	9.99	3.29	626046	1656	1187835	29
28	42	76.38	0	7.01	8.94	5.08	630206	4346	1178491	24
29	41	26.53	0	1.97	2.00	1.94	627190	4080	1187623	14
29	101	67.98	0	3.15	5.25	1.05	624697	3996	1177519	9
29	102	47.39	0	2.35	3.64	1.06	626040	3380	1173132	26
30	80	25.21	0	1.33	1.05	1.60	622440	1152	1161818	20
30	100	80.36	0	2.61	3.48	1.74	617460	3927	1174469	13
31	99	24.84	0	1.27	1.16	1.38	621131	1721	1169449	9
37	92	49.86	0	1.60	1.90	1.30	627390	3080	1159704	10
38	49	104.67	0	7.99	10.14	5.84	618750	2983	1187224	10
43	84	212.93	0	4.95	5.41	4.49	623652	5699	1150495	23
44	100	25.72	0	1.17	1.83	0.51	619174	2156	1175079	21
45	82	53.27	0	1.39	1.40	1.37	634012	2642	1165960	70
45	99	43.66	0	1.81	1.14	2.48	625050	1636	1160991	29
48	79	28.82	0	1.96	0.61	3.32	624673	985	1180871	11
66	88	91.50	0	2.34	2.95	1.72	616818	3946	1159236	67
67	87	179.70	0	3.88	6.35	1.41	606078	6264	1161031	113
78	102	38.58	0	1.76	2.66	0.85	629126	4172	1161029	31
79	100	34.85	0	2.37	4.03	0.72	623666	1601	1171740	13
84	245	24.25	0	1.87	0.43	3.30	523339	3031	751616	12
87	111	28.23	0	1.94	0.13	3.74	633980	1468	1141912	44
87	136	29.31	0	1.50	0.14	2.86	626905	1805	1136997	57
88	167	40.12	0	0.51	0.69	0.32	504956	786	1112236	19
93	149	80.20	0	3.49	3.53	3.45	599408	3617	1124043	3
94	110	34.92	0	1.84	2.57	1.11	634540	1234	1146254	14
94	148	26.61	0	1.38	1.94	0.83	607085	2563	1124221	4
94	152	58.52	0	3.71	4.36	3.05	587525	2374	1127157	7
95	147	32.32	0	1.52	1.78	1.27	597880	1806	1088417	11
95	151	25.68	0	1.68	1.40	1.96	593190	1816	1128665	7
110	133	39.16	0	2.80	1.25	4.34	629846	3378	1123056	19
112	121	181.17	0	13.51	14.53	12.49	609236	2525	1122326	31
113	128	44.02	0	1.64	2.01	1.26	621714	878	1126100	46
113	144	41.02	0	1.19	1.87	0.52	616660	675	1122595	88
114	150	27.27	0	1.67	0.73	2.61	589353	1515	1115970	17
133	145	62.96	0	3.93	7.02	0.84	613050	2079	1114093	35
134	144	25.66	0	1.59	2.87	0.31	616015	922	1109244	34
135	146	52.64	0	2.77	4.51	1.04	610525	1716	1111885	29
135	149	48.41	0	3.10	4.14	2.06	597375	2508	1117969	22
143	156	27.61	0	1.06	1.79	0.33	484136	630	1098385	60
157	167	69.08	0	1.49	2.38	0.60	412875	427	1090563	69
164	201	36.55	0	2.19	1.19	3.19	455970	1405	967292	29
166	190	51.77	0	1.92	0.55	3.29	426105	1021	1015654	14
167	199	176.76	0	3.18	1.60	4.75	477416	892	1017869	42
171	191	126.73	0	6.28	1.18	11.38	468548	622	1025773	18
173	203	39.50	0	1.43	1.37	1.49	501155	1183	1038776	10
216	252	44.63	0	3.18	0.78	5.58	450270	1613	665029	20
223	278	24.24	0	0.76	1.10	0.42	467337	2038	549336	19
231	253	25.21	0	1.37	0.69	2.04	346256	2019	577988	36
256	296	47.22	0	2.99	4.67	1.31	441393	1730	469888	15
274	287	28.55	0	1.20	1.52	0.88	424546	943	528481	11
278	306	29.50	0	0.70	0.52	0.87	410616	763	516918	7
296	313	33.35	0	1.52	0.91	2.14	446510	1291	567987	17
297	312	26.34	0	1.53	1.41	1.64	431453	1041	551114	15
305	318	86.81	0	5.89	9.33	2.46	490965	1474	708743	28
306	317	32.62	0	1.64	0.97	2.32	448054	1399	649370	12
330	342	25.24	0	3.29	1.98	4.60	532173	2524	853910	11
349	369	29.22	0	1.98	3.75	0.22	579373	1531	929892	19
350	371	55.51	0	3.74	7.06	0.42	569823	1075	882252	20
351	370	46.99	0	2.68	4.99	0.36	566490	1033	866064	23
351	373	48.61	0	4.22	5.17	3.27	571990	1608	892006	20
351	378	31.34	0	3.55	3.30	3.80	561141	2251	882300	11
352	369	26.12	0	1.12	2.06	0.19	580407	890	926826	21
354	391	30.92	0	0.70	1.01	0.39	590616	1290	978181	21
354	401	56.95	0	1.23	1.93	0.53	594708	2152	983441	7
354	414	40.88	0	0.86	1.36	0.36	616994	1250	993058	19
354	422	43.33	0	0.94	1.45	0.43	613231	1114	986700	19
358	416	36.01	0	1.49	0.15	2.82	606900	1366	976059	35
359	416	31.92	0	1.34	0.17	2.50	614552	1204	989454	31
361	391	30.62	0	0.91	1.43	0.38	599666	1433	1008092	27
361	401	27.71	0	0.77	1.29	0.25	603116	2306	1013632	9
362	371	48.22	0	1.67	2.98	0.36	599613	666	970149	13
362	390	37.64	0	1.53	2.31	0.75	598528	692	992710	29
362	392	35.72	0	1.25	2.19	0.31	604557	1968	1000620	14
362	402	28.32	0	0.96	1.71	0.20	604116	2099	1002102	7
362	421	36.38	0	1.33	2.23	0.43	614417	1078	991662	7
363	378	29.56	0	2.80	2.03	3.58	588186	1253	991554	13
370	405	24.97	0	1.72	0.17	3.28	587291	831	981020	21
382	403	26.58	0	1.20	2.00	0.41	613481	1198	1024243	11
382	410	32.63	0	1.50	2.47	0.52	608982	1000	1012559	14
394	405	26.15	0	2.07	0.72	3.43	595152	2477	1017580	14
397	420	35.80	0	1.50	1.79	1.21	574145	1230	921831	22
403	418	27.73	0	2.28	0.43	4.14	1186114	2446	2369339	35
422	453	34.91	0	1.31	0.35	2.28	560745	2088	1293410	53
432	489	54.21	0	1.11	1.32	0.90	540798	3472	1255583	15
492	574	27.20	0	1.27	0.54	2.01	499556	2725	1096465	33
498	581	151.65	0	5.02	4.96	5.08	478407	4880	1096812	70
499	580	57.69	0	2.41	3.56	1.25	516824	3646	1088258	67
508	524	61.18	0	5.27	8.00	2.54	407076	2267	1208790	57
509	523	79.37	0	5.70	8.72	2.68	386124	2095	1188917	67
511	522	73.94	0	5.07	7.41	2.73	315922	1099	1162253	60
514	530	102.81	0	6.28	2.31	10.24	326256	1179	1190606	14
515	529	182.43	0	6.32	4.59	8.06	330144	1416	1174968	6
536	694	33.96	0	1.49	2.61	0.37	341930	818	458654	51
547	687	30.99	0	1.46	2.15	0.77	344973	1542	448804	11
574	584	27.53	0	1.90	2.04	1.77	469328	2147	1064092	74
586	595	115.40	0	13.22	13.05	13.40	484297	2845	974357	26
613	669	30.38	0	1.77	1.66	1.88	1417625	1917	1458725	163
623	652	205.89	0	1.38	1.65	1.12	1454575	3064	1546413	116
624	641	167.91	0	1.80	2.47	1.13	1450945	1144	1556767	131
629	646	181.96	0	1.62	1.19	2.05	1430038	3153	1538774	33
629	656	46.90	0	3.81	0.30	7.32	1422167	3439	1505900	37
629	657	521.70	0	2.70	3.42	1.99	1436197	9884	1521499	41
630	668	48.99	0	1.98	0.20	3.76	1374124	3093	1390805	44
635	644	199.61	0	13.00	12.31	13.70	1374537	19652	1486180	47
636	665	29.74	0	1.12	1.76	0.47	1318890	12551	1382737	58
642	669	34.72	0	1.41	0.68	2.15	1392616	2332	1464520	73
655	678	99.28	0	2.78	4.40	1.15	1382166	13401	1442805	536
657	671	80.88	0	1.18	0.30	2.06	1409898	12731	1507405	49
671	748	57.62	0	1.39	1.47	1.31	1358770	7781	1505436	17
672	741	48.34	0	1.09	1.18	1.01	1317343	9650	1478196	136
672	747	40.58	0	1.01	0.99	1.04	1357988	6391	1494316	103
678	741	46.45	0	0.75	0.53	0.97	1340783	10570	1584605	316
678	747	101.03	0	1.88	1.18	2.58	1381510	7228	1599203	219
698	851	28.03	0	2.10	3.01	1.19	621612	6124	671646	7
709	743	112.48	0	4.19	1.36	7.02	1075973	2849	1923104	21
719	732	103.29	0	2.65	3.13	2.17	1282013	4656	1987971	80
723	738	51.73	0	1.16	1.82	0.50	1320391	1042	1967460	140
724	748	50.02	0	1.57	2.01	1.14	1255449	3070	1912532	43
727	834	40.00	0	1.53	0.64	2.41	840019	3219	718732	148
728	829	241.53	0	2.56	2.62	2.50	833527	9444	784903	64
728	833	50.46	0	0.85	0.55	1.16	844264	5039	736121	138
746	811	39.80	0	1.07	1.40	0.74	872530	2605	846516	187
754	775	34.44	0	1.32	2.01	0.62	1379774	2722	2020677	95
762	804	268.89	0	5.12	5.66	4.59	910551	6968	831931	8
766	810	24.09	0	0.79	0.94	0.64	833186	4997	830734	18
774	804	117.48	0	2.55	3.05	2.05	870093	2520	820610	78
775	806	43.04	0	1.83	0.78	2.88	869383	842	792175	47
804	814	206.41	0	3.08	3.54	2.62	896469	8879	776454	11
852	863	160.36	0	9.37	9.10	9.64	872826	12186	784852	10
872	881	189.30	0	9.19	7.72	10.66	861222	5691	826596	38
884	919	24.61	0	1.84	1.64	2.04	859931	7158	864466	12
904	916	82.69	0	6.94	2.98	10.90	919637	2395	882358	7
904	925	27.41	0	1.43	1.03	1.83	948632	2269	909702	5
912	921	60.48	0	6.78	6.94	6.62	910067	7279	900202	39
929	942	24.75	0	3.26	2.67	3.85	965335	8578	924756	17
931	943	39.60	0	5.08	3.56	6.60	951973	8111	915852	34
937	949	138.75	0	9.41	9.19	9.62	986992	5219	929603	75
