Nucleotide	Sequence	Modified_mutations	Modified_read_depth	Modified_effective_depth	Modified_rate	Modified_off_target_mapped_depth	Modified_low_mapq_mapped_depth	Modified_primer_pair_1_mapped_depth	Untreated_mutations	Untreated_read_depth	Untreated_effective_depth	Untreated_rate	Untreated_off_target_mapped_depth	Untreated_low_mapq_mapped_depth	Untreated_primer_pair_1_mapped_depth	Denatured_mutations	Denatured_read_depth	Denatured_effective_depth	Denatured_rate	Denatured_off_target_mapped_depth	Denatured_low_mapq_mapped_depth	Denatured_primer_pair_1_mapped_depth	Reactivity_profile	Std_err	HQ_profile	HQ_stderr	Norm_profile	Norm_stderr
1	c	0	56438	0	nan	319745	773	56438	0	620770	0	nan	9206	105	620770	0	0	0	nan	0	0	0	nan	nan	nan	nan	nan	nan
2	a	0	56770	0	nan	320590	775	56770	0	621619	0	nan	9210	105	621619	0	0	0	nan	0	0	0	nan	nan	nan	nan	nan	nan
3	g	0	56914	0	nan	320936	775	56914	0	622231	0	nan	9216	105	622231	0	0	0	nan	0	0	0	nan	nan	nan	nan	nan	nan
4	a	0	57038	0	nan	321032	775	57038	0	622332	0	nan	9216	105	622332	0	0	0	nan	0	0	0	nan	nan	nan	nan	nan	nan
5	u	0	57355	0	nan	321135	775	57355	0	622442	0	nan	9218	105	622442	0	0	0	nan	0	0	0	nan	nan	nan	nan	nan	nan
6	c	0	57519	0	nan	321210	775	57519	0	622469	0	nan	9218	105	622469	0	0	0	nan	0	0	0	nan	nan	nan	nan	nan	nan
7	a	0	57664	0	nan	321228	777	57664	0	622480	0	nan	9218	105	622480	0	0	0	nan	0	0	0	nan	nan	nan	nan	nan	nan
8	c	0	57785	0	nan	321244	777	57785	0	622486	0	nan	9218	105	622486	0	0	0	nan	0	0	0	nan	nan	nan	nan	nan	nan
9	u	0	57958	0	nan	321262	777	57958	0	622489	0	nan	9218	105	622489	0	0	0	nan	0	0	0	nan	nan	nan	nan	nan	nan
10	a	0	58147	0	nan	321278	777	58147	0	622492	0	nan	9219	105	622492	0	0	0	nan	0	0	0	nan	nan	nan	nan	nan	nan
11	g	0	58300	0	nan	321295	777	58300	0	622496	0	nan	9219	105	622496	0	0	0	nan	0	0	0	nan	nan	nan	nan	nan	nan
12	a	0	58300	0	nan	321481	777	58300	0	622498	0	nan	9220	105	622496	0	0	0	nan	0	0	0	nan	nan	nan	nan	nan	nan
13	a	0	58300	0	nan	321607	777	58300	0	622503	0	nan	9220	105	622496	0	0	0	nan	0	0	0	nan	nan	nan	nan	nan	nan
14	g	0	58300	0	nan	321785	777	58300	0	622503	0	nan	9220	105	622496	0	0	0	nan	0	0	0	nan	nan	nan	nan	nan	nan
15	c	0	58300	0	nan	322028	777	58300	0	622529	0	nan	9222	105	622496	0	0	0	nan	0	0	0	nan	nan	nan	nan	nan	nan
16	u	0	58300	0	nan	322143	777	58300	0	622530	0	nan	9222	105	622496	0	0	0	nan	0	0	0	nan	nan	nan	nan	nan	nan
17	u	0	58300	0	nan	322382	777	58300	0	622530	0	nan	9222	105	622496	0	0	0	nan	0	0	0	nan	nan	nan	nan	nan	nan
18	u	0	58300	0	nan	322558	777	58300	0	622530	0	nan	9222	105	622496	0	0	0	nan	0	0	0	nan	nan	nan	nan	nan	nan
19	a	0	58300	0	nan	322760	778	58300	0	622530	0	nan	9223	105	622496	0	0	0	nan	0	0	0	nan	nan	nan	nan	nan	nan
20	u	0	58300	0	nan	322887	778	58300	0	622530	0	nan	9224	105	622496	0	0	0	nan	0	0	0	nan	nan	nan	nan	nan	nan
21	u	0	58300	0	nan	323084	778	58300	0	622530	0	nan	9224	105	622496	0	0	0	nan	0	0	0	nan	nan	nan	nan	nan	nan
22	g	0	58300	0	nan	323140	778	58300	0	622530	0	nan	9225	105	622496	0	0	0	nan	0	0	0	nan	nan	nan	nan	nan	nan
23	c	0	58300	0	nan	323378	778	58300	0	622531	0	nan	9226	105	622496	0	0	0	nan	0	0	0	nan	nan	nan	nan	nan	nan
24	g	0	58300	0	nan	323591	779	58300	0	620762	0	nan	9226	104	620727	0	0	0	nan	0	0	0	nan	nan	nan	nan	nan	nan
25	g	0	58300	0	nan	323705	779	58300	0	619429	0	nan	9227	104	619393	0	0	0	nan	0	0	0	nan	nan	nan	nan	nan	nan
26	U	0	58300	54157	0.000000	323280	779	58300	0	618073	509315	0.000000	9226	103	618037	0	0	0	nan	0	0	0	0.000000	0.000000	0.000000	0.000000	0.000000	0.000000
27	A	1028	58300	52876	0.019442	322879	778	58300	275	616842	516100	0.000533	9227	102	616806	0	0	0	nan	0	0	0	0.018909	0.000607	0.018909	0.000607	0.276318	0.008870
28	G	976	58300	52909	0.018447	322748	778	58300	1336	615785	509884	0.002620	9228	101	615748	0	0	0	nan	0	0	0	0.015827	0.000595	0.015827	0.000595	0.231280	0.008695
29	U	676	58300	54645	0.012371	322561	778	58300	896	614670	512847	0.001747	9229	98	614633	0	0	0	nan	0	0	0	0.010624	0.000479	0.010624	0.000479	0.155249	0.007000
30	U	1040	58300	54009	0.019256	322235	776	58300	285	613318	518593	0.000550	9229	96	613280	0	0	0	nan	0	0	0	0.018706	0.000598	0.018706	0.000598	0.273351	0.008739
31	U	982	58300	52995	0.018530	321757	774	58300	190	612076	518188	0.000367	9230	96	612038	0	0	0	nan	0	0	0	0.018163	0.000592	0.018163	0.000592	0.265416	0.008651
32	A	2227	58300	51648	0.043119	320853	772	58300	343	610358	531289	0.000646	9231	95	610320	0	0	0	nan	0	0	0	0.042473	0.000914	0.042473	0.000914	0.620659	0.013356
33	U	584	58300	50779	0.011501	320345	772	58300	376	608624	519668	0.000724	9231	92	608586	0	0	0	nan	0	0	0	0.010777	0.000477	0.010777	0.000477	0.157485	0.006970
34	C	3046	58300	49216	0.061890	318604	752	58300	207	605458	512270	0.000404	9232	87	605420	0	0	0	nan	0	0	0	0.061486	0.001122	0.061486	0.001122	0.898497	0.016396
35	A	4289	58300	52043	0.082413	318141	751	58300	444	603759	504633	0.000880	9229	87	603720	0	0	0	nan	0	0	0	0.081533	0.001259	0.081533	0.001259	1.191444	0.018398
36	C	2861	58300	52563	0.054430	317551	750	58300	178	602209	503127	0.000354	9228	85	602170	0	0	0	nan	0	0	0	0.054076	0.001018	0.054076	0.001018	0.790214	0.014876
37	A	1344	58300	52588	0.025557	317069	741	58300	355	600493	490005	0.000724	9222	85	600452	0	0	0	nan	0	0	0	0.024833	0.000698	0.024833	0.000698	0.362885	0.010200
38	G	481	58300	52305	0.009196	316609	730	58300	603	598761	481297	0.001253	9219	84	598720	0	0	0	nan	0	0	0	0.007943	0.000422	0.007943	0.000422	0.116071	0.006167
39	U	665	58300	51701	0.012862	316076	711	58300	330	597538	482761	0.000684	9217	83	597497	0	0	0	nan	0	0	0	0.012179	0.000500	0.012179	0.000500	0.177972	0.007307
40	U	1324	58300	50434	0.026252	315478	700	58300	405	594608	487225	0.000831	9213	82	594565	0	0	0	nan	0	0	0	0.025421	0.000723	0.025421	0.000723	0.371478	0.010565
41	A	1262	58300	47833	0.026383	312726	565	58300	481	591284	465422	0.001033	9203	61	591241	0	0	0	nan	0	0	0	0.025350	0.000744	0.025350	0.000744	0.370440	0.010872
42	A	4742	58300	50302	0.094271	312064	563	58300	477	589363	461159	0.001034	9203	60	589320	0	0	0	nan	0	0	0	0.093236	0.001370	0.093236	0.001370	1.362461	0.020020
43	A	4616	58300	52499	0.087925	311518	560	58300	370	587608	463199	0.000799	9200	59	587565	0	0	0	nan	0	0	0	0.087127	0.001295	0.087127	0.001295	1.273190	0.018924
44	U	692	58300	53216	0.013004	310951	543	58300	268	585001	478649	0.000560	9199	55	584958	0	0	0	nan	0	0	0	0.012444	0.000496	0.012444	0.000496	0.181845	0.007248
45	U	526	58300	53031	0.009919	310518	541	58300	193	583285	476399	0.000405	9198	53	583242	0	0	0	nan	0	0	0	0.009514	0.000433	0.009514	0.000433	0.139028	0.006327
46	G	439	58300	52604	0.008345	309968	534	58300	944	581198	470053	0.002008	9197	51	581154	0	0	0	nan	0	0	0	0.006337	0.000404	0.006337	0.000404	0.092603	0.005904
47	C	1646	58300	52693	0.031238	309504	525	58300	268	579445	461637	0.000581	9196	50	579399	0	0	0	nan	0	0	0	0.030657	0.000771	0.030657	0.000771	0.447992	0.011267
48	U	334	58300	50994	0.006550	308889	520	58300	218	577340	465136	0.000469	9156	49	577293	0	0	0	nan	0	0	0	0.006081	0.000360	0.006081	0.000360	0.088862	0.005261
49	A	915	58300	49598	0.018448	308122	512	58300	301	574747	459579	0.000655	9150	48	574699	0	0	0	nan	0	0	0	0.017793	0.000611	0.017793	0.000611	0.260010	0.008929
50	A	3482	58300	50568	0.068858	307135	503	58300	322	571251	466699	0.000690	9145	48	571200	0	0	0	nan	0	0	0	0.068168	0.001168	0.068168	0.001168	0.996141	0.017068
51	C	4273	58300	50731	0.084229	306335	494	58300	192	567252	446621	0.000430	9137	42	567202	0	0	0	nan	0	0	0	0.083799	0.001289	0.083799	0.001289	1.224557	0.018836
52	G	604	58300	51122	0.011815	305369	479	58300	796	563430	443579	0.001794	9128	42	563376	0	0	0	nan	0	0	0	0.010020	0.000485	0.010020	0.000485	0.146423	0.007087
53	C	1154	58300	50039	0.023062	304480	477	58300	190	560277	429089	0.000443	9125	42	560222	0	0	0	nan	0	0	0	0.022619	0.000680	0.022619	0.000680	0.330532	0.009937
54	A	3262	58300	51070	0.063873	303534	473	58300	237	557196	419090	0.000566	9020	39	557139	0	0	0	nan	0	0	0	0.063308	0.001119	0.063308	0.001119	0.925122	0.016352
55	G	519	58300	51315	0.010114	302986	472	58300	217	554356	412371	0.000526	8987	38	554297	0	0	0	nan	0	0	0	0.009588	0.000445	0.009588	0.000445	0.140110	0.006503
56	U	1791	58300	51409	0.034838	302309	467	58300	548	552303	411005	0.001333	8965	36	552240	0	0	0	nan	0	0	0	0.033505	0.000825	0.033505	0.000825	0.489610	0.012056
57	C	2429	58300	50922	0.047700	301762	465	58300	213	550357	438705	0.000486	8957	32	550290	0	0	0	nan	0	0	0	0.047215	0.000968	0.047215	0.000968	0.689954	0.014145
58	A	1955	58300	50710	0.038553	301047	449	58300	280	547689	430622	0.000650	8746	31	547620	0	0	0	nan	0	0	0	0.037902	0.000873	0.037902	0.000873	0.553863	0.012757
59	G	789	58300	50876	0.015508	300272	446	58300	219	544446	434570	0.000504	8710	30	544371	0	0	0	nan	0	0	0	0.015004	0.000553	0.015004	0.000553	0.219254	0.008081
60	U	967	58300	49456	0.019553	299502	438	58300	325	541878	432549	0.000751	8694	30	541796	0	0	0	nan	0	0	0	0.018801	0.000630	0.018801	0.000630	0.274740	0.009206
61	G	653	58300	47752	0.013675	298608	409	58300	633	538823	408536	0.001549	8680	29	538735	0	0	0	nan	0	0	0	0.012125	0.000539	0.012125	0.000539	0.177183	0.007876
62	G	268	58300	47126	0.005687	297938	405	58300	752	535857	393258	0.001912	8677	28	535757	0	0	0	nan	0	0	0	0.003775	0.000354	0.003775	0.000354	0.055164	0.005173
63	G	321	58300	46519	0.006900	297318	404	58300	1006	533329	385548	0.002609	8673	28	533219	0	0	0	nan	0	0	0	0.004291	0.000394	0.004291	0.000394	0.062705	0.005758
64	C	675	58300	46746	0.014440	296748	398	58300	544	530838	400729	0.001358	8673	28	530714	0	0	0	nan	0	0	0	0.013082	0.000559	0.013082	0.000559	0.191168	0.008169
65	C	1553	58300	46758	0.033214	296063	385	58300	200	528600	413003	0.000484	8665	27	528466	0	0	0	nan	0	0	0	0.032729	0.000844	0.032729	0.000844	0.478270	0.012333
66	U	889	58300	46371	0.019171	295291	371	58300	421	526383	419634	0.001003	8657	27	526236	0	0	0	nan	0	0	0	0.018168	0.000645	0.018168	0.000645	0.265490	0.009425
67	C	4833	58300	45805	0.105512	294610	368	58300	260	523184	404936	0.000642	8650	24	523027	0	0	0	nan	0	0	0	0.104870	0.001518	0.104870	0.001518	1.532469	0.022183
68	G	399	58300	44958	0.008875	293725	364	58300	573	519026	381789	0.001501	8651	24	518846	0	0	0	nan	0	0	0	0.007374	0.000449	0.007374	0.000449	0.107756	0.006561
69	G	814	58300	44930	0.018117	293219	364	58300	736	516323	380754	0.001933	8647	24	516124	0	0	0	nan	0	0	0	0.016184	0.000639	0.016184	0.000639	0.236497	0.009338
70	C	3808	58300	46040	0.082711	292661	360	58300	246	514559	381680	0.000645	8647	25	514344	0	0	0	nan	0	0	0	0.082066	0.001341	0.082066	0.001341	1.199233	0.019596
71	G	255	58300	46557	0.005477	292044	357	58300	505	512242	383242	0.001318	8651	24	512015	0	0	0	nan	0	0	0	0.004159	0.000348	0.004159	0.000348	0.060776	0.005085
72	G	489	58300	46282	0.010566	291378	356	58300	984	510046	380647	0.002585	8648	24	509807	0	0	0	nan	0	0	0	0.007981	0.000485	0.007981	0.000485	0.116627	0.007087
73	C	1372	58300	47153	0.029097	290727	356	58300	1056	507708	389718	0.002710	8649	24	507464	0	0	0	nan	0	0	0	0.026387	0.000790	0.026387	0.000790	0.385594	0.011544
74	C	1339	58300	47236	0.028347	289906	353	58300	538	504922	383607	0.001402	8647	25	504670	0	0	0	nan	0	0	0	0.026945	0.000777	0.026945	0.000777	0.393748	0.011354
75	A	3737	58300	47410	0.078823	289906	355	58300	247	501822	358874	0.000688	8639	26	501555	0	0	0	nan	0	0	0	0.078135	0.001290	0.078135	0.001290	1.141789	0.018851
76	A	4576	58300	50578	0.090474	289285	355	58300	272	499401	341298	0.000797	8635	26	499128	0	0	0	nan	0	0	0	0.089677	0.001338	0.089677	0.001338	1.310453	0.019552
77	G	473	58300	52009	0.009095	288706	356	58300	421	496650	348061	0.001210	8634	26	496366	0	0	0	nan	0	0	0	0.007885	0.000422	0.007885	0.000422	0.115224	0.006167
78	C	2574	58300	53767	0.047873	288059	355	58300	298	494711	346975	0.000859	8624	27	494420	0	0	0	nan	0	0	0	0.047014	0.000945	0.047014	0.000945	0.687017	0.013809
79	U	406	58300	54249	0.007484	287422	354	58300	169	492606	366553	0.000461	8620	27	492296	0	0	0	nan	0	0	0	0.007023	0.000373	0.007023	0.000373	0.102627	0.005451
80	U	440	58300	53841	0.008172	286746	352	58300	227	490660	363092	0.000625	8620	27	490342	0	0	0	nan	0	0	0	0.007547	0.000392	0.007547	0.000392	0.110285	0.005728
81	G	340	58300	52935	0.006423	285853	349	58300	480	488345	359645	0.001335	8619	27	488007	0	0	0	nan	0	0	0	0.005088	0.000354	0.005088	0.000354	0.074351	0.005173
82	G	683	58300	53099	0.012863	285065	335	58300	1228	486631	364576	0.003368	8613	27	486270	0	0	0	nan	0	0	0	0.009494	0.000501	0.009494	0.000501	0.138736	0.007321
83	C	1546	58300	52474	0.029462	284489	333	58300	253	484982	363887	0.000695	8611	27	484613	0	0	0	nan	0	0	0	0.028767	0.000751	0.028767	0.000751	0.420373	0.010974
84	A	1946	58300	52208	0.037274	283251	323	58300	205	483377	357354	0.000574	8606	28	482989	0	0	0	nan	0	0	0	0.036700	0.000846	0.036700	0.000846	0.536298	0.012363
85	A	2976	58300	52908	0.056249	282585	321	58300	254	481250	348936	0.000728	8605	28	480850	0	0	0	nan	0	0	0	0.055521	0.001032	0.055521	0.001032	0.811330	0.015081
86	U	476	58300	53058	0.008971	281830	314	58300	1068	478904	351259	0.003040	8601	28	478495	0	0	0	nan	0	0	0	0.005931	0.000422	0.005931	0.000422	0.086670	0.006167
87	C	2422	58300	54096	0.044772	281079	313	58300	188	476979	360840	0.000521	8601	28	476546	0	0	0	nan	0	0	0	0.044251	0.000911	0.044251	0.000911	0.646641	0.013312
88	C	1852	58300	53882	0.034371	280109	313	58300	231	474503	352786	0.000655	8601	28	474026	0	0	0	nan	0	0	0	0.033717	0.000800	0.033717	0.000800	0.492708	0.011690
89	G	629	58300	51913	0.012116	279109	312	58300	955	471701	336810	0.002835	8600	27	471191	0	0	0	nan	0	0	0	0.009281	0.000492	0.009281	0.000492	0.135624	0.007190
90	G	286	58300	51447	0.005559	278138	312	58300	299	469386	330641	0.000904	8599	27	468838	0	0	0	nan	0	0	0	0.004655	0.000333	0.004655	0.000333	0.068024	0.004866
91	U	629	58300	50080	0.012560	276740	297	58300	219	467184	327654	0.000668	8591	27	466611	0	0	0	nan	0	0	0	0.011892	0.000503	0.011892	0.000503	0.173778	0.007350
92	A	3767	58300	51913	0.072564	276104	297	58300	191	465744	343847	0.000555	8591	27	465159	0	0	0	nan	0	0	0	0.072008	0.001183	0.072008	0.001183	1.052255	0.017287
93	C	2346	58300	53454	0.043888	275664	296	58300	107	464058	349010	0.000307	8589	26	463463	0	0	0	nan	0	0	0	0.043582	0.000907	0.043582	0.000907	0.636865	0.013254
94	U	325	58300	53762	0.006045	275063	290	58300	143	462719	353748	0.000404	8589	26	462110	0	0	0	nan	0	0	0	0.005641	0.000337	0.005641	0.000337	0.082432	0.004925
95	G	531	58300	53317	0.009959	274534	287	58300	312	461220	366683	0.000851	8589	26	460579	0	0	0	nan	0	0	0	0.009108	0.000435	0.009108	0.000435	0.133095	0.006357
96	U	763	58300	53283	0.014320	273922	286	58300	200	459946	369980	0.000541	8589	28	459272	0	0	0	nan	0	0	0	0.013779	0.000520	0.013779	0.000520	0.201353	0.007599
97	U	470	58300	52787	0.008904	273278	285	58300	173	457794	363067	0.000476	8588	28	457094	0	0	0	nan	0	0	0	0.008427	0.000412	0.008427	0.000412	0.123144	0.006021
98	G	933	58300	51154	0.018239	272488	284	58300	1052	454987	336371	0.003127	8588	30	454239	0	0	0	nan	0	0	0	0.015112	0.000605	0.015112	0.000605	0.220832	0.008841
99	G	495	58300	50811	0.009742	271774	284	58300	304	453170	321411	0.000946	8586	29	452362	0	0	0	nan	0	0	0	0.008796	0.000441	0.008796	0.000441	0.128536	0.006444
100	U	595	58300	48854	0.012179	271063	284	58300	258	451615	322746	0.000799	8584	29	450780	0	0	0	nan	0	0	0	0.011380	0.000502	0.011380	0.000502	0.166296	0.007336
101	A	2193	58300	46350	0.047314	270298	284	58300	400	449914	326618	0.001225	8578	29	449037	0	0	0	nan	0	0	0	0.046089	0.001012	0.046089	0.001012	0.673500	0.014788
102	A	4887	58300	49751	0.098229	269382	283	58300	245	448329	333275	0.000735	8578	29	447425	0	0	0	nan	0	0	0	0.097494	0.001406	0.097494	0.001406	1.424683	0.020546
103	A	3217	58300	50074	0.064245	268772	282	58300	176	446526	328154	0.000536	8578	29	445612	0	0	0	nan	0	0	0	0.063709	0.001133	0.063709	0.001133	0.930982	0.016557
104	G	519	58300	50286	0.010321	268281	283	58300	745	444672	329035	0.002264	8576	29	443731	0	0	0	nan	0	0	0	0.008057	0.000461	0.008057	0.000461	0.117737	0.006737
105	C	807	58300	49466	0.016314	267832	282	58300	260	443203	322329	0.000807	8576	30	442241	0	0	0	nan	0	0	0	0.015508	0.000576	0.015508	0.000576	0.226619	0.008417
106	C	569	58300	49231	0.011558	267365	283	58300	165	441485	330688	0.000499	8573	30	440509	0	0	0	nan	0	0	0	0.011059	0.000486	0.011059	0.000486	0.161606	0.007102
107	A	3818	58300	51065	0.074767	266422	282	58300	235	439852	337583	0.000696	8565	30	438835	0	0	0	nan	0	0	0	0.074071	0.001211	0.074071	0.001211	1.082402	0.017696
108	C	1804	58300	51774	0.034844	265913	281	58300	176	437760	340118	0.000517	8563	31	436704	0	0	0	nan	0	0	0	0.034326	0.000821	0.034326	0.000821	0.501607	0.011997
109	C	1719	58300	51479	0.033392	264902	283	58300	145	434860	330911	0.000438	8563	32	433765	0	0	0	nan	0	0	0	0.032954	0.000806	0.032954	0.000806	0.481558	0.011778
110	A	3119	58300	51442	0.060631	263862	283	58300	222	432705	318640	0.000697	8561	32	431573	0	0	0	nan	0	0	0	0.059935	0.001087	0.059935	0.001087	0.875832	0.015884
111	U	599	58300	51719	0.011582	263141	283	58300	151	430364	307219	0.000492	8558	32	429192	0	0	0	nan	0	0	0	0.011090	0.000475	0.011090	0.000475	0.162059	0.006941
112	G	343	58300	51205	0.006699	262474	284	58300	450	428946	301011	0.001495	8555	32	427749	0	0	0	nan	0	0	0	0.005204	0.000368	0.005204	0.000368	0.076046	0.005378
113	G	289	58300	51036	0.005663	261681	283	58300	477	427523	310727	0.001535	8548	34	426299	0	0	0	nan	0	0	0	0.004128	0.000340	0.004128	0.000340	0.060323	0.004968
114	U	209	58300	50713	0.004121	260509	284	58300	463	423592	307288	0.001507	6979	29	422365	0	0	0	nan	0	0	0	0.002615	0.000294	0.002615	0.000294	0.038213	0.004296
115	C	499	58300	51799	0.009633	260000	283	58300	1885	422422	329982	0.005712	6973	28	421151	0	0	0	nan	0	0	0	0.003921	0.000451	0.003921	0.000451	0.057298	0.006590
116	U	201	58300	51520	0.003901	259482	283	58300	363	421436	334066	0.001087	6972	29	420110	0	0	0	nan	0	0	0	0.002815	0.000281	0.002815	0.000281	0.041136	0.004106
117	U	210	58300	47446	0.004426	258872	296	58300	393	419795	341864	0.001150	6972	31	418401	0	0	0	nan	0	0	0	0.003277	0.000311	0.003277	0.000311	0.047887	0.004545
118	C	572	58300	44774	0.012775	258052	296	58300	95	417384	328368	0.000289	6972	31	415905	0	0	0	nan	0	0	0	0.012486	0.000535	0.012486	0.000535	0.182458	0.007818
119	A	3918	58300	43909	0.089230	256566	293	58300	246	415426	320264	0.000768	6972	36	413837	0	0	0	nan	0	0	0	0.088462	0.001426	0.088462	0.001426	1.292698	0.020838
120	C	5319	58300	42979	0.123758	256599	373	58300	123	413881	311816	0.000394	6973	41	412215	0	0	0	nan	0	0	0	0.123364	0.001697	0.123364	0.001697	1.802722	0.024798
121	A	3315	58300	43538	0.076140	255335	373	58300	194	411802	313846	0.000618	6973	41	410055	0	0	0	nan	0	0	0	0.075522	0.001323	0.075522	0.001323	1.103605	0.019333
122	C	5019	58300	44266	0.113383	254541	375	58300	87	409544	308560	0.000282	6973	41	407742	0	0	0	nan	0	0	0	0.113101	0.001601	0.113101	0.001601	1.652748	0.023395
123	U	1418	58300	47120	0.030093	253067	375	58300	213	406670	317974	0.000670	6973	39	404819	0	0	0	nan	0	0	0	0.029424	0.000800	0.029424	0.000800	0.429974	0.011690
124	C	4989	58300	48408	0.103061	251328	375	58300	151	401610	301679	0.000501	6973	39	399694	0	0	0	nan	0	0	0	0.102561	0.001460	0.102561	0.001460	1.498727	0.021335
125	G	189	58300	43777	0.004317	248303	370	58300	152	391753	255266	0.000595	6973	39	389729	0	0	0	nan	0	0	0	0.003722	0.000318	0.003722	0.000318	0.054390	0.004647
126	A	1250	58300	40022	0.031233	246129	369	58300	213	386667	215240	0.000990	6973	39	384580	0	0	0	nan	0	0	0	0.030243	0.000886	0.030243	0.000886	0.441942	0.012947
127	A	1329	58300	40528	0.032792	244924	382	58300	251	383925	208698	0.001203	6973	39	381780	0	0	0	nan	0	0	0	0.031589	0.000903	0.031589	0.000903	0.461611	0.013196
128	G	250	58300	40474	0.006177	244190	385	58300	80	382202	213700	0.000374	6973	37	380002	0	0	0	nan	0	0	0	0.005802	0.000393	0.005802	0.000393	0.084785	0.005743
129	A	2034	58300	44037	0.046188	243112	384	58300	529	379669	227552	0.002325	6972	37	377446	0	0	0	nan	0	0	0	0.043864	0.001029	0.043864	0.001029	0.640986	0.015037
130	U	321	58300	44420	0.007226	242491	388	58300	283	377859	234268	0.001208	6956	35	375605	0	0	0	nan	0	0	0	0.006018	0.000410	0.006018	0.000410	0.087941	0.005991
131	U	776	58300	47989	0.016170	241856	388	58300	155	376503	270043	0.000574	6949	33	374202	0	0	0	nan	0	0	0	0.015596	0.000582	0.015596	0.000582	0.227905	0.008505
132	U	862	58300	48123	0.017912	241138	391	58300	212	375241	276831	0.000766	6949	33	372862	0	0	0	nan	0	0	0	0.017147	0.000612	0.017147	0.000612	0.250570	0.008943
133	C	3015	58300	47956	0.062870	240102	389	58300	126	373379	268028	0.000470	6949	31	370965	0	0	0	nan	0	0	0	0.062400	0.001146	0.062400	0.001146	0.911853	0.016747
134	G	1043	58300	49080	0.021251	239320	388	58300	266	371123	266352	0.000999	6949	31	368629	0	0	0	nan	0	0	0	0.020252	0.000661	0.020252	0.000661	0.295943	0.009659
135	U	388	58300	48308	0.008032	238622	389	58300	129	369466	267139	0.000483	6944	31	366904	0	0	0	nan	0	0	0	0.007549	0.000410	0.007549	0.000410	0.110314	0.005991
136	U	402	58300	47481	0.008467	237304	388	58300	118	366026	255852	0.000461	6944	30	363385	0	0	0	nan	0	0	0	0.008005	0.000424	0.008005	0.000424	0.116977	0.006196
137	G	852	58300	45276	0.018818	234840	389	58300	875	360176	233239	0.003752	6944	29	357487	0	0	0	nan	0	0	0	0.015066	0.000657	0.015066	0.000657	0.220160	0.009601
138	G	323	58300	45378	0.007118	233102	387	58300	299	357181	224472	0.001332	6944	29	354446	0	0	0	nan	0	0	0	0.005786	0.000403	0.005786	0.000403	0.084551	0.005889
139	G	154	58300	44742	0.003442	231583	385	58300	207	354712	230153	0.000899	6944	29	351916	0	0	0	nan	0	0	0	0.002543	0.000284	0.002543	0.000284	0.037161	0.004150
140	G	201	58300	42153	0.004768	230204	382	58300	118	352601	218046	0.000541	6944	29	349682	0	0	0	nan	0	0	0	0.004227	0.000340	0.004227	0.000340	0.061769	0.004968
141	A	2620	58300	42723	0.061325	228847	377	58300	229	350665	223170	0.001026	6941	29	347659	0	0	0	nan	0	0	0	0.060299	0.001200	0.060299	0.001200	0.881151	0.017536
142	C	2971	58300	42184	0.070430	228150	374	58300	66	349377	219345	0.000301	6941	28	346323	0	0	0	nan	0	0	0	0.070129	0.001293	0.070129	0.001293	1.024797	0.018895
143	U	396	58300	44902	0.008819	227538	367	58300	180	347989	244073	0.000737	6941	29	344899	0	0	0	nan	0	0	0	0.008082	0.000447	0.008082	0.000447	0.118103	0.006532
144	G	228	58300	44433	0.005131	226487	364	58300	239	345793	242925	0.000984	6941	29	342646	0	0	0	nan	0	0	0	0.004147	0.000346	0.004147	0.000346	0.060600	0.005056
145	G	309	58300	45649	0.006769	225145	361	58300	494	343502	252926	0.001953	6941	29	340312	0	0	0	nan	0	0	0	0.004816	0.000395	0.004816	0.000395	0.070376	0.005772
146	C	982	58300	44136	0.022249	223768	360	58300	153	340813	247426	0.000618	6940	29	337576	0	0	0	nan	0	0	0	0.021631	0.000712	0.021631	0.000712	0.316094	0.010404
147	G	226	58300	40550	0.005573	222237	351	58300	134	337636	211096	0.000635	6940	29	334349	0	0	0	nan	0	0	0	0.004939	0.000375	0.004939	0.000375	0.072174	0.005480
148	A	2478	58300	40160	0.061703	220580	353	58300	247	334283	211778	0.001166	6940	29	330951	0	0	0	nan	0	0	0	0.060537	0.001242	0.060537	0.001242	0.884629	0.018149
149	C	2531	58300	39672	0.063798	220158	377	58300	55	332745	207968	0.000264	6940	29	329398	0	0	0	nan	0	0	0	0.063534	0.001269	0.063534	0.001269	0.928424	0.018544
150	A	3571	58300	42333	0.084355	219075	382	58300	164	330244	234009	0.000701	6940	29	326881	0	0	0	nan	0	0	0	0.083654	0.001413	0.083654	0.001413	1.222439	0.020648
151	G	434	58300	42283	0.010264	218294	393	58300	88	327728	224887	0.000391	6940	29	324344	0	0	0	nan	0	0	0	0.009873	0.000494	0.009873	0.000494	0.144274	0.007219
152	A	1617	58300	42944	0.037654	217531	399	58300	129	325774	231350	0.000558	6940	29	322373	0	0	0	nan	0	0	0	0.037096	0.000938	0.037096	0.000938	0.542085	0.013707
153	C	2615	58300	43987	0.059449	216995	402	58300	83	324641	230360	0.000360	6939	29	321219	0	0	0	nan	0	0	0	0.059089	0.001163	0.059089	0.001163	0.863469	0.016995
154	A	1985	58300	45131	0.043983	216349	402	58300	80	323227	228867	0.000350	6939	29	319783	0	0	0	nan	0	0	0	0.043634	0.000988	0.043634	0.000988	0.637625	0.014438
155	G	325	58300	45678	0.007115	215782	405	58300	324	321612	226858	0.001428	6939	29	318145	0	0	0	nan	0	0	0	0.005687	0.000403	0.005687	0.000403	0.083104	0.005889
156	C	1225	58300	45711	0.026799	215003	398	58300	89	320482	232946	0.000382	6939	28	316984	0	0	0	nan	0	0	0	0.026417	0.000767	0.026417	0.000767	0.386032	0.011208
157	C	999	58300	45889	0.021770	214299	406	58300	154	319106	235950	0.000653	6935	28	315577	0	0	0	nan	0	0	0	0.021117	0.000691	0.021117	0.000691	0.308583	0.010098
158	G	374	58300	43137	0.008670	213394	406	58300	296	316728	222250	0.001332	6935	28	313170	0	0	0	nan	0	0	0	0.007338	0.000455	0.007338	0.000455	0.107230	0.006649
159	G	544	58300	42673	0.012748	212256	405	58300	1001	314969	218675	0.004578	6933	28	311365	0	0	0	nan	0	0	0	0.008171	0.000565	0.008171	0.000565	0.119403	0.008256
160	C	5286	58300	42174	0.125338	211362	409	58300	105	313467	217956	0.000482	6936	28	309835	0	0	0	nan	0	0	0	0.124856	0.001725	0.124856	0.001725	1.824525	0.025207
161	U	317	58300	39810	0.007963	210820	444	58300	93	311580	195290	0.000476	6935	28	307934	0	0	0	nan	0	0	0	0.007487	0.000450	0.007487	0.000450	0.109408	0.006576
162	A	1450	58300	40178	0.036089	210005	464	58300	192	309750	201358	0.000954	6935	28	306095	0	0	0	nan	0	0	0	0.035136	0.000950	0.035136	0.000950	0.513443	0.013882
163	C	667	58300	41215	0.016183	209923	487	58300	58	309122	201687	0.000288	6935	28	305451	0	0	0	nan	0	0	0	0.015896	0.000628	0.015896	0.000628	0.232289	0.009177
164	A	801	58300	41072	0.019502	209102	488	58300	121	308005	217335	0.000557	6935	28	304326	0	0	0	nan	0	0	0	0.018946	0.000691	0.018946	0.000691	0.276858	0.010098
165	A	1150	58300	43565	0.026397	208071	489	58300	148	306448	216869	0.000682	6935	28	302759	0	0	0	nan	0	0	0	0.025715	0.000780	0.025715	0.000780	0.375774	0.011398
166	C	1669	58300	43027	0.038790	207039	489	58300	93	305146	221550	0.000420	6935	28	301436	0	0	0	nan	0	0	0	0.038370	0.000950	0.038370	0.000950	0.560702	0.013882
167	C	387	58300	43498	0.008897	205259	497	58300	61	302726	228914	0.000266	6935	28	298986	0	0	0	nan	0	0	0	0.008630	0.000454	0.008630	0.000454	0.126110	0.006634
168	U	65	58300	42465	0.001531	203430	491	58300	128	300263	218324	0.000586	6935	28	296482	0	0	0	nan	0	0	0	0.000944	0.000197	0.000944	0.000197	0.013795	0.002879
169	G	85	58300	37739	0.002252	200982	493	58300	172	297941	188415	0.000913	6933	28	294127	0	0	0	nan	0	0	0	0.001339	0.000254	0.001339	0.000254	0.019567	0.003712
170	G	98	58300	35013	0.002799	198325	486	58300	146	294614	167440	0.000872	6932	28	290774	0	0	0	nan	0	0	0	0.001927	0.000292	0.001927	0.000292	0.028159	0.004267
171	A	460	58300	34392	0.013375	195555	488	58300	128	292328	169405	0.000756	6931	29	288462	0	0	0	nan	0	0	0	0.012620	0.000627	0.012620	0.000627	0.184416	0.009162
172	C	139	58300	32911	0.004224	193476	483	58300	71	290315	182917	0.000388	6934	30	286430	0	0	0	nan	0	0	0	0.003835	0.000361	0.003835	0.000361	0.056041	0.005275
173	C	414	58300	34412	0.012031	190437	478	58300	85	288066	194065	0.000438	6934	30	284143	0	0	0	nan	0	0	0	0.011593	0.000593	0.011593	0.000593	0.169409	0.008666
174	A	1617	58300	27090	0.059690	187538	475	58300	108	285385	171824	0.000629	6934	30	281434	0	0	0	nan	0	0	0	0.059061	0.001486	0.059061	0.001486	0.863060	0.021715
175	A	2642	58300	28159	0.093824	184077	487	58300	121	282938	153047	0.000791	6935	30	278961	0	0	0	nan	0	0	0	0.093034	0.001827	0.093034	0.001827	1.359509	0.026698
176	G	103	58300	25345	0.004064	182725	484	58300	67	280888	155565	0.000431	6935	30	276878	0	0	0	nan	0	0	0	0.003633	0.000404	0.003633	0.000404	0.053089	0.005904
177	U	316	58300	28860	0.010949	180576	478	58300	686	279131	165226	0.004152	6935	30	275098	0	0	0	nan	0	0	0	0.006798	0.000636	0.006798	0.000636	0.099339	0.009294
178	C	100	58300	23403	0.004273	178639	467	58300	101	277543	186384	0.000542	6934	30	273487	0	0	0	nan	0	0	0	0.003731	0.000431	0.003731	0.000431	0.054521	0.006298
179	C	356	58300	25693	0.013856	176305	463	58300	1406	275524	188567	0.007456	6932	30	271449	0	0	0	nan	0	0	0	0.006400	0.000761	0.006400	0.000761	0.093523	0.011121
180	U	56	58300	21697	0.002581	174052	465	58300	132	273591	193356	0.000683	6931	31	269468	0	0	0	nan	0	0	0	0.001898	0.000350	0.001898	0.000350	0.027736	0.005115
181	U	99	58300	26302	0.003764	170422	461	58300	102	270955	183748	0.000555	6931	31	266768	0	0	0	nan	0	0	0	0.003209	0.000382	0.003209	0.000382	0.046893	0.005582
182	G	380	58300	22846	0.016633	165673	456	58300	114	266730	162018	0.000704	6930	31	262471	0	0	0	nan	0	0	0	0.015929	0.000856	0.015929	0.000856	0.232771	0.012509
183	A	1916	58300	24500	0.078204	163657	453	58300	108	263412	149954	0.000720	6927	31	259130	0	0	0	nan	0	0	0	0.077484	0.001788	0.077484	0.001788	1.132276	0.026128
184	A	1391	58300	23116	0.060175	162107	455	58300	88	260860	152828	0.000576	6927	31	256562	0	0	0	nan	0	0	0	0.059599	0.001615	0.059599	0.001615	0.870922	0.023600
185	C	2747	58300	21793	0.126050	160631	453	58300	48	258599	163652	0.000293	6925	31	254296	0	0	0	nan	0	0	0	0.125756	0.002405	0.125756	0.002405	1.837676	0.035144
186	A	2310	58300	25190	0.091703	158300	450	58300	106	254376	174005	0.000609	6924	31	250065	0	0	0	nan	0	0	0	0.091094	0.001909	0.091094	0.001909	1.331159	0.027896
187	G	165	58300	29098	0.005670	157665	461	58300	218	250809	159879	0.001364	6932	31	246492	0	0	0	nan	0	0	0	0.004307	0.000451	0.004307	0.000451	0.062938	0.006590
188	G	99	58300	38429	0.002576	156388	483	58300	155	247312	155709	0.000995	6938	31	242974	0	0	0	nan	0	0	0	0.001581	0.000271	0.001581	0.000271	0.023103	0.003960
189	G	128	58300	19060	0.006716	152393	475	58300	60	242446	130244	0.000461	6936	31	238103	0	0	0	nan	0	0	0	0.006255	0.000597	0.006255	0.000597	0.091405	0.008724
190	A	1336	58300	20008	0.066773	149167	471	58300	74	238150	133050	0.000556	6936	31	233805	0	0	0	nan	0	0	0	0.066217	0.001828	0.066217	0.001828	0.967631	0.026713
191	G	251	58300	19581	0.012819	147635	455	58300	358	234995	135894	0.002634	6936	33	230641	0	0	0	nan	0	0	0	0.010184	0.000821	0.010184	0.000821	0.148819	0.011997
192	G	206	58300	22508	0.009152	145000	439	58300	103	230414	120865	0.000852	6943	34	226039	0	0	0	nan	0	0	0	0.008300	0.000643	0.008300	0.000643	0.121288	0.009396
193	U	618	58300	24002	0.025748	141786	430	58300	354	224165	124367	0.002846	6941	34	219774	0	0	0	nan	0	0	0	0.022901	0.001047	0.022901	0.001047	0.334653	0.015300
194	G	46	58300	19141	0.002403	140850	431	58300	44	222143	115391	0.000381	6940	34	217737	0	0	0	nan	0	0	0	0.002022	0.000359	0.002022	0.000359	0.029548	0.005246
195	U	1151	58300	28505	0.040379	139085	418	58300	203	219077	131394	0.001545	5727	12	215061	0	0	0	nan	0	0	0	0.038834	0.001195	0.038834	0.001195	0.567482	0.017463
196	G	77	58300	26450	0.002911	137798	421	58300	76	216915	130665	0.000582	5730	12	212881	0	0	0	nan	0	0	0	0.002330	0.000338	0.002330	0.000338	0.034048	0.004939
197	U	463	58300	33921	0.013649	136537	419	58300	792	215184	137178	0.005774	5729	13	211132	0	0	0	nan	0	0	0	0.007876	0.000667	0.007876	0.000667	0.115092	0.009747
198	C	291	58300	30918	0.009412	135242	416	58300	194	213173	134689	0.001440	5678	13	209106	0	0	0	nan	0	0	0	0.007972	0.000561	0.007972	0.000561	0.116495	0.008198
199	C	96	58300	28335	0.003388	141256	564	58300	60	211473	125534	0.000478	6698	29	206904	0	0	0	nan	0	0	0	0.002910	0.000351	0.002910	0.000351	0.042524	0.005129
200	A	293	58300	28870	0.010149	144502	628	58300	133	209650	127170	0.001046	6749	29	205031	0	0	0	nan	0	0	0	0.009103	0.000600	0.009103	0.000600	0.133022	0.008768
201	G	909	58300	29919	0.030382	144776	633	58300	1442	208336	118637	0.012155	6768	29	203697	0	0	0	nan	0	0	0	0.018227	0.001057	0.018227	0.001057	0.266352	0.015446
202	U	153	58300	34301	0.004461	146942	678	58300	189	206595	123962	0.001525	7193	31	201731	0	0	0	nan	0	0	0	0.002936	0.000377	0.002936	0.000377	0.042904	0.005509
203	U	117	58300	28671	0.004081	146522	673	58300	141	205353	122457	0.001151	7195	31	200478	0	0	0	nan	0	0	0	0.002929	0.000390	0.002929	0.000390	0.042802	0.005699
204	U	114	58300	31142	0.003661	146130	674	58300	85	204252	127211	0.000668	7200	31	199368	0	0	0	nan	0	0	0	0.002992	0.000350	0.002992	0.000350	0.043722	0.005115
205	G	251	58300	33707	0.007447	145854	668	58300	294	203006	137650	0.002136	7202	31	198110	0	0	0	nan	0	0	0	0.005311	0.000486	0.005311	0.000486	0.077610	0.007102
206	U	181	58300	41154	0.004398	145204	662	58300	285	201151	141545	0.002013	7202	31	196248	0	0	0	nan	0	0	0	0.002385	0.000348	0.002385	0.000348	0.034852	0.005085
207	U	190	58300	41217	0.004610	144284	657	58300	87	198305	142023	0.000613	7202	31	193386	0	0	0	nan	0	0	0	0.003997	0.000341	0.003997	0.000341	0.058408	0.004983
208	U	302	58300	38258	0.007894	142686	641	58300	74	193914	137212	0.000539	7202	31	188991	0	0	0	nan	0	0	0	0.007354	0.000459	0.007354	0.000459	0.107464	0.006707
209	C	993	58300	25142	0.039496	139069	625	58300	41	187727	115312	0.000356	7202	31	182798	0	0	0	nan	0	0	0	0.039140	0.001255	0.039140	0.001255	0.571954	0.018339
210	A	1984	58300	22719	0.087328	136752	618	58300	81	183406	99554	0.000814	7202	31	178470	0	0	0	nan	0	0	0	0.086514	0.001963	0.086514	0.001963	1.264232	0.028685
211	G	535	58300	20969	0.025514	135356	609	58300	39	179647	83818	0.000465	7202	31	174703	0	0	0	nan	0	0	0	0.025049	0.001106	0.025049	0.001106	0.366042	0.016162
212	A	1706	58300	23566	0.072392	133363	600	58300	43	175954	77348	0.000556	7202	31	171008	0	0	0	nan	0	0	0	0.071837	0.001755	0.071837	0.001755	1.049756	0.025646
213	A	1392	58300	21697	0.064156	132154	592	58300	42	173133	79121	0.000531	7201	31	168184	0	0	0	nan	0	0	0	0.063626	0.001722	0.063626	0.001722	0.929769	0.025164
214	U	303	58300	22893	0.013235	131566	589	58300	136	171337	81291	0.001673	7200	31	166385	0	0	0	nan	0	0	0	0.011562	0.000774	0.011562	0.000774	0.168956	0.011310
215	C	2410	58300	23740	0.101516	130915	585	58300	31	169349	93428	0.000332	7199	31	164378	0	0	0	nan	0	0	0	0.101185	0.002069	0.101185	0.002069	1.478620	0.030234
216	U	123	58300	28496	0.004316	130296	584	58300	44	167819	95511	0.000461	7197	31	162843	0	0	0	nan	0	0	0	0.003856	0.000395	0.003856	0.000395	0.056348	0.005772
217	C	480	58300	28950	0.016580	129520	579	58300	52	166138	104130	0.000499	7197	31	161138	0	0	0	nan	0	0	0	0.016081	0.000760	0.016081	0.000760	0.234992	0.011106
218	G	515	58300	28826	0.017866	128068	570	58300	332	164275	98726	0.003363	7173	27	159252	0	0	0	nan	0	0	0	0.014503	0.000809	0.014503	0.000809	0.211933	0.011822
219	G	138	58300	26642	0.005180	126723	558	58300	102	162104	93642	0.001089	7173	27	157044	0	0	0	nan	0	0	0	0.004091	0.000454	0.004091	0.000454	0.059782	0.006634
220	G	83	58300	24241	0.003424	125610	549	58300	104	160297	94108	0.001105	7172	27	155218	0	0	0	nan	0	0	0	0.002319	0.000391	0.002319	0.000391	0.033888	0.005714
221	G	101	58300	19539	0.005169	124808	543	58300	52	158430	94916	0.000548	7173	27	153337	0	0	0	nan	0	0	0	0.004621	0.000520	0.004621	0.000520	0.067527	0.007599
222	U	194	58300	21317	0.009101	124119	542	58300	54	156320	96878	0.000557	7171	26	151220	0	0	0	nan	0	0	0	0.008543	0.000658	0.008543	0.000658	0.124839	0.009615
223	G	201	58300	21489	0.009354	123849	541	58300	41	154511	95160	0.000431	7166	26	149396	0	0	0	nan	0	0	0	0.008923	0.000663	0.008923	0.000663	0.130392	0.009688
224	U	472	58300	30066	0.015699	123350	539	58300	604	152740	96905	0.006233	7165	26	147617	0	0	0	nan	0	0	0	0.009466	0.000766	0.009466	0.000766	0.138327	0.011194
225	C	2158	58300	28411	0.075956	122868	535	58300	38	150377	93196	0.000408	7166	26	145251	0	0	0	nan	0	0	0	0.075549	0.001636	0.075549	0.001636	1.104000	0.023907
226	C	3018	58300	31321	0.096357	122283	534	58300	84	146378	86557	0.000970	7166	26	141242	0	0	0	nan	0	0	0	0.095387	0.001757	0.095387	0.001757	1.393893	0.025675
227	G	289	58300	29443	0.009816	121613	532	58300	67	143566	83110	0.000806	7166	26	138401	0	0	0	nan	0	0	0	0.009009	0.000586	0.009009	0.000586	0.131649	0.008563
228	U	436	58300	29313	0.014874	121019	531	58300	45	140329	75235	0.000598	7166	26	135156	0	0	0	nan	0	0	0	0.014276	0.000718	0.014276	0.000718	0.208616	0.010492
229	A	721	58300	23871	0.030204	120421	524	58300	37	137429	57943	0.000639	7166	26	132235	0	0	0	nan	0	0	0	0.029565	0.001130	0.029565	0.001130	0.432034	0.016513
230	A	1049	58300	23476	0.044684	120109	525	58300	51	135977	57491	0.000887	7166	26	130771	0	0	0	nan	0	0	0	0.043797	0.001385	0.043797	0.001385	0.640007	0.020239
231	C	783	58300	23973	0.032662	120018	524	58300	17	135188	55472	0.000306	7166	26	129982	0	0	0	nan	0	0	0	0.032355	0.001170	0.032355	0.001170	0.472805	0.017097
232	U	201	58300	28521	0.007047	119555	519	58300	164	133358	68972	0.002378	7167	26	128152	0	0	0	nan	0	0	0	0.004670	0.000531	0.004670	0.000531	0.068243	0.007760
233	C	597	58300	33666	0.017733	118940	514	58300	59	131796	77748	0.000759	7165	26	126586	0	0	0	nan	0	0	0	0.016974	0.000732	0.016974	0.000732	0.248042	0.010697
234	C	630	58300	34150	0.018448	118358	509	58300	70	128943	83697	0.000836	7166	26	123728	0	0	0	nan	0	0	0	0.017612	0.000742	0.017612	0.000742	0.257365	0.010843
235	G	148	58300	22035	0.006717	117660	499	58300	34	125978	61740	0.000551	7166	26	120761	0	0	0	nan	0	0	0	0.006166	0.000560	0.006166	0.000560	0.090104	0.008183
236	A	1260	58300	19813	0.063595	117074	488	58300	40	122845	46780	0.000855	7169	26	117623	0	0	0	nan	0	0	0	0.062740	0.001797	0.062740	0.001797	0.916822	0.026260
237	U	311	58300	19945	0.015593	116904	481	58300	241	121909	42498	0.005671	7170	26	116683	0	0	0	nan	0	0	0	0.009922	0.000957	0.009922	0.000957	0.144990	0.013985
238	C	1974	58300	27233	0.072486	116685	477	58300	11	121736	50317	0.000219	7171	26	116498	0	0	0	nan	0	0	0	0.072267	0.001633	0.072267	0.001633	1.056040	0.023863
239	C	2863	58300	33114	0.086459	116402	468	58300	33	121754	58489	0.000564	7170	24	116514	0	0	0	nan	0	0	0	0.085895	0.001619	0.085895	0.001619	1.255186	0.023658
240	A	2396	58300	30796	0.077802	115927	459	58300	61	119863	64240	0.000950	7169	24	114618	0	0	0	nan	0	0	0	0.076853	0.001594	0.076853	0.001594	1.123055	0.023293
241	A	3368	58300	31944	0.105435	115147	441	58300	85	117664	56435	0.001506	7167	23	112420	0	0	0	nan	0	0	0	0.103928	0.001824	0.103928	0.001824	1.518703	0.026654
242	A	1570	58300	31939	0.049156	114629	435	58300	35	117439	56815	0.000616	7167	23	112187	0	0	0	nan	0	0	0	0.048540	0.001245	0.048540	0.001245	0.709317	0.018193
243	G	195	58300	30481	0.006397	114226	423	58300	30	117314	53207	0.000564	7167	22	112061	0	0	0	nan	0	0	0	0.005834	0.000470	0.005834	0.000470	0.085252	0.006868
244	G	260	58300	27444	0.009474	113755	411	58300	40	116329	49653	0.000806	7166	20	111077	0	0	0	nan	0	0	0	0.008668	0.000601	0.008668	0.000601	0.126666	0.008782
245	A	855	58300	26717	0.032002	113296	393	58300	49	115699	48666	0.001007	7166	19	110450	0	0	0	nan	0	0	0	0.030995	0.001104	0.030995	0.001104	0.452931	0.016133
246	U	253	58300	27213	0.009297	113021	385	58300	31	115042	53703	0.000577	7166	18	109806	0	0	0	nan	0	0	0	0.008720	0.000594	0.008720	0.000594	0.127426	0.008680
247	U	348	58300	30047	0.011582	112700	372	58300	37	114277	59758	0.000619	7165	17	109044	0	0	0	nan	0	0	0	0.010963	0.000629	0.010963	0.000629	0.160203	0.009192
248	G	259	58300	32708	0.007919	112429	363	58300	45	114356	62021	0.000726	7164	16	109130	0	0	0	nan	0	0	0	0.007193	0.000504	0.007193	0.000504	0.105112	0.007365
249	U	418	58300	34714	0.012041	112067	354	58300	176	114827	59052	0.002980	7164	16	109604	0	0	0	nan	0	0	0	0.009061	0.000630	0.009061	0.000630	0.132409	0.009206
250	C	922	58300	35079	0.026284	111214	315	58300	108	115817	55039	0.001962	7164	15	110615	0	0	0	nan	0	0	0	0.024321	0.000886	0.024321	0.000886	0.355404	0.012947
251	C	2059	58300	34804	0.059160	110494	279	58300	18	118958	51818	0.000347	7163	15	113778	0	0	0	nan	0	0	0	0.058812	0.001306	0.058812	0.001306	0.859422	0.019085
252	U	352	58300	30884	0.011397	109592	261	58300	23	121255	48030	0.000479	7159	15	116082	0	0	0	nan	0	0	0	0.010919	0.000616	0.010919	0.000616	0.159560	0.009002
253	G	186	58300	21654	0.008590	108390	244	58300	16	120710	36192	0.000442	7158	13	115557	0	0	0	nan	0	0	0	0.008148	0.000639	0.008148	0.000639	0.119067	0.009338
254	A	1559	58300	20856	0.074751	103847	229	58300	25	121945	36778	0.000680	7148	12	116810	0	0	0	nan	0	0	0	0.074071	0.001898	0.074071	0.001898	1.082402	0.027736
255	G	191	58300	20861	0.009156	103370	225	58300	72	125526	37409	0.001925	7148	12	120394	0	0	0	nan	0	0	0	0.007231	0.000700	0.007231	0.000700	0.105667	0.010229
256	C	2399	58300	29221	0.082098	102691	218	58300	48	131604	62889	0.000763	7150	12	126473	0	0	0	nan	0	0	0	0.081335	0.001680	0.081335	0.001680	1.188551	0.024550
257	G	228	58300	32098	0.007103	99355	205	58300	40	142359	74846	0.000534	7139	12	137240	0	0	0	nan	0	0	0	0.006569	0.000478	0.006569	0.000478	0.095993	0.006985
258	U	383	58300	32450	0.011803	98212	195	58300	35	147565	78764	0.000444	7127	11	142456	0	0	0	nan	0	0	0	0.011358	0.000608	0.011358	0.000608	0.165975	0.008885
259	A	1571	58300	30770	0.051056	96021	186	58300	32	154432	77737	0.000412	7121	11	149333	0	0	0	nan	0	0	0	0.050645	0.001290	0.050645	0.001290	0.740077	0.018851
260	C	2260	58300	29431	0.076790	94945	183	58300	20	157317	70461	0.000284	7119	12	152227	0	0	0	nan	0	0	0	0.076506	0.001617	0.076506	0.001617	1.117985	0.023629
261	A	2315	58300	27861	0.083091	93621	177	58300	27	160600	60056	0.000450	7103	12	155523	0	0	0	nan	0	0	0	0.082641	0.001729	0.082641	0.001729	1.207636	0.025266
262	U	394	58300	27731	0.014208	92583	178	58300	35	163096	57757	0.000606	7086	11	158035	0	0	0	nan	0	0	0	0.013602	0.000723	0.013602	0.000723	0.198766	0.010565
263	G	359	58300	26386	0.013606	91695	168	58300	39	167345	59454	0.000656	7041	10	162310	0	0	0	nan	0	0	0	0.012950	0.000726	0.012950	0.000726	0.189239	0.010609
264	A	2590	58300	28719	0.090184	89899	155	58300	37	170597	68415	0.000541	7030	9	165578	0	0	0	nan	0	0	0	0.089643	0.001774	0.089643	0.001774	1.309956	0.025924
265	G	228	58300	29587	0.007706	89474	152	58300	62	179228	79715	0.000778	7021	9	174225	0	0	0	nan	0	0	0	0.006928	0.000520	0.006928	0.000520	0.101239	0.007599
266	G	242	58300	27704	0.008735	88971	145	58300	54	184891	85316	0.000633	7020	9	179891	0	0	0	nan	0	0	0	0.008102	0.000568	0.008102	0.000568	0.118395	0.008300
267	A	1432	58300	23614	0.060642	88226	137	58300	21	191528	59604	0.000352	7020	9	186531	0	0	0	nan	0	0	0	0.060290	0.001604	0.060290	0.001604	0.881020	0.023439
268	U	133	58300	21199	0.006274	88039	136	58300	54	196417	44734	0.001207	7021	9	191427	0	0	0	nan	0	0	0	0.005067	0.000568	0.005067	0.000568	0.074044	0.008300
269	C	451	58300	22538	0.020011	87818	139	58300	28	203946	47887	0.000585	7022	9	198953	0	0	0	nan	0	0	0	0.019426	0.000949	0.019426	0.000949	0.283873	0.013868
270	A	1084	58300	25770	0.042064	87541	141	58300	31	215435	58438	0.000530	7020	9	210432	0	0	0	nan	0	0	0	0.041534	0.001281	0.041534	0.001281	0.606938	0.018719
271	C	473	58300	30600	0.015458	87236	137	58300	179	226978	82811	0.002162	7020	10	221982	0	0	0	nan	0	0	0	0.013296	0.000729	0.013296	0.000729	0.194295	0.010653
272	C	303	58300	31860	0.009510	86487	132	58300	37	243344	84335	0.000439	7020	10	238348	0	0	0	nan	0	0	0	0.009072	0.000551	0.009072	0.000551	0.132569	0.008052
273	C	1018	58300	30601	0.033267	86154	127	58300	31	261789	98424	0.000315	7020	11	256782	0	0	0	nan	0	0	0	0.032952	0.001044	0.032952	0.001044	0.481529	0.015256
274	A	2733	58300	28845	0.094748	85956	125	58300	16	276212	95615	0.000167	7020	11	271211	0	0	0	nan	0	0	0	0.094580	0.001813	0.094580	0.001813	1.382100	0.026493
275	U	415	58300	29055	0.014283	85902	133	58300	67	282061	101750	0.000658	7021	12	277067	0	0	0	nan	0	0	0	0.013625	0.000706	0.013625	0.000706	0.199103	0.010317
276	G	494	58300	30578	0.016155	85802	134	58300	47	298547	113844	0.000413	7021	14	293546	0	0	0	nan	0	0	0	0.015743	0.000729	0.015743	0.000729	0.230053	0.010653
277	U	723	58300	34794	0.020779	85736	148	58300	75	311580	149374	0.000502	7022	14	306573	0	0	0	nan	0	0	0	0.020277	0.000775	0.020277	0.000775	0.296308	0.011325
278	G	659	58300	36624	0.017994	85659	148	58300	580	328392	176572	0.003285	7023	13	323392	0	0	0	nan	0	0	0	0.014709	0.000714	0.014709	0.000714	0.214943	0.010434
279	G	255	58300	36155	0.007053	85602	147	58300	137	343907	203579	0.000673	7025	13	338912	0	0	0	nan	0	0	0	0.006380	0.000445	0.006380	0.000445	0.093231	0.006503
280	U	467	58300	38638	0.012087	85506	154	58300	121	353528	241365	0.000501	7000	14	348561	0	0	0	nan	0	0	0	0.011585	0.000561	0.011585	0.000561	0.169292	0.008198
281	G	1117	58300	35924	0.031093	85438	168	58300	2259	360345	236365	0.009557	7000	16	355382	0	0	0	nan	0	0	0	0.021536	0.000952	0.021536	0.000952	0.314706	0.013912
282	A	1419	58300	37799	0.037541	85317	172	58300	136	365977	256894	0.000529	7003	16	361021	0	0	0	nan	0	0	0	0.037011	0.000998	0.037011	0.000998	0.540843	0.014584
283	A	1337	58300	37138	0.036001	85060	175	58300	56	369357	240759	0.000233	7001	16	364408	0	0	0	nan	0	0	0	0.035768	0.000985	0.035768	0.000985	0.522679	0.014394
284	A	1067	58300	36040	0.029606	84963	189	58300	53	372332	216491	0.000245	7001	16	367389	0	0	0	nan	0	0	0	0.029361	0.000907	0.029361	0.000907	0.429053	0.013254
285	A	2485	58300	35501	0.069998	84894	227	58300	56	374651	199913	0.000280	7001	15	369718	0	0	0	nan	0	0	0	0.069718	0.001405	0.069718	0.001405	1.018791	0.020531
286	U	498	58300	34576	0.014403	84832	392	58300	141	376442	175489	0.000803	7003	15	371519	0	0	0	nan	0	0	0	0.013600	0.000649	0.013600	0.000649	0.198737	0.009484
287	G	410	58300	35802	0.011452	84765	574	58300	285	378550	179744	0.001586	7004	15	373629	0	0	0	nan	0	0	0	0.009866	0.000573	0.009866	0.000573	0.144172	0.008373
288	G	141	58300	37172	0.003793	84693	585	58300	124	382632	199948	0.000620	7004	15	377721	0	0	0	nan	0	0	0	0.003173	0.000324	0.003173	0.000324	0.046367	0.004735
289	G	317	58300	38188	0.008301	84608	587	58300	492	389078	239836	0.002051	7003	15	384169	0	0	0	nan	0	0	0	0.006250	0.000475	0.006250	0.000475	0.091331	0.006941
290	C	4105	58300	38607	0.106328	84414	590	58300	158	394174	262590	0.000602	7006	15	389272	0	0	0	nan	0	0	0	0.105726	0.001660	0.105726	0.001660	1.544977	0.024258
291	U	484	58300	39229	0.012338	84324	600	58300	139	399037	268121	0.000518	7007	15	394136	0	0	0	nan	0	0	0	0.011819	0.000563	0.011819	0.000563	0.172711	0.008227
292	G	326	58300	37800	0.008624	84113	637	58300	96	403549	281651	0.000341	7007	14	398655	0	0	0	nan	0	0	0	0.008283	0.000479	0.008283	0.000479	0.121040	0.007000
293	A	2057	58300	37347	0.055078	83855	641	58300	94	406675	286659	0.000328	7007	14	401784	0	0	0	nan	0	0	0	0.054750	0.001215	0.054750	0.001215	0.800063	0.017755
294	A	2800	58300	37615	0.074438	83556	750	58300	82	404180	272436	0.000301	7008	14	399297	0	0	0	nan	0	0	0	0.074137	0.001407	0.074137	0.001407	1.083366	0.020561
295	G	219	58300	31268	0.007004	83464	809	58300	44	406673	208707	0.000211	7009	14	401797	0	0	0	nan	0	0	0	0.006793	0.000474	0.006793	0.000474	0.099266	0.006927
296	A	1722	58300	30270	0.056888	83361	819	58300	51	407201	180481	0.000283	7009	14	402329	0	0	0	nan	0	0	0	0.056605	0.001371	0.056605	0.001371	0.827171	0.020034
297	U	349	58300	28988	0.012039	83256	854	58300	103	409568	177681	0.000580	7009	14	404703	0	0	0	nan	0	0	0	0.011460	0.000647	0.011460	0.000647	0.167465	0.009455
298	C	3245	58300	35264	0.092020	83124	938	58300	101	414076	220446	0.000458	7011	14	409218	0	0	0	nan	0	0	0	0.091562	0.001616	0.091562	0.001616	1.337998	0.023615
299	G	221	58300	39112	0.005650	82962	1038	58300	210	421370	290501	0.000723	7010	14	416515	0	0	0	nan	0	0	0	0.004928	0.000383	0.004928	0.000383	0.072013	0.005597
300	A	1795	58300	40056	0.044812	82850	1043	58300	118	427420	308927	0.000382	7011	14	422569	0	0	0	nan	0	0	0	0.044430	0.001058	0.044430	0.001058	0.649257	0.015461
301	C	1016	58300	37622	0.027005	82657	1066	58300	89	433094	307760	0.000289	7008	14	428248	0	0	0	nan	0	0	0	0.026716	0.000848	0.026716	0.000848	0.390402	0.012392
302	A	1704	58300	35815	0.047578	49277	1076	58300	88	433351	274602	0.000320	1898	11	432749	0	0	0	nan	0	0	0	0.047257	0.001153	0.047257	0.001153	0.690568	0.016849
303	U	478	58300	35784	0.013358	49076	1094	58300	930	436397	278670	0.003337	1897	11	435798	0	0	0	nan	0	0	0	0.010021	0.000621	0.010021	0.000621	0.146437	0.009075
304	C	4192	58300	37361	0.112203	48904	1099	58300	92	440594	275178	0.000334	1890	11	440010	0	0	0	nan	0	0	0	0.111868	0.001733	0.111868	0.001733	1.634731	0.025324
305	C	2450	58300	41310	0.059308	48799	1124	58300	106	444635	319316	0.000332	1887	11	444055	0	0	0	nan	0	0	0	0.058976	0.001199	0.058976	0.001199	0.861818	0.017521
306	A	3136	58300	41267	0.075993	48741	1138	58300	97	450191	306883	0.000316	1886	11	449613	0	0	0	nan	0	0	0	0.075677	0.001357	0.075677	0.001357	1.105870	0.019830
307	U	590	58300	42982	0.013727	48692	1177	58300	237	453267	326718	0.000725	1886	11	452691	0	0	0	nan	0	0	0	0.013001	0.000567	0.013001	0.000567	0.189984	0.008286
308	G	413	58300	43487	0.009497	48645	1183	58300	162	459154	325095	0.000498	1884	11	458581	0	0	0	nan	0	0	0	0.008999	0.000469	0.008999	0.000469	0.131503	0.006854
309	U	391	58300	45226	0.008645	48576	1185	58300	605	462484	349664	0.001730	1883	14	461912	0	0	0	nan	0	0	0	0.006915	0.000443	0.006915	0.000443	0.101049	0.006474
310	C	1091	58300	44669	0.024424	48500	1186	58300	109	466637	354096	0.000308	1883	14	466068	0	0	0	nan	0	0	0	0.024116	0.000740	0.024116	0.000740	0.352408	0.010814
311	A	2762	58300	45449	0.060771	48371	1187	58300	174	470093	347455	0.000501	1880	14	469528	0	0	0	nan	0	0	0	0.060271	0.001157	0.060271	0.001157	0.880742	0.016907
312	U	229	58300	43996	0.005205	48271	1190	58300	281	473112	338431	0.000830	1878	14	472550	0	0	0	nan	0	0	0	0.004375	0.000348	0.004375	0.000348	0.063932	0.005085
313	C	670	58300	41263	0.016237	48152	1191	58300	84	475602	325503	0.000258	1878	14	475041	0	0	0	nan	0	0	0	0.015979	0.000628	0.015979	0.000628	0.233502	0.009177
314	A	1014	58300	36369	0.027881	48057	1190	58300	85	478178	276665	0.000307	1877	14	477618	0	0	0	nan	0	0	0	0.027574	0.000876	0.027574	0.000876	0.402940	0.012801
315	U	280	58300	34744	0.008059	48012	1191	58300	447	480027	272037	0.001643	1876	14	479468	0	0	0	nan	0	0	0	0.006416	0.000488	0.006416	0.000488	0.093757	0.007131
316	C	1299	58300	33942	0.038271	47956	1192	58300	711	482317	272794	0.002606	1876	14	481760	0	0	0	nan	0	0	0	0.035665	0.001066	0.035665	0.001066	0.521174	0.015577
317	C	1092	58300	40459	0.026990	47891	1192	58300	131	486985	350754	0.000373	1879	14	486433	0	0	0	nan	0	0	0	0.026617	0.000817	0.026617	0.000817	0.388955	0.011939
318	C	2002	58300	43348	0.046184	47838	1193	58300	370	490606	388815	0.000952	1879	15	490061	0	0	0	nan	0	0	0	0.045233	0.001033	0.045233	0.001033	0.660991	0.015095
319	G	240	58300	46535	0.005157	47789	1198	58300	213	492727	409864	0.000520	1876	16	492185	0	0	0	nan	0	0	0	0.004638	0.000335	0.004638	0.000335	0.067775	0.004895
320	U	571	58300	44343	0.012877	47741	1198	58300	185	494630	406863	0.000455	1876	16	494087	0	0	0	nan	0	0	0	0.012422	0.000540	0.012422	0.000540	0.181523	0.007891
321	A	4319	58300	44855	0.096288	47668	1203	58300	147	496317	394013	0.000373	1876	17	495782	0	0	0	nan	0	0	0	0.095915	0.001465	0.095915	0.001465	1.401609	0.021408
322	U	711	58300	45829	0.015514	47621	1207	58300	215	497487	418156	0.000514	1875	17	496955	0	0	0	nan	0	0	0	0.015000	0.000583	0.015000	0.000583	0.219195	0.008519
323	G	862	58300	45318	0.019021	47556	1207	58300	144	498796	415405	0.000347	1876	17	498268	0	0	0	nan	0	0	0	0.018674	0.000649	0.018674	0.000649	0.272884	0.009484
324	A	5075	58300	46472	0.109206	47368	1206	58300	202	500082	426820	0.000473	1877	17	499562	0	0	0	nan	0	0	0	0.108732	0.001533	0.108732	0.001533	1.588904	0.022402
325	A	3288	58300	47083	0.069834	47306	1210	58300	144	501658	400019	0.000360	1876	17	501141	0	0	0	nan	0	0	0	0.069474	0.001218	0.069474	0.001218	1.015226	0.017799
326	G	284	58300	47478	0.005982	47235	1214	58300	451	502813	395454	0.001140	1876	17	502299	0	0	0	nan	0	0	0	0.004841	0.000359	0.004841	0.000359	0.070742	0.005246
327	G	183	58300	45945	0.003983	47168	1214	58300	268	504177	377338	0.000710	1877	17	503667	0	0	0	nan	0	0	0	0.003273	0.000298	0.003273	0.000298	0.047828	0.004355
328	U	247	58300	45737	0.005400	47030	1214	58300	781	505266	389335	0.002006	1877	17	504758	0	0	0	nan	0	0	0	0.003394	0.000351	0.003394	0.000351	0.049597	0.005129
329	C	777	58300	44245	0.017561	46944	1214	58300	115	507022	367844	0.000313	1877	17	506514	0	0	0	nan	0	0	0	0.017249	0.000631	0.017249	0.000631	0.252060	0.009221
330	U	278	58300	44523	0.006244	46828	1213	58300	189	509002	374338	0.000505	1868	17	508511	0	0	0	nan	0	0	0	0.005739	0.000376	0.005739	0.000376	0.083864	0.005494
331	G	195	58300	40362	0.004831	46711	1212	58300	117	511100	352916	0.000332	1867	18	510613	0	0	0	nan	0	0	0	0.004500	0.000347	0.004500	0.000347	0.065759	0.005071
332	A	3911	58300	41709	0.093769	46657	1214	58300	108	513334	353637	0.000305	1867	18	512849	0	0	0	nan	0	0	0	0.093463	0.001500	0.093463	0.001500	1.365778	0.021920
333	G	268	58300	40899	0.006553	46644	1216	58300	461	516670	334367	0.001379	1868	18	516186	0	0	0	nan	0	0	0	0.005174	0.000405	0.005174	0.000405	0.075608	0.005918
334	C	1527	58300	44964	0.033961	46626	1216	58300	239	519767	359165	0.000665	1868	20	519283	0	0	0	nan	0	0	0	0.033295	0.000870	0.033295	0.000870	0.486541	0.012713
335	G	737	58300	45108	0.016339	46582	1216	58300	482	523331	367618	0.001311	1868	20	522852	0	0	0	nan	0	0	0	0.015027	0.000605	0.015027	0.000605	0.219590	0.008841
336	G	265	58300	45566	0.005816	46552	1216	58300	924	527158	396402	0.002331	1870	20	526680	0	0	0	nan	0	0	0	0.003485	0.000365	0.003485	0.000365	0.050926	0.005334
337	C	1596	58300	46940	0.034001	46529	1216	58300	276	530664	427909	0.000645	1870	20	530191	0	0	0	nan	0	0	0	0.033356	0.000852	0.033356	0.000852	0.487432	0.012450
338	G	137	58300	46656	0.002936	46488	1214	58300	234	533115	448696	0.000522	1871	20	532645	0	0	0	nan	0	0	0	0.002415	0.000253	0.002415	0.000253	0.035290	0.003697
339	A	3463	58300	47548	0.072832	46453	1214	58300	232	535068	465868	0.000498	1871	20	534603	0	0	0	nan	0	0	0	0.072334	0.001238	0.072334	0.001238	1.057019	0.018091
340	C	2520	58300	47515	0.053036	46371	1216	58300	169	536476	463205	0.000365	1872	21	536013	0	0	0	nan	0	0	0	0.052671	0.001057	0.052671	0.001057	0.769683	0.015446
341	C	3248	58300	47723	0.068059	46346	1216	58300	2258	537850	459890	0.004910	1873	21	537386	0	0	0	nan	0	0	0	0.063150	0.001199	0.063150	0.001199	0.922813	0.017521
342	A	778	58300	46051	0.016894	46334	1216	58300	239	539087	452645	0.000528	1872	21	538630	0	0	0	nan	0	0	0	0.016366	0.000607	0.016366	0.000607	0.239157	0.008870
343	A	3007	58300	48078	0.062544	46299	1216	58300	187	540253	457905	0.000408	1872	22	539800	0	0	0	nan	0	0	0	0.062136	0.001141	0.062136	0.001141	0.907995	0.016673
344	A	4773	58300	50282	0.094925	46276	1216	58300	135	541203	446877	0.000302	1872	22	540754	0	0	0	nan	0	0	0	0.094623	0.001374	0.094623	0.001374	1.382729	0.020078
345	U	974	58300	51641	0.018861	46250	1216	58300	223	541992	461631	0.000483	1873	22	541544	0	0	0	nan	0	0	0	0.018378	0.000605	0.018378	0.000605	0.268558	0.008841
346	G	404	58300	50714	0.007966	46236	1217	58300	476	543160	456570	0.001043	1873	23	542712	0	0	0	nan	0	0	0	0.006924	0.000399	0.006924	0.000399	0.101181	0.005831
347	G	278	58300	50815	0.005471	46209	1217	58300	481	544243	477178	0.001008	1875	23	543801	0	0	0	nan	0	0	0	0.004463	0.000331	0.004463	0.000331	0.065218	0.004837
348	G	377	58300	50048	0.007533	46184	1217	58300	1025	545549	471062	0.002176	1877	23	545110	0	0	0	nan	0	0	0	0.005357	0.000394	0.005357	0.000394	0.078282	0.005758
349	C	1926	58300	51289	0.037552	46161	1217	58300	461	546566	477985	0.000964	1878	23	546128	0	0	0	nan	0	0	0	0.036587	0.000857	0.036587	0.000857	0.534647	0.012523
350	C	1265	58300	51798	0.024422	46134	1218	58300	254	547769	480398	0.000529	1902	23	547334	0	0	0	nan	0	0	0	0.023893	0.000687	0.023893	0.000687	0.349149	0.010039
351	A	2304	58300	52290	0.044062	46122	1217	58300	190	548699	486683	0.000390	1902	24	548266	0	0	0	nan	0	0	0	0.043672	0.000918	0.043672	0.000918	0.638180	0.013415
352	G	196	58300	51977	0.003771	46103	1217	58300	143	549417	486715	0.000294	1903	24	548987	0	0	0	nan	0	0	0	0.003477	0.000270	0.003477	0.000270	0.050810	0.003946
353	A	1701	58300	51406	0.033090	46080	1217	58300	137	549933	471192	0.000291	1903	24	549504	0	0	0	nan	0	0	0	0.032799	0.000803	0.032799	0.000803	0.479293	0.011734
354	U	220	58300	49917	0.004407	46068	1218	58300	260	550763	459269	0.000566	1907	25	550334	0	0	0	nan	0	0	0	0.003841	0.000299	0.003841	0.000299	0.056129	0.004369
355	C	1549	58300	51043	0.030347	46055	1218	58300	1137	551775	469836	0.002420	1907	25	551346	0	0	0	nan	0	0	0	0.027927	0.000774	0.027927	0.000774	0.408098	0.011310
356	G	6969	58300	50329	0.138469	45996	1218	58300	57909	553226	493189	0.117417	1911	25	552795	0	0	0	nan	0	0	0	0.021051	0.001729	nan	nan	nan	nan
357	A	3344	58300	45142	0.074077	45989	1219	58300	1434	557366	509546	0.002814	2059	30	556935	0	0	0	nan	0	0	0	0.071263	0.001283	0.071263	0.001283	1.041368	0.018749
358	A	5858	58300	50653	0.115650	43937	1219	58300	305	559466	514760	0.000593	1923	30	559312	0	0	0	nan	0	0	0	0.115057	0.001511	0.115057	0.001511	1.681332	0.022080
359	A	1408	58300	52981	0.026576	43854	1219	58300	164	560984	519225	0.000316	1923	30	560833	0	0	0	nan	0	0	0	0.026260	0.000709	0.026260	0.000709	0.383738	0.010361
360	A	743	58300	52972	0.014026	43815	1219	58300	133	561636	522669	0.000254	1923	30	561486	0	0	0	nan	0	0	0	0.013772	0.000515	0.013772	0.000515	0.201251	0.007526
361	A	811	58300	51707	0.015685	43618	1219	58300	127	561986	523490	0.000243	1923	30	561839	0	0	0	nan	0	0	0	0.015442	0.000551	0.015442	0.000551	0.225654	0.008052
362	A	4630	58300	52038	0.088973	43519	1219	58300	1057	562270	505776	0.002090	1922	30	562132	0	0	0	nan	0	0	0	0.086884	0.001309	0.086884	0.001309	1.269639	0.019128
363	U	1440	58300	50698	0.028403	43377	1219	58300	2078	562527	502434	0.004136	1920	31	562400	0	0	0	nan	0	0	0	0.024268	0.000754	0.024268	0.000754	0.354629	0.011018
364	U	838	58300	51287	0.016339	43170	1219	58300	833	562740	498537	0.001671	1919	31	562618	0	0	0	nan	0	0	0	0.014669	0.000567	0.014669	0.000567	0.214359	0.008286
365	U	795	58300	52346	0.015187	43083	1220	58300	13106	562921	517985	0.025302	1917	31	562804	0	0	0	nan	0	0	0	-0.010114	0.000582	-0.010114	0.000582	-0.147796	0.008505
366	U	648	58300	52488	0.012346	42798	1220	58300	273	563184	527525	0.000518	1917	31	563069	0	0	0	nan	0	0	0	0.011828	0.000486	0.011828	0.000486	0.172843	0.007102
367	U	809	58300	52185	0.015503	42714	1220	58300	177	563445	527753	0.000335	1916	31	563334	0	0	0	nan	0	0	0	0.015167	0.000546	0.015167	0.000546	0.221636	0.007979
368	A	5424	58300	53107	0.102133	42381	1220	58300	317	563917	526142	0.000602	1916	34	563810	0	0	0	nan	0	0	0	0.101531	0.001387	0.101531	0.001387	1.483676	0.020268
369	A	4550	58300	54855	0.082946	42150	1219	58300	287	564203	524388	0.000547	1915	40	564102	0	0	0	nan	0	0	0	0.082399	0.001230	0.082399	0.001230	1.204099	0.017974
370	G	618	58300	54772	0.011283	41943	1219	58300	1399	564364	530232	0.002638	1914	40	564265	0	0	0	nan	0	0	0	0.008645	0.000459	0.008645	0.000459	0.126330	0.006707
371	G	644	58300	54268	0.011867	41641	1219	58300	236	564524	520406	0.000453	1913	40	564428	0	0	0	nan	0	0	0	0.011414	0.000469	0.011414	0.000469	0.166793	0.006854
372	U	1506	58300	54617	0.027574	41176	1219	58300	304	564643	518541	0.000586	1912	40	564555	0	0	0	nan	0	0	0	0.026988	0.000711	0.026988	0.000711	0.394376	0.010390
373	G	412	58300	53975	0.007633	41010	1219	58300	2124	565043	517160	0.004107	1912	40	564959	0	0	0	nan	0	0	0	0.003526	0.000386	0.003526	0.000386	0.051526	0.005641
374	G	239	58300	54426	0.004391	40803	1219	58300	335	565428	524963	0.000638	1912	40	565349	0	0	0	nan	0	0	0	0.003753	0.000286	0.003753	0.000286	0.054843	0.004179
375	U	445	58300	54548	0.008158	40746	1219	58300	546	565724	529398	0.001031	1912	40	565646	0	0	0	nan	0	0	0	0.007127	0.000389	0.007127	0.000389	0.104147	0.005684
376	G	167	58300	54110	0.003086	40699	1219	58300	260	566059	525170	0.000495	1912	41	565981	0	0	0	nan	0	0	0	0.002591	0.000241	0.002591	0.000241	0.037862	0.003522
377	U	423	58300	53290	0.007938	40611	1218	58300	446	566299	526911	0.000846	1912	41	566222	0	0	0	nan	0	0	0	0.007091	0.000388	0.007091	0.000388	0.103621	0.005670
378	A	2658	58300	52749	0.050390	40577	1218	58300	208	566530	515224	0.000404	1912	41	566454	0	0	0	nan	0	0	0	0.049986	0.000978	0.049986	0.000978	0.730447	0.014292
379	C	1589	58300	53129	0.029908	40433	1217	58300	258	566739	516843	0.000499	1912	42	566666	0	0	0	nan	0	0	0	0.029409	0.000751	0.029409	0.000751	0.429755	0.010974
380	C	2937	58300	53420	0.054979	40239	1217	58300	311	567120	518488	0.000600	1911	42	567050	0	0	0	nan	0	0	0	0.054380	0.001015	0.054380	0.001015	0.794657	0.014832
381	C	4684	58300	54436	0.086046	40195	1217	58300	305	567383	524918	0.000581	1911	42	567313	0	0	0	nan	0	0	0	0.085465	0.001258	0.085465	0.001258	1.248903	0.018383
382	U	523	58300	55122	0.009488	40184	1217	58300	434	567693	535430	0.000811	1911	42	567623	0	0	0	nan	0	0	0	0.008677	0.000417	0.008677	0.000417	0.126797	0.006094
383	G	657	58300	55463	0.011846	40176	1217	58300	313	567980	531663	0.000589	1911	42	567912	0	0	0	nan	0	0	0	0.011257	0.000463	0.011257	0.000463	0.164499	0.006766
384	U	310	58300	54969	0.005640	40122	1217	58300	403	568390	531997	0.000758	1911	42	568322	0	0	0	nan	0	0	0	0.004882	0.000323	0.004882	0.000323	0.071341	0.004720
385	G	221	58300	54722	0.004039	40113	1217	58300	286	568661	533217	0.000536	1911	42	568593	0	0	0	nan	0	0	0	0.003502	0.000274	0.003502	0.000274	0.051175	0.004004
386	G	210	58300	54270	0.003870	40037	1217	58300	264	569039	536280	0.000492	1910	42	568972	0	0	0	nan	0	0	0	0.003377	0.000269	0.003377	0.000269	0.049348	0.003931
387	A	1726	58300	54943	0.031414	40011	1217	58300	226	569497	539059	0.000419	1910	42	569430	0	0	0	nan	0	0	0	0.030995	0.000757	0.030995	0.000757	0.452931	0.011062
388	U	529	58300	55532	0.009526	39999	1217	58300	419	569688	537515	0.000780	1910	42	569621	0	0	0	nan	0	0	0	0.008747	0.000416	0.008747	0.000416	0.127820	0.006079
389	G	280	58300	54852	0.005105	39936	1217	58300	245	569974	532320	0.000460	1910	42	569909	0	0	0	nan	0	0	0	0.004644	0.000306	0.004644	0.000306	0.067863	0.004472
390	A	2429	58300	54680	0.044422	39927	1217	58300	242	570236	530451	0.000456	1910	42	570171	0	0	0	nan	0	0	0	0.043966	0.000902	0.043966	0.000902	0.642477	0.013181
391	U	258	58300	54517	0.004732	39913	1217	58300	502	570464	526053	0.000954	1910	42	570401	0	0	0	nan	0	0	0	0.003778	0.000298	0.003778	0.000298	0.055208	0.004355
392	C	1398	58300	54861	0.025483	39881	1217	58300	248	570919	531635	0.000466	1910	42	570858	0	0	0	nan	0	0	0	0.025016	0.000682	0.025016	0.000682	0.365560	0.009966
393	A	274	58300	54935	0.004988	39864	1217	58300	218	571480	530596	0.000411	1911	42	571421	0	0	0	nan	0	0	0	0.004577	0.000303	0.004577	0.000303	0.066884	0.004428
394	U	110	58300	54568	0.002016	39840	1217	58300	516	571815	536710	0.000961	1911	42	571756	0	0	0	nan	0	0	0	0.001054	0.000197	0.001054	0.000197	0.015402	0.002879
395	C	504	58300	53189	0.009476	39804	1217	58300	186	572315	538012	0.000346	1910	42	572256	0	0	0	nan	0	0	0	0.009130	0.000423	0.009130	0.000423	0.133417	0.006181
396	A	3535	58300	53472	0.066109	39725	1217	58300	191	572936	549366	0.000348	1910	42	572877	0	0	0	nan	0	0	0	0.065762	0.001112	0.065762	0.001112	0.960982	0.016250
397	C	6141	58300	51963	0.118180	39719	1217	58300	5733	573361	540913	0.010599	1910	42	573302	0	0	0	nan	0	0	0	0.107581	0.001515	0.107581	0.001515	1.572085	0.022139
398	U	1199	58300	51526	0.023270	39713	1217	58300	1536	573690	535926	0.002866	1910	42	573631	0	0	0	nan	0	0	0	0.020404	0.000676	0.020404	0.000676	0.298164	0.009878
399	U	1095	58300	51946	0.021080	39685	1217	58300	273	574163	534963	0.000510	1910	41	574104	0	0	0	nan	0	0	0	0.020569	0.000638	0.020569	0.000638	0.300575	0.009323
400	U	888	58300	51237	0.017331	39614	1217	58300	167	574394	543974	0.000307	1911	41	574336	0	0	0	nan	0	0	0	0.017024	0.000582	0.017024	0.000582	0.248772	0.008505
401	A	5701	58300	53316	0.106929	39312	1217	58300	426	574475	549167	0.000776	1909	42	574430	0	0	0	nan	0	0	0	0.106153	0.001417	0.106153	0.001417	1.551217	0.020707
402	A	3364	58300	55473	0.060642	39237	1217	58300	213	574765	550610	0.000387	1909	52	574721	0	0	0	nan	0	0	0	0.060255	0.001046	0.060255	0.001046	0.880508	0.015285
403	G	412	58300	55939	0.007365	39228	1217	58300	1889	574900	546620	0.003456	1909	53	574857	0	0	0	nan	0	0	0	0.003909	0.000371	0.003909	0.000371	0.057122	0.005421
404	G	169	58300	55986	0.003019	39187	1217	58300	323	575001	541458	0.000597	1875	54	574962	0	0	0	nan	0	0	0	0.002422	0.000235	0.002422	0.000235	0.035393	0.003434
405	U	144	58300	55960	0.002573	39163	1217	58300	336	575195	543266	0.000618	1874	55	575156	0	0	0	nan	0	0	0	0.001955	0.000217	0.001955	0.000217	0.028568	0.003171
406	G	70	58300	55454	0.001262	39097	1217	58300	197	575509	541555	0.000364	1874	56	575470	0	0	0	nan	0	0	0	0.000899	0.000153	0.000899	0.000153	0.013137	0.002236
407	A	897	58300	55657	0.016117	39088	1217	58300	173	575756	540072	0.000320	1875	59	575717	0	0	0	nan	0	0	0	0.015796	0.000539	0.015796	0.000539	0.230827	0.007876
408	U	201	58300	55459	0.003624	39075	1217	58300	742	576105	537729	0.001380	1875	59	576068	0	0	0	nan	0	0	0	0.002244	0.000261	0.002244	0.000261	0.032792	0.003814
409	C	1082	58300	55177	0.019610	39025	1217	58300	818	576417	543578	0.001505	1874	60	576382	0	0	0	nan	0	0	0	0.018105	0.000598	0.018105	0.000598	0.264569	0.008739
410	C	4057	58300	54622	0.074274	38942	1217	58300	365	576833	552627	0.000660	1874	63	576799	0	0	0	nan	0	0	0	0.073614	0.001167	0.073614	0.001167	1.075724	0.017053
411	U	276	58300	54477	0.005066	38883	1217	58300	366	577041	553110	0.000662	1875	65	577007	0	0	0	nan	0	0	0	0.004405	0.000307	0.004405	0.000307	0.064370	0.004486
412	G	258	58300	53731	0.004802	38849	1217	58300	915	577417	549874	0.001664	1875	66	577383	0	0	0	nan	0	0	0	0.003138	0.000304	0.003138	0.000304	0.045856	0.004442
413	C	1743	58300	53313	0.032694	38796	1217	58300	253	577694	549862	0.000460	1875	67	577660	0	0	0	nan	0	0	0	0.032234	0.000784	0.032234	0.000784	0.471036	0.011457
414	A	3535	58300	53579	0.065977	38710	1217	58300	303	578081	549812	0.000551	1875	68	578047	0	0	0	nan	0	0	0	0.065426	0.001110	0.065426	0.001110	0.956072	0.016220
415	C	4870	58300	53535	0.090969	38633	1217	58300	263	578445	551715	0.000477	1875	70	578411	0	0	0	nan	0	0	0	0.090492	0.001304	0.090492	0.001304	1.322362	0.019055
416	U	800	58300	52279	0.015303	38616	1216	58300	177	578734	550763	0.000321	1875	71	578701	0	0	0	nan	0	0	0	0.014981	0.000542	0.014981	0.000542	0.218918	0.007920
417	A	4348	58300	54206	0.080213	38457	1216	58300	253	578983	554808	0.000456	1875	71	578952	0	0	0	nan	0	0	0	0.079757	0.001217	0.079757	0.001217	1.165492	0.017784
418	U	770	58300	54304	0.014179	38439	1216	58300	348	579236	558266	0.000623	1875	72	579205	0	0	0	nan	0	0	0	0.013556	0.000512	0.013556	0.000512	0.198094	0.007482
419	G	309	58300	54465	0.005673	38420	1216	58300	479	579425	560478	0.000855	1875	72	579396	0	0	0	nan	0	0	0	0.004819	0.000325	0.004819	0.000325	0.070420	0.004749
420	G	370	58300	53061	0.006973	38281	1216	58300	1695	579647	559035	0.003032	1875	72	579621	0	0	0	nan	0	0	0	0.003941	0.000370	0.003941	0.000370	0.057590	0.005407
421	C	828	58300	50763	0.016311	38263	1216	58300	364	579860	560427	0.000650	1875	73	579835	0	0	0	nan	0	0	0	0.015662	0.000568	0.015662	0.000568	0.228869	0.008300
422	A	3080	58300	52867	0.058259	38133	1216	58300	344	580143	557965	0.000617	1874	73	580118	0	0	0	nan	0	0	0	0.057643	0.001050	0.057643	0.001050	0.842339	0.015344
423	C	3671	58300	53299	0.068876	38051	1216	58300	206	580314	561539	0.000367	1874	74	580289	0	0	0	nan	0	0	0	0.068509	0.001137	0.068509	0.001137	1.001124	0.016615
424	A	2866	58300	53636	0.053434	37815	1216	58300	212	580604	557489	0.000380	1874	75	580579	0	0	0	nan	0	0	0	0.053054	0.000998	0.053054	0.000998	0.775280	0.014584
425	C	3346	58300	53968	0.062000	37784	1216	58300	294	580775	562015	0.000523	1874	75	580750	0	0	0	nan	0	0	0	0.061477	0.001072	0.061477	0.001072	0.898365	0.015665
426	U	629	58300	54445	0.011553	37779	1217	58300	326	580992	561031	0.000581	1874	75	580967	0	0	0	nan	0	0	0	0.010972	0.000462	0.010972	0.000462	0.160334	0.006751
427	G	569	58300	54699	0.010402	37720	1217	58300	967	581163	566842	0.001706	1869	75	581140	0	0	0	nan	0	0	0	0.008696	0.000440	0.008696	0.000440	0.127075	0.006430
428	G	414	58300	54350	0.007617	37619	1217	58300	443	581373	563025	0.000787	1869	75	581353	0	0	0	nan	0	0	0	0.006830	0.000376	0.006830	0.000376	0.099807	0.005494
429	U	707	58300	53472	0.013222	37596	1217	58300	505	581514	561663	0.000899	1869	75	581494	0	0	0	nan	0	0	0	0.012323	0.000499	0.012323	0.000499	0.180076	0.007292
430	A	3113	58300	52873	0.058877	37524	1217	58300	298	581706	552619	0.000539	1869	77	581686	0	0	0	nan	0	0	0	0.058338	0.001056	0.058338	0.001056	0.852495	0.015431
431	A	3461	58300	53776	0.064360	37316	1217	58300	227	581840	545158	0.000416	1869	78	581820	0	0	0	nan	0	0	0	0.063943	0.001094	0.063943	0.001094	0.934401	0.015987
432	U	504	58300	53635	0.009397	37312	1217	58300	364	581977	545039	0.000668	1869	78	581957	0	0	0	nan	0	0	0	0.008729	0.000420	0.008729	0.000420	0.127557	0.006137
433	C	2886	58300	53422	0.054023	37288	1217	58300	188	582209	550537	0.000341	1869	78	582189	0	0	0	nan	0	0	0	0.053681	0.001006	0.053681	0.001006	0.784442	0.014701
434	G	251	58300	54129	0.004637	37279	1217	58300	218	582472	563506	0.000387	1869	78	582452	0	0	0	nan	0	0	0	0.004250	0.000294	0.004250	0.000294	0.062105	0.004296
435	A	4274	58300	56114	0.076166	37071	1217	58300	197	582724	563451	0.000350	1863	78	582704	0	0	0	nan	0	0	0	0.075817	0.001165	0.075817	0.001165	1.107916	0.017024
436	C	1782	58300	56674	0.031443	37053	1217	58300	218	583136	566302	0.000385	1863	78	583117	0	0	0	nan	0	0	0	0.031058	0.000745	0.031058	0.000745	0.453852	0.010887
437	G	589	58300	56794	0.010371	37039	1217	58300	1097	583567	560854	0.001956	1863	78	583551	0	0	0	nan	0	0	0	0.008415	0.000431	0.008415	0.000431	0.122969	0.006298
438	G	276	58300	56897	0.004851	36941	1217	58300	618	583914	560723	0.001102	1862	78	583898	0	0	0	nan	0	0	0	0.003749	0.000295	0.003749	0.000295	0.054784	0.004311
439	G	129	58300	56856	0.002269	36827	1217	58300	557	584164	559480	0.000996	1862	78	584148	0	0	0	nan	0	0	0	0.001273	0.000204	0.001273	0.000204	0.018602	0.002981
440	G	369	58300	56629	0.006516	36643	1217	58300	921	584235	562395	0.001638	1862	78	584222	0	0	0	nan	0	0	0	0.004878	0.000343	0.004878	0.000343	0.071282	0.005012
441	U	396	58300	56318	0.007031	36621	1217	58300	466	584359	560855	0.000831	1862	78	584346	0	0	0	nan	0	0	0	0.006201	0.000355	0.006201	0.000355	0.090615	0.005188
442	U	583	58300	56115	0.010389	36374	1217	58300	181	584539	565632	0.000320	1862	78	584526	0	0	0	nan	0	0	0	0.010069	0.000431	0.010069	0.000431	0.147139	0.006298
443	A	3359	58300	56286	0.059677	36332	1217	58300	186	585008	566809	0.000328	1862	78	584995	0	0	0	nan	0	0	0	0.059349	0.001030	0.059349	0.001030	0.867269	0.015051
444	C	1891	58300	56290	0.033594	36311	1216	58300	214	585169	567462	0.000377	1862	78	585156	0	0	0	nan	0	0	0	0.033217	0.000773	0.033217	0.000773	0.485401	0.011296
445	G	323	58300	55638	0.005805	36232	1216	58300	1433	585353	558319	0.002567	1862	78	585340	0	0	0	nan	0	0	0	0.003239	0.000330	0.003239	0.000330	0.047332	0.004822
446	C	1353	58300	55115	0.024549	36109	1216	58300	258	585517	545535	0.000473	1862	78	585504	0	0	0	nan	0	0	0	0.024076	0.000668	0.024076	0.000668	0.351823	0.009762
447	C	1061	58300	55378	0.019159	35824	1215	58300	462	585808	544353	0.000849	1861	78	585795	0	0	0	nan	0	0	0	0.018311	0.000590	0.018311	0.000590	0.267579	0.008622
448	G	131	58300	55367	0.002366	35806	1215	58300	256	586036	552758	0.000463	1861	78	586023	0	0	0	nan	0	0	0	0.001903	0.000209	0.001903	0.000209	0.027809	0.003054
449	A	820	58300	55447	0.014789	35773	1215	58300	160	586392	567736	0.000282	1861	78	586379	0	0	0	nan	0	0	0	0.014507	0.000517	0.014507	0.000517	0.211991	0.007555
450	A	3783	58300	55211	0.068519	35591	1214	58300	185	586708	569943	0.000325	1861	78	586696	0	0	0	nan	0	0	0	0.068194	0.001114	0.068194	0.001114	0.996521	0.016279
451	C	5535	58300	55766	0.099254	35221	1214	58300	246	586897	571782	0.000430	1859	78	586886	0	0	0	nan	0	0	0	0.098824	0.001334	0.098824	0.001334	1.444118	0.019494
452	A	3559	58300	56651	0.062823	35160	1214	58300	183	586897	564474	0.000324	1859	78	586886	0	0	0	nan	0	0	0	0.062499	0.001053	0.062499	0.001053	0.913300	0.015388
453	U	0	58300	57509	0.000000	35148	1214	58300	0	586897	568157	0.000000	1859	78	586886	0	0	0	nan	0	0	0	0.000000	0.000000	0.000000	0.000000	0.000000	0.000000
454	g	0	58300	0	nan	34921	1212	58300	0	586897	0	nan	1859	78	586886	0	0	0	nan	0	0	0	nan	nan	nan	nan	nan	nan
455	a	0	58300	0	nan	34911	1212	58300	0	586897	0	nan	1859	78	586886	0	0	0	nan	0	0	0	nan	nan	nan	nan	nan	nan
456	u	0	58300	0	nan	34790	1212	58300	0	586897	0	nan	1859	78	586886	0	0	0	nan	0	0	0	nan	nan	nan	nan	nan	nan
457	c	0	58300	0	nan	34680	1211	58300	0	586897	0	nan	1858	78	586886	0	0	0	nan	0	0	0	nan	nan	nan	nan	nan	nan
458	g	0	58300	0	nan	34436	1210	58300	0	586896	0	nan	1856	78	586886	0	0	0	nan	0	0	0	nan	nan	nan	nan	nan	nan
459	a	0	58300	0	nan	34393	1209	58300	0	586896	0	nan	1856	78	586886	0	0	0	nan	0	0	0	nan	nan	nan	nan	nan	nan
460	c	0	58300	0	nan	34181	1208	58300	0	586888	0	nan	1855	78	586886	0	0	0	nan	0	0	0	nan	nan	nan	nan	nan	nan
461	u	0	58300	0	nan	34069	1204	58300	0	586888	0	nan	1855	78	586886	0	0	0	nan	0	0	0	nan	nan	nan	nan	nan	nan
462	a	0	58300	0	nan	33831	1202	58300	0	586886	0	nan	1851	78	586886	0	0	0	nan	0	0	0	nan	nan	nan	nan	nan	nan
463	u	0	58300	0	nan	33810	1202	58300	0	586886	0	nan	1851	78	586886	0	0	0	nan	0	0	0	nan	nan	nan	nan	nan	nan
464	u	0	58179	0	nan	33809	1202	58179	0	586883	0	nan	1851	78	586883	0	0	0	nan	0	0	0	nan	nan	nan	nan	nan	nan
465	u	0	57694	0	nan	33793	1202	57694	0	586873	0	nan	1851	78	586873	0	0	0	nan	0	0	0	nan	nan	nan	nan	nan	nan
466	c	0	57692	0	nan	33793	1202	57692	0	586871	0	nan	1851	78	586871	0	0	0	nan	0	0	0	nan	nan	nan	nan	nan	nan
467	g	0	57688	0	nan	33790	1202	57688	0	586869	0	nan	1851	78	586869	0	0	0	nan	0	0	0	nan	nan	nan	nan	nan	nan
468	g	0	56925	0	nan	33761	1201	56925	0	586863	0	nan	1851	78	586863	0	0	0	nan	0	0	0	nan	nan	nan	nan	nan	nan
469	a	0	56920	0	nan	33760	1201	56920	0	586847	0	nan	1851	78	586847	0	0	0	nan	0	0	0	nan	nan	nan	nan	nan	nan
470	c	0	56915	0	nan	33758	1201	56915	0	586832	0	nan	1851	78	586832	0	0	0	nan	0	0	0	nan	nan	nan	nan	nan	nan
471	g	0	56913	0	nan	33757	1201	56913	0	586799	0	nan	1851	78	586799	0	0	0	nan	0	0	0	nan	nan	nan	nan	nan	nan
472	g	0	56580	0	nan	33666	1200	56580	0	586111	0	nan	1849	78	586111	0	0	0	nan	0	0	0	nan	nan	nan	nan	nan	nan
473	c	0	56246	0	nan	33551	1197	56246	0	585393	0	nan	1846	78	585393	0	0	0	nan	0	0	0	nan	nan	nan	nan	nan	nan