473	Window=3	Metric=PAIRMAPPER	
i	j	Sig.	Class	Zij	Zi	Zj	Mod_Depth	Mod_Comuts	Unt_Depth	Unt_Comuts
393	406	69.19	1	11.12	9.10	13.15	54695	59	531514	4
70	87	25.48	2	4.21	7.04	1.39	46311	484	358992	7
115	126	55.46	2	7.98	9.82	6.14	43065	104	240020	3
116	125	87.30	2	9.54	9.65	9.43	44270	126	257092	1
144	155	80.71	2	10.20	12.33	8.07	43850	148	232190	3
299	308	69.85	2	12.88	9.06	16.70	40557	204	311046	0
328	351	36.93	2	6.95	8.01	5.89	47367	156	419774	2
329	350	27.18	2	6.12	7.31	4.93	46725	129	405692	0
335	348	27.60	2	7.14	9.09	5.20	47684	231	433586	12
375	387	27.40	2	7.39	6.91	7.87	53504	83	531170	3
391	405	27.61	2	4.39	3.28	5.50	55257	70	538659	4
411	420	33.98	2	6.84	5.32	8.35	51752	244	554910	19
38	49	33.10	0	8.25	9.84	6.65	49348	473	466138	3
67	87	45.02	0	7.05	11.62	2.47	45515	646	364083	9
386	431	31.16	0	6.34	7.98	4.69	53452	381	536586	1
