1034	Window=3	Metric=PAIRMAPPER	
i	j	Sig.	Class	Zij	Zi	Zj	Mod_Depth	Mod_Comuts	Unt_Depth	Unt_Comuts
178	189	230.98	1	8.15	12.91	3.40	498834	660	754163	40
179	188	449.97	1	9.05	11.19	6.92	498418	612	754444	7
207	218	109.02	1	5.14	8.38	1.90	491824	755	745232	67
225	267	167.86	1	8.92	8.90	8.93	489401	617	700323	10
226	266	229.17	1	9.03	7.11	10.95	485790	544	683699	8
230	262	78.70	1	2.75	1.73	3.77	488748	379	679446	71
233	259	63.04	1	3.86	3.65	4.07	480633	218	656080	35
240	251	95.36	1	7.71	3.88	11.54	480802	742	657895	78
433	447	313.41	1	7.80	5.24	10.36	497879	641	716369	5
66	78	91.52	2	4.86	3.86	5.86	487845	1859	777564	2
68	128	39.20	2	3.11	3.70	2.52	467704	2644	766847	17
70	82	27.56	2	2.40	4.23	0.56	482844	1355	780122	30
71	81	41.48	2	3.29	5.41	1.17	483844	1452	780275	24
81	92	99.15	2	4.38	2.99	5.77	494136	2412	766914	19
83	116	148.51	2	5.28	3.71	6.85	495191	1897	771858	19
83	120	45.39	2	3.27	1.04	5.50	502946	2461	780365	17
83	123	28.29	2	3.47	0.60	6.34	500190	811	771083	35
83	130	69.32	2	2.70	1.66	3.75	494549	1943	769513	56
84	115	157.80	2	7.29	6.85	7.73	497770	1954	770624	36
89	131	26.72	2	2.55	4.16	0.93	490528	2375	753731	36
90	133	34.15	2	3.65	5.58	1.71	485158	2134	759192	25
123	142	24.27	2	5.84	5.40	6.28	502042	446	764537	17
131	140	271.65	2	12.81	11.22	14.41	500451	3100	753911	75
140	317	54.90	2	3.13	2.76	3.49	429757	2745	372363	19
150	199	29.60	2	2.06	1.09	3.02	501731	604	747906	37
156	212	167.86	2	6.62	4.45	8.78	495577	3363	752852	5
157	173	59.10	2	3.09	2.70	3.48	506300	795	766104	9
158	210	49.57	2	2.55	2.92	2.17	495010	1132	742029	1
159	212	47.75	2	2.82	3.27	2.37	493881	1555	751800	8
176	214	29.81	2	2.69	2.54	2.84	495695	1233	747336	40
177	190	87.15	2	3.18	5.21	1.16	504889	724	755456	78
177	202	25.84	2	3.56	1.43	5.68	503018	565	738517	72
177	213	29.65	2	2.23	1.67	2.80	494871	1200	747079	36
179	202	28.95	2	3.50	0.60	6.39	499199	394	736466	19
198	212	53.21	2	4.77	6.88	2.66	497177	1590	746166	8
212	243	24.15	2	4.45	1.11	7.80	485750	845	731428	4
227	268	43.93	2	3.27	1.69	4.84	486897	766	693166	5
231	261	55.02	2	5.52	10.32	0.71	487228	121	677212	10
234	254	37.06	2	3.60	0.87	6.32	467996	331	635013	10
240	250	41.82	2	4.82	1.63	8.01	485000	282	687475	104
241	250	51.20	2	5.80	1.74	9.85	488422	238	688891	69
241	253	57.10	2	4.21	1.96	6.47	467826	634	642991	83
242	252	36.85	2	4.04	2.43	5.64	450570	597	616584	55
242	253	60.51	2	5.48	4.09	6.86	462360	679	642913	89
250	260	57.60	2	6.40	11.11	1.69	477864	207	652037	56
279	297	88.58	2	6.52	6.91	6.13	434195	837	401241	10
296	319	167.88	2	11.00	9.89	12.11	435592	801	452076	24
311	320	24.87	2	5.32	5.04	5.60	347532	400	444003	29
337	353	252.07	2	10.07	13.11	7.03	417922	2485	545845	3
341	350	486.55	2	12.77	8.37	17.18	461697	1262	635637	11
369	394	66.42	2	4.82	3.85	5.79	464771	717	655752	7
370	393	105.11	2	6.38	5.76	7.01	471781	1460	661657	3
371	392	99.47	2	7.43	6.09	8.78	476892	1192	659923	4
378	424	30.10	2	2.94	3.61	2.27	485629	362	686259	20
378	486	34.63	2	2.24	4.20	0.28	487944	949	692402	38
415	432	34.47	2	2.02	3.63	0.41	492961	554	706050	12
416	434	58.50	2	4.08	7.30	0.87	493171	339	710326	10
417	429	44.92	2	2.57	2.72	2.43	496961	346	715367	12
417	485	98.89	2	3.42	6.23	0.61	499754	812	722823	13
418	484	285.32	2	7.00	12.01	1.99	501226	2477	720371	9
423	478	227.78	2	3.38	1.67	5.10	501374	1652	719076	21
424	477	116.55	2	5.32	9.45	1.20	504938	889	724866	15
424	485	52.13	2	2.21	4.10	0.32	504303	832	725796	10
425	453	51.03	2	3.35	5.49	1.21	490097	402	712766	14
426	436	41.51	2	5.61	4.55	6.67	492458	587	718561	8
431	449	197.79	2	6.57	10.05	3.09	491308	855	707473	14
432	448	216.32	2	6.17	3.28	9.06	491142	837	698843	11
434	446	61.17	2	3.85	0.91	6.78	486387	271	700832	7
435	448	221.55	2	8.51	7.74	9.28	484192	389	687165	12
436	447	29.37	2	2.76	4.65	0.87	494587	749	724878	9
445	482	24.50	2	2.42	1.37	3.48	494190	276	717528	21
453	462	250.75	2	8.83	6.41	11.24	479316	1842	730674	42
474	489	128.73	2	2.73	1.78	3.69	1494176	2960	1929420	20
478	488	591.19	2	9.86	13.24	6.47	1498664	3703	1908086	61
488	508	76.73	2	2.06	0.84	3.27	950994	2582	1175617	20
489	498	67.31	2	2.98	1.93	4.04	983758	2011	1174633	15
489	507	155.44	2	5.26	4.45	6.07	987050	2519	1175526	12
515	541	93.99	2	3.04	2.66	3.42	977336	1605	1155638	61
516	540	138.41	2	4.52	4.72	4.32	980612	1810	1152769	28
531	541	210.51	2	6.47	5.49	7.45	990867	1732	1154851	82
573	629	92.43	2	2.33	2.45	2.20	957215	2041	1135314	27
573	630	169.31	2	3.15	4.33	1.97	964881	3184	1135621	25
574	629	234.54	2	4.41	3.53	5.30	956958	3288	1134988	17
575	628	79.47	2	2.87	0.80	4.93	946809	2744	1135113	23
576	627	103.49	2	3.13	1.40	4.86	951810	2166	1137794	28
596	619	143.04	2	4.75	4.80	4.70	886120	5620	1120462	78
616	626	151.61	2	3.80	4.75	2.85	955023	3796	1136681	85
616	631	307.72	2	6.45	9.48	3.43	958701	5366	1133814	40
631	646	143.35	2	3.53	1.69	5.37	970798	4809	1134396	22
650	724	175.86	2	4.58	7.35	1.82	1893559	3828	2232269	174
658	694	188.75	2	2.00	3.35	0.65	1905023	7322	2239352	120
664	682	328.08	2	3.59	3.69	3.49	1938455	2599	2273153	228
666	693	450.61	2	3.99	6.81	1.17	1970512	3534	2270932	36
667	692	511.06	2	5.70	10.31	1.10	1951905	4295	2254515	29
674	683	2500.19	2	11.67	8.53	14.81	1876015	5970	2278988	195
694	711	101.31	2	2.59	0.38	4.80	1911965	2829	2244340	55
709	736	70.14	2	2.81	5.06	0.55	1928530	3857	2244475	84
718	735	262.69	2	2.71	2.98	2.43	1886279	9688	2241048	89
742	771	294.90	2	2.94	3.31	2.58	1728122	5628	2197553	180
743	766	212.70	2	2.68	1.61	3.74	1829393	5878	2194095	67
745	792	397.07	2	3.33	3.35	3.31	1777917	7644	2188151	105
759	781	141.62	2	2.93	3.79	2.08	1896669	6101	2209929	567
759	785	100.73	2	3.64	2.73	4.55	1900207	1410	2215805	72
759	787	133.45	2	4.11	3.58	4.65	1903251	2626	2210753	500
760	780	283.96	2	3.98	6.30	1.66	1889609	3200	2224289	182
760	784	115.45	2	5.06	2.63	7.48	1883357	1062	2225283	67
761	779	408.46	2	4.19	6.69	1.70	1879308	3219	2220814	131
765	776	755.63	2	8.63	15.59	1.67	1844156	5204	2221126	27
771	782	867.07	2	7.76	7.42	8.10	1789735	10125	2207379	774
771	788	161.64	2	2.08	1.45	2.70	1799883	4683	2206489	612
782	793	517.49	2	4.95	4.88	5.03	1883524	14259	2205110	395
803	847	96.36	2	3.00	2.04	3.96	914550	3646	1124465	8
818	827	159.82	2	6.45	1.54	11.35	1938341	1185	2242479	24
818	847	150.59	2	3.77	1.45	6.10	925367	1692	1120951	10
827	837	34.46	2	2.07	2.53	1.61	1947300	706	2223438	112
830	853	82.22	2	4.19	7.35	1.03	924224	2217	1143567	59
838	853	261.80	2	5.19	7.51	2.86	951713	1842	1152819	81
839	852	158.86	2	3.92	5.81	2.04	953080	1449	1151736	63
849	888	142.78	2	3.42	2.47	4.37	957420	4710	1120844	69
867	886	32.21	2	2.22	2.25	2.19	921254	2679	1112076	41
41	62	42.39	0	6.98	10.33	3.63	480923	910	783654	9
55	68	25.34	0	1.92	1.51	2.33	465791	4329	775850	16
56	67	45.38	0	5.09	6.47	3.71	484142	2870	778950	10
65	79	43.32	0	3.17	0.86	5.49	489242	2106	777997	4
83	133	40.41	0	1.49	0.91	2.07	492545	1844	762415	45
84	122	38.46	0	5.38	1.54	9.22	503583	895	772322	22
97	107	57.09	0	10.17	5.45	14.89	476916	1299	773094	31
131	222	82.91	0	2.33	3.29	1.36	491906	5922	734652	108
146	309	43.67	0	3.03	0.78	5.29	393294	1479	346978	5
147	308	79.78	0	3.69	1.62	5.77	370741	2319	325306	6
148	307	24.69	0	1.61	0.86	2.36	388225	1407	349631	3
152	184	38.15	0	4.14	4.11	4.16	488113	2549	761281	14
152	218	27.09	0	1.61	2.86	0.35	494713	688	746935	46
156	216	29.47	0	1.43	0.65	2.21	499926	2807	747128	7
157	208	29.46	0	1.75	1.27	2.22	499820	378	758439	15
157	211	115.57	0	4.64	5.43	3.84	500392	2016	752961	3
160	171	27.03	0	1.48	2.77	0.18	496004	1242	745726	13
161	170	31.62	0	5.64	10.84	0.44	491819	1918	753219	14
171	199	28.27	0	1.54	0.20	2.88	500419	1231	748634	9
173	196	40.12	0	6.43	2.31	10.55	507905	2040	760957	8
175	184	128.80	0	14.94	15.43	14.45	492462	1678	757658	18
220	288	29.40	0	1.77	2.26	1.28	461784	2350	630233	30
220	314	31.12	0	1.70	2.40	1.00	373149	729	343869	11
227	264	30.35	0	1.65	1.12	2.18	461794	1379	641594	40
294	316	40.18	0	1.98	1.75	2.21	301176	1421	325088	9
298	308	34.74	0	3.63	4.85	2.41	298469	1019	282512	13
319	359	36.13	0	1.76	2.41	1.11	453168	1286	582762	28
319	488	39.02	0	1.52	2.62	0.43	460701	941	587203	22
351	372	44.59	0	4.89	0.82	8.96	474739	3374	645195	11
368	381	36.48	0	4.43	7.21	1.64	477531	1160	668939	40
375	486	27.21	0	0.73	1.23	0.22	487336	1101	670635	54
377	487	54.23	0	1.30	1.99	0.62	479118	943	673291	55
405	443	27.84	0	3.68	5.05	2.30	470481	3656	701226	35
414	441	26.18	0	4.80	5.63	3.97	482228	1764	699185	14
415	435	24.34	0	1.59	2.48	0.71	485796	211	692088	24
416	455	26.90	0	1.68	3.21	0.14	490267	961	717448	5
417	464	36.63	0	1.21	2.18	0.25	488668	1286	720184	4
419	446	26.08	0	1.59	0.45	2.73	487701	370	693113	6
421	479	27.15	0	0.85	0.03	1.68	499455	795	712210	18
422	479	35.23	0	1.15	0.12	2.18	501786	720	717681	20
423	460	25.61	0	1.13	0.06	2.21	491221	994	720967	20
425	455	24.81	0	1.33	2.53	0.12	493077	1071	716641	5
426	441	46.86	0	6.24	5.17	7.32	484928	808	714558	7
428	473	226.67	0	7.58	12.86	2.31	491312	2076	711097	5
432	445	36.81	0	1.31	0.44	2.17	489413	553	702851	11
446	455	56.58	0	3.35	6.25	0.44	483436	801	709676	12
456	481	26.83	0	1.97	0.19	3.76	491264	1067	737221	6
460	483	28.46	0	1.50	2.48	0.52	495629	987	738926	17
461	487	30.46	0	0.67	1.00	0.35	489025	702	729154	49
485	516	47.99	0	1.04	0.29	1.78	994341	3587	1164133	35
488	512	92.28	0	2.69	1.01	4.38	986351	3760	1166542	58
495	552	50.83	0	1.11	1.70	0.53	969689	5540	1154636	14
496	551	55.22	0	1.59	2.83	0.36	957114	5730	1149644	11
507	538	43.20	0	1.86	1.83	1.90	985192	5516	1156243	8
508	531	34.58	0	1.32	1.58	1.07	958531	2431	1164087	28
508	537	38.08	0	1.56	1.72	1.40	955505	4777	1162555	14
512	555	40.70	0	1.31	2.05	0.57	935509	6577	1152299	35
533	553	37.90	0	1.02	1.71	0.34	976560	4297	1149790	28
555	572	31.51	0	2.07	0.48	3.67	921723	1913	1153450	18
570	594	24.78	0	1.30	1.90	0.69	927761	4893	1145133	21
577	626	185.99	0	3.79	4.12	3.46	931149	3325	1141071	87
577	631	268.06	0	4.43	5.85	3.01	935147	4542	1137619	46
578	600	147.97	0	4.39	2.16	6.62	917852	4948	1138354	304
578	625	61.69	0	1.20	1.01	1.38	935912	3793	1140099	120
597	618	94.52	0	3.28	2.39	4.16	925313	5282	1124638	107
597	625	69.57	0	1.67	1.81	1.54	942596	6953	1127946	72
597	628	24.75	0	1.22	0.76	1.68	934166	3391	1122782	83
598	627	29.81	0	1.38	1.22	1.54	946617	2108	1128599	88
619	648	24.48	0	1.49	0.98	2.01	922032	5303	1111382	54
628	637	99.75	0	7.00	6.14	7.86	951120	6440	1137654	41
646	658	34.55	0	1.11	1.49	0.73	950303	3374	1100548	26
649	782	96.28	0	1.40	1.81	0.99	1887340	6983	2148840	113
649	788	46.95	0	0.95	1.04	0.87	1901846	3625	2146459	59
650	674	35.70	0	0.90	1.59	0.21	1859976	1888	2257749	54
650	787	26.96	0	1.14	1.23	1.04	1913882	1519	2157745	94
655	665	54.78	0	1.14	1.75	0.53	1931621	3087	2274951	129
655	745	48.86	0	1.03	1.57	0.48	1781545	4749	2154873	179
656	710	37.51	0	1.54	0.67	2.40	1924794	2904	2258479	100
656	736	175.73	0	1.91	2.64	1.18	1900042	8654	2228337	150
659	680	120.29	0	3.67	5.05	2.29	1877278	7586	2263149	79
659	691	31.83	0	0.84	1.43	0.25	1887002	2280	2251617	67
660	696	188.97	0	1.79	0.29	3.30	1898354	27407	2235165	1141
662	680	69.45	0	0.75	0.15	1.35	1942983	40998	2278994	96
665	694	289.83	0	1.76	2.55	0.96	1929339	3959	2240740	84
667	702	115.39	0	1.52	2.39	0.65	1947572	3697	2247463	131
668	718	109.46	0	1.86	2.40	1.32	1915741	9985	2242255	79
671	688	260.62	0	1.89	1.22	2.55	1933250	4642	2272705	75
671	698	56.16	0	2.18	0.34	4.02	1895581	5193	2263374	108
671	699	578.49	0	2.03	2.59	1.47	1917473	15064	2267995	93
672	710	30.04	0	1.08	0.19	1.96	1921526	4259	2274047	20
677	686	199.26	0	12.76	14.29	11.22	1922012	28983	2264308	49
682	722	129.44	0	1.20	1.43	0.97	1904896	5217	2245616	170
682	725	62.09	0	0.73	0.74	0.73	1894768	5419	2234991	595
683	702	299.03	0	1.70	1.84	1.56	1935283	5763	2259799	226
683	724	68.43	0	0.64	0.48	0.79	1901917	6680	2239354	603
684	711	50.11	0	1.69	0.92	2.47	1929126	2931	2257791	25
686	710	48.45	0	2.92	2.80	3.04	1949388	6832	2259848	30
697	708	66.47	0	1.29	1.61	0.97	1927817	12308	2257753	557
697	714	31.15	0	0.67	0.80	0.55	1873062	18007	2247744	269
697	720	113.93	0	1.81	2.71	0.90	1895352	19212	2248820	485
698	713	24.95	0	1.13	1.84	0.42	1889925	7434	2253623	36
699	716	339.34	0	2.59	0.88	4.30	1874351	19894	2216419	113
709	782	29.73	0	1.31	2.24	0.38	1917557	4412	2170313	334
710	793	37.08	0	1.42	2.37	0.47	1907749	3857	2179403	39
712	791	60.39	0	0.87	1.20	0.54	1932877	10078	2182603	9
713	790	145.02	0	1.66	1.68	1.64	1903989	11941	2172734	8
714	783	143.57	0	1.86	1.91	1.81	1862492	16315	2157693	136
714	789	48.04	0	0.72	0.75	0.68	1876145	10125	2159555	139
720	783	60.96	0	0.70	0.55	0.84	1886017	16742	2166265	209
720	789	128.72	0	1.31	0.99	1.64	1900048	10869	2167412	202
721	782	57.37	0	0.67	0.71	0.63	1893971	13250	2173199	440
722	761	70.69	0	0.92	0.59	1.25	1878434	4040	2184514	100
723	765	29.05	0	0.56	0.45	0.67	1853379	3991	2204601	333
723	770	66.98	0	0.77	0.85	0.68	1794598	17942	2209824	914
736	771	176.73	0	1.38	1.19	1.58	1796182	7711	2218789	179
737	811	37.58	0	0.73	0.42	1.05	1873353	13075	2204561	44
741	751	73.81	0	2.95	5.37	0.53	1722307	8892	2208682	25
742	767	219.05	0	1.88	2.48	1.28	1769335	6433	2182009	98
746	772	1681.13	0	7.77	3.85	11.69	1758094	24176	2205377	197
747	797	44.27	0	0.75	0.21	1.30	1783474	20656	2212147	187
749	785	41.80	0	1.36	0.76	1.96	1757107	3795	2192639	60
750	786	75.04	0	1.91	0.54	3.28	1731257	5997	2196725	29
751	785	117.98	0	3.06	0.80	5.31	1759792	5922	2211000	16
761	774	183.06	0	2.62	3.06	2.19	1853204	11150	2225725	49
766	790	94.44	0	1.42	1.73	1.11	1848267	4833	2204045	44
769	872	179.35	0	2.75	2.47	3.03	895625	8268	1110458	62
770	780	1328.74	0	9.57	11.77	7.37	1804598	11928	2226832	227
770	871	232.27	0	1.93	2.13	1.74	877982	13430	1113076	43
771	794	65.47	0	0.59	0.64	0.54	1770631	5483	2211214	178
784	802	28.82	0	1.31	1.96	0.66	1845108	4360	2218209	8
785	804	40.27	0	1.52	1.89	1.15	1909228	4518	2239247	19
786	799	70.49	0	2.78	3.09	2.46	1830476	6450	2213386	57
786	880	25.74	0	1.05	1.21	0.89	938718	1668	1100385	153
796	817	28.57	0	0.74	1.01	0.46	1850845	4896	2238830	53
802	848	96.68	0	3.36	1.96	4.75	907766	3405	1136733	12
804	846	197.55	0	4.18	5.26	3.09	931282	8442	1138133	14
806	818	51.65	0	1.48	2.40	0.56	1880359	6442	2241698	31
816	846	119.21	0	2.60	3.27	1.93	928973	2834	1137443	50
817	848	55.89	0	1.82	0.82	2.82	927823	1201	1140464	23
821	890	66.22	0	2.01	2.85	1.16	920459	6312	1110393	25
828	857	27.06	0	1.25	1.87	0.63	941499	958	1143228	43
846	856	60.05	0	0.83	1.06	0.60	945269	10254	1138921	10
894	905	43.47	0	3.20	1.26	5.14	904017	10301	1106762	7
913	930	38.63	0	3.28	2.83	3.73	868346	10928	1069942	16
914	923	190.77	0	9.26	7.02	11.50	874180	6600	1127114	19
941	956	761.85	0	11.74	6.05	17.42	895708	18374	1113921	394
946	958	123.03	0	5.29	4.80	5.78	894659	2489	1105247	2
947	958	58.37	0	3.21	3.63	2.80	900463	2411	1105769	5
965	978	148.56	0	7.70	6.90	8.50	902826	15625	1111956	107
979	991	126.56	0	7.82	7.91	7.74	938243	5601	1123731	56
