452	Window=3	Metric=PAIRMAPPER	
i	j	Sig.	Class	Zij	Zi	Zj	Mod_Depth	Mod_Comuts	Unt_Depth	Unt_Comuts
167	199	624.70	1	3.26	1.86	4.67	954985	2376	1067058	98
168	198	153.91	1	5.41	10.51	0.30	952297	470	1062990	16
169	197	314.15	1	5.35	9.71	0.99	950181	897	1059712	66
170	196	658.35	1	4.49	4.54	4.44	953055	1195	1064068	36
44	83	108.02	2	2.68	4.35	1.01	961194	3118	1098462	17
45	82	173.95	2	2.92	2.56	3.29	974183	3557	1098997	54
48	79	39.96	2	2.08	0.50	3.66	962459	1259	1105911	8
63	81	236.23	2	4.44	2.57	6.31	949423	2428	1086498	89
70	87	240.55	2	5.62	10.18	1.06	950655	5953	1091237	71
87	111	74.85	2	3.65	0.32	6.98	974514	1811	1090635	57
87	136	98.79	2	3.49	0.43	6.55	970153	2292	1087212	69
89	107	71.77	2	3.57	6.36	0.78	958494	3460	1087903	18
95	147	101.42	2	2.86	3.39	2.33	950112	2606	1073932	6
97	108	63.68	2	2.06	3.71	0.40	967805	2836	1089928	12
98	107	91.67	2	7.89	14.80	0.99	958851	3129	1093017	13
108	136	90.03	2	3.27	0.56	5.97	965400	3134	1083065	8
113	128	154.59	2	3.30	3.93	2.67	969928	1238	1084024	79
114	127	455.86	2	5.54	7.34	3.74	972153	1865	1088800	73
114	139	39.38	2	2.57	0.63	4.50	974986	1100	1082904	61
115	126	781.84	2	8.31	10.46	6.15	960400	1741	1084446	42
116	125	1123.14	2	9.42	10.17	8.68	960553	2116	1088434	17
143	156	105.74	2	3.39	6.13	0.65	943674	1081	1073520	35
144	155	1856.28	2	11.83	12.12	11.53	943718	3161	1072171	99
162	204	477.22	2	5.69	5.68	5.69	949021	2010	1076311	13
163	203	668.41	2	5.85	4.72	6.98	951774	1870	1068969	9
164	201	218.23	2	5.54	2.00	9.08	932599	3948	1038428	42
164	205	237.84	2	3.85	2.18	5.53	951698	2411	1070101	18
170	205	154.80	2	2.33	1.06	3.60	946785	797	1066448	12
171	191	280.15	2	5.01	0.73	9.29	953366	1543	1063834	15
177	187	171.19	2	4.39	0.74	8.04	947746	819	1065595	181
177	188	435.05	2	5.02	1.89	8.14	951542	2348	1064420	152
178	187	186.50	2	4.73	0.69	8.76	954491	741	1069617	150
178	190	283.79	2	3.99	1.06	6.92	956351	2140	1064244	178
179	189	233.34	2	3.14	1.66	4.62	938959	1907	1056188	143
179	190	228.56	2	3.60	1.63	5.58	948147	1990	1064267	181
187	197	116.20	2	2.91	5.46	0.36	956007	641	1062270	102
216	234	357.95	2	6.40	5.72	7.08	950248	3144	1053466	35
217	233	602.53	2	9.79	11.08	8.51	951505	2283	1060466	59
220	230	70.10	2	3.97	6.54	1.40	946643	1511	1048841	38
233	256	364.61	2	6.77	5.15	8.40	931431	2923	1038700	54
254	268	142.88	2	4.45	5.27	3.63	930140	9112	1028906	75
256	296	125.26	2	2.31	2.89	1.73	922889	3744	984011	44
265	296	85.10	2	4.23	7.28	1.18	917103	1782	973142	22
274	290	586.35	2	10.40	12.83	7.97	921476	7017	1028364	14
278	287	943.49	2	10.49	8.16	12.83	915978	3024	1040289	18
306	317	66.89	2	2.22	1.10	3.33	890941	2963	983801	13
306	331	89.14	2	2.74	1.47	4.01	873677	1561	972074	10
307	330	152.87	2	4.66	2.53	6.80	889802	3176	985654	12
308	329	236.56	2	6.48	5.13	7.82	900987	2752	988308	10
352	369	101.17	2	3.43	6.25	0.61	939417	1191	1029775	16
353	371	115.53	2	3.97	7.29	0.65	943121	733	1038579	14
354	366	114.76	2	2.83	2.83	2.83	951379	804	1042299	19
360	415	307.32	2	2.72	1.68	3.75	961819	3029	1048444	25
361	414	283.45	2	4.89	8.09	1.69	970072	1902	1054966	20
362	371	132.08	2	2.68	4.62	0.75	948777	894	1041012	10
363	373	70.41	2	3.46	3.49	3.43	944042	1147	1049016	16
368	386	436.56	2	7.28	11.99	2.58	939185	1843	1033907	20
369	382	140.72	2	2.39	0.84	3.94	933707	1295	1017884	32
369	385	727.28	2	6.48	4.36	8.60	936725	2118	1027029	15
370	384	1039.66	2	8.13	6.05	10.22	950887	1737	1041609	12
371	383	290.40	2	5.37	1.64	9.11	931960	778	1022338	9
372	385	640.51	2	6.95	6.33	7.57	929712	1008	1023870	18
373	384	93.20	2	2.73	4.55	0.92	948437	1671	1055957	8
390	399	455.30	2	9.26	5.92	12.60	919579	3739	1065264	58
415	425	671.56	2	6.52	8.20	4.84	966710	2259	1066262	19
28	37	81.17	0	5.27	8.63	1.92	935351	2080	1082388	35
28	42	49.50	0	3.91	5.26	2.55	964787	5524	1097494	21
29	101	53.22	0	1.48	2.51	0.46	945669	5544	1077063	6
29	102	30.47	0	0.90	1.44	0.36	955767	4536	1098375	28
30	100	109.75	0	2.20	3.09	1.31	951564	5661	1104243	9
31	99	58.90	0	2.05	1.95	2.15	958516	2537	1101547	12
36	93	100.55	0	1.89	1.37	2.41	956189	4142	1091173	7
37	46	88.13	0	1.71	2.08	1.34	938239	2147	1081431	25
37	92	72.28	0	1.40	1.71	1.10	936898	4217	1059556	5
38	49	113.13	0	5.49	7.18	3.79	941292	3851	1095087	21
38	84	47.20	0	1.80	3.00	0.59	943021	2986	1090295	18
43	84	299.23	0	4.37	4.89	3.84	964151	8246	1102633	32
44	100	43.82	0	1.14	1.77	0.52	954642	2844	1101814	10
45	99	40.42	0	1.04	0.60	1.48	967343	2092	1099297	19
66	88	163.94	0	2.53	3.29	1.77	951834	5171	1090293	83
67	87	366.20	0	4.59	7.56	1.62	937530	8262	1095293	96
78	102	94.99	0	2.67	4.21	1.13	960737	5731	1094398	27
79	100	55.73	0	2.88	5.10	0.66	960226	2092	1102202	11
80	93	35.87	0	1.22	1.59	0.85	968703	1163	1089783	26
84	245	42.77	0	2.05	0.54	3.57	947055	6646	1040432	22
85	244	72.67	0	5.21	4.32	6.10	945919	5598	1035214	25
88	135	67.45	0	1.98	0.72	3.24	971954	1662	1083096	44
88	156	53.84	0	0.45	0.57	0.33	952020	2522	1076261	47
93	149	161.23	0	3.97	3.87	4.08	947114	5425	1080624	3
94	148	108.97	0	3.30	4.45	2.15	959865	3729	1086635	7
94	152	36.60	0	1.33	1.49	1.18	965793	3168	1086170	6
95	151	39.92	0	1.48	1.33	1.63	954404	2526	1085803	6
96	146	63.52	0	1.34	1.96	0.72	955888	2296	1081206	17
96	149	43.05	0	1.21	1.33	1.09	947390	3260	1084482	19
104	144	118.01	0	1.60	2.42	0.77	941530	1525	1078569	81
110	133	58.96	0	3.47	1.23	5.72	979517	4590	1089855	10
112	121	171.07	0	9.94	10.40	9.49	948827	2913	1092526	29
112	129	81.56	0	3.33	4.96	1.70	969331	1096	1084382	46
113	151	34.62	0	1.14	0.88	1.41	952988	2072	1084690	25
114	150	25.95	0	1.04	0.42	1.65	949401	2103	1087639	33
133	145	38.81	0	2.02	3.77	0.27	964898	2592	1082778	33
135	146	35.48	0	1.05	1.71	0.40	957962	2307	1078320	21
135	149	84.11	0	3.08	4.04	2.12	948851	3535	1081180	10
157	167	155.39	0	1.59	2.74	0.45	925579	1185	1078499	61
157	225	28.94	0	0.54	0.50	0.58	922866	4267	1057776	49
157	251	25.82	0	0.46	0.45	0.46	917048	1827	1038476	48
165	191	65.67	0	1.20	0.22	2.17	958299	2484	1066623	20
166	187	31.37	0	0.79	0.10	1.48	959656	891	1072406	17
166	190	92.88	0	1.30	0.35	2.26	961496	2925	1066516	26
169	202	61.66	0	1.23	1.89	0.56	948492	355	1049842	13
173	203	117.67	0	1.34	1.46	1.22	963967	2882	1065840	14
180	199	45.70	0	1.02	1.70	0.33	952804	1058	1064263	84
188	197	176.21	0	1.93	3.30	0.55	960063	1717	1061848	75
231	253	34.54	0	1.17	1.09	1.25	901535	4442	1020516	46
248	278	57.36	0	1.69	2.89	0.50	922266	2498	1027740	15
248	314	31.47	0	1.51	1.59	1.43	909027	1678	965878	78
255	297	31.09	0	0.76	0.75	0.78	922640	2824	980635	53
255	361	57.30	0	1.50	1.37	1.63	943178	1218	987474	39
256	269	89.59	0	2.06	2.07	2.05	922702	4607	1035085	49
256	425	26.30	0	0.40	0.61	0.19	936520	2241	991059	41
257	268	27.43	0	1.45	2.20	0.70	930262	2570	1034049	66
264	297	54.85	0	2.88	4.38	1.37	921864	3916	987221	18
266	295	52.88	0	2.00	3.32	0.67	915511	1587	1001806	54
274	287	61.35	0	1.09	1.35	0.84	915151	2219	1027711	23
278	306	67.36	0	0.85	0.59	1.11	889057	1908	980842	17
287	314	30.85	0	0.91	0.42	1.40	899685	1333	992081	61
288	309	56.74	0	4.69	0.60	8.78	908368	7010	981672	16
296	313	55.08	0	1.17	0.76	1.58	894858	2539	970736	55
297	312	25.17	0	0.66	0.63	0.69	902256	1950	976510	43
297	323	23.94	0	1.34	0.60	2.08	914943	4406	991185	86
305	318	131.53	0	5.21	8.20	2.23	900926	2486	993032	51
312	354	64.02	0	1.66	1.75	1.57	909887	825	987009	38
312	361	36.55	0	1.02	1.00	1.03	918084	826	989137	34
313	425	43.49	0	0.78	1.25	0.31	904392	1603	986419	61
315	361	38.39	0	1.59	2.09	1.08	923625	695	1016901	41
342	380	56.22	0	4.89	6.78	3.01	907558	7397	1031145	51
350	371	55.21	0	3.85	7.38	0.31	936685	1443	1022908	17
351	370	57.81	0	3.18	6.03	0.34	938710	1374	1018511	20
351	378	27.31	0	2.89	2.84	2.94	922434	3095	1028098	16
353	390	26.37	0	1.00	1.66	0.34	932258	625	1042795	19
353	392	28.72	0	0.99	1.80	0.18	938322	1795	1045413	8
353	400	43.23	0	1.54	2.72	0.35	935041	1722	1048521	13
354	391	39.09	0	0.64	0.96	0.33	927709	1617	1044054	24
354	399	40.94	0	1.07	1.00	1.13	929501	1290	1049734	35
354	401	56.72	0	0.85	1.39	0.30	937777	2835	1048546	9
354	414	91.78	0	1.40	2.26	0.55	961424	1571	1049522	26
354	422	99.28	0	1.48	2.45	0.51	957499	1634	1047796	22
355	421	277.66	0	4.27	6.94	1.61	960024	4428	1046779	8
357	382	44.25	0	0.73	0.22	1.24	931710	1475	1014217	20
358	416	58.23	0	1.31	0.20	2.42	957113	1617	1042587	27
359	416	48.27	0	1.11	0.21	2.01	963115	1401	1049004	26
360	397	35.68	0	1.34	0.19	2.49	940061	1723	1048806	28
361	422	94.27	0	1.59	2.68	0.49	965981	1721	1053113	23
362	390	81.70	0	1.96	2.85	1.06	937528	834	1046546	26
362	392	45.46	0	0.93	1.58	0.28	943121	2198	1048844	13
362	400	42.87	0	0.92	1.49	0.35	939089	2061	1052124	14
362	421	29.11	0	0.59	1.01	0.17	966125	1415	1053377	3
362	423	61.45	0	1.24	2.14	0.34	959712	1012	1049062	28
363	378	49.94	0	3.93	2.47	5.38	930989	1541	1049054	8
363	389	40.68	0	1.22	2.01	0.44	934752	1176	1049822	29
364	387	53.66	0	0.99	1.50	0.48	954746	3064	1048467	25
365	410	331.62	0	5.77	8.36	3.18	943850	3872	1037194	11
370	405	28.55	0	1.13	0.17	2.09	937590	1126	1045590	11
372	382	73.97	0	1.40	0.73	2.07	926867	514	1014578	18
382	393	24.75	0	0.44	0.70	0.18	922055	2041	1042041	12
382	403	29.00	0	0.53	0.81	0.25	943772	1906	1040734	17
382	410	39.01	0	0.73	1.09	0.37	936508	1669	1032216	14
383	392	101.38	0	1.90	3.18	0.63	927415	1679	1033364	9
383	400	31.22	0	0.62	0.98	0.26	922830	1445	1037177	8
383	421	37.56	0	0.70	1.18	0.21	949593	1023	1038337	7
383	423	41.64	0	0.77	1.31	0.23	943444	711	1034277	33
393	418	26.62	0	1.50	0.19	2.82	942557	2213	1068655	14
394	405	24.79	0	1.16	0.51	1.81	934549	3119	1066239	5
398	419	55.89	0	3.82	1.36	6.29	950613	989	1069467	33
411	426	55.21	0	1.11	0.76	1.46	962311	1920	1078047	13
