Nucleotide	Sequence	Modified_mutations	Modified_read_depth	Modified_effective_depth	Modified_rate	Modified_off_target_mapped_depth	Modified_low_mapq_mapped_depth	Modified_primer_pair_1_mapped_depth	Untreated_mutations	Untreated_read_depth	Untreated_effective_depth	Untreated_rate	Untreated_off_target_mapped_depth	Untreated_low_mapq_mapped_depth	Untreated_primer_pair_1_mapped_depth	Denatured_mutations	Denatured_read_depth	Denatured_effective_depth	Denatured_rate	Denatured_off_target_mapped_depth	Denatured_low_mapq_mapped_depth	Denatured_primer_pair_1_mapped_depth	Reactivity_profile	Std_err	HQ_profile	HQ_stderr	Norm_profile	Norm_stderr
1	c	0	1107792	0	nan	99424	87	1107792	0	1213830	0	nan	615	61	1213830	0	0	0	nan	0	0	0	nan	nan	nan	nan	nan	nan
2	c	0	1111833	0	nan	99750	87	1111833	0	1215935	0	nan	615	61	1215935	0	0	0	nan	0	0	0	nan	nan	nan	nan	nan	nan
3	g	0	1113717	0	nan	99865	87	1113717	0	1217398	0	nan	618	61	1217398	0	0	0	nan	0	0	0	nan	nan	nan	nan	nan	nan
4	a	0	1114268	0	nan	99900	87	1114268	0	1217697	0	nan	618	61	1217697	0	0	0	nan	0	0	0	nan	nan	nan	nan	nan	nan
5	g	0	1114990	0	nan	99949	87	1114990	0	1218295	0	nan	620	61	1218295	0	0	0	nan	0	0	0	nan	nan	nan	nan	nan	nan
6	u	0	1115594	0	nan	99974	87	1115594	0	1218320	0	nan	620	61	1218320	0	0	0	nan	0	0	0	nan	nan	nan	nan	nan	nan
7	a	0	1115766	0	nan	99978	87	1115766	0	1218335	0	nan	620	61	1218335	0	0	0	nan	0	0	0	nan	nan	nan	nan	nan	nan
8	a	0	1116101	0	nan	99983	87	1116101	0	1218366	0	nan	620	61	1218366	0	0	0	nan	0	0	0	nan	nan	nan	nan	nan	nan
9	c	0	1116342	0	nan	99993	87	1116342	0	1218470	0	nan	621	61	1218470	0	0	0	nan	0	0	0	nan	nan	nan	nan	nan	nan
10	c	0	1116503	0	nan	99994	87	1116503	0	1218474	0	nan	621	61	1218474	0	0	0	nan	0	0	0	nan	nan	nan	nan	nan	nan
11	a	0	1116705	0	nan	99995	87	1116705	0	1218479	0	nan	621	61	1218479	0	0	0	nan	0	0	0	nan	nan	nan	nan	nan	nan
12	u	0	1116705	0	nan	100178	87	1116705	0	1218479	0	nan	633	61	1218479	0	0	0	nan	0	0	0	nan	nan	nan	nan	nan	nan
13	c	0	1116705	0	nan	100567	87	1116705	0	1218479	0	nan	647	61	1218479	0	0	0	nan	0	0	0	nan	nan	nan	nan	nan	nan
14	a	0	1116705	0	nan	100852	87	1116705	0	1218480	0	nan	657	61	1218479	0	0	0	nan	0	0	0	nan	nan	nan	nan	nan	nan
15	a	0	1116705	0	nan	101496	87	1116705	0	1218480	0	nan	668	61	1218479	0	0	0	nan	0	0	0	nan	nan	nan	nan	nan	nan
16	c	0	1116705	0	nan	102375	87	1116705	0	1218480	0	nan	672	61	1218479	0	0	0	nan	0	0	0	nan	nan	nan	nan	nan	nan
17	g	0	1116705	0	nan	102882	87	1116705	0	1218480	0	nan	672	61	1218479	0	0	0	nan	0	0	0	nan	nan	nan	nan	nan	nan
18	g	0	1116705	0	nan	104257	87	1116705	0	1218480	0	nan	672	61	1218479	0	0	0	nan	0	0	0	nan	nan	nan	nan	nan	nan
19	a	0	1116705	0	nan	105440	87	1116705	0	1218481	0	nan	679	61	1218479	0	0	0	nan	0	0	0	nan	nan	nan	nan	nan	nan
20	g	0	1116705	0	nan	107549	87	1116705	0	1218483	0	nan	682	61	1218479	0	0	0	nan	0	0	0	nan	nan	nan	nan	nan	nan
21	U	8	1116705	1083856	0.000007	108830	87	1116705	9	1218485	1185603	0.000008	688	61	1218480	0	0	0	nan	0	0	0	-0.000000	0.000004	-0.000000	0.000004	-0.000000	0.000072
22	G	4951	1116705	1070347	0.004626	109903	87	1116705	1227	1218485	1187161	0.001034	688	61	1218480	0	0	0	nan	0	0	0	0.003592	0.000072	0.003592	0.000072	0.064931	0.001302
23	A	62990	1116705	1074598	0.058617	110474	87	1116705	978	1218485	1185136	0.000825	694	61	1218480	0	0	0	nan	0	0	0	0.057792	0.000235	0.057792	0.000235	1.044675	0.004248
24	C	70972	1116705	1083918	0.065477	111101	87	1116705	724	1218389	1200808	0.000603	709	61	1218376	0	0	0	nan	0	0	0	0.064874	0.000247	0.064874	0.000247	1.172692	0.004465
25	C	46352	1116705	1075524	0.043097	111860	87	1116705	1447	1218293	1201797	0.001204	713	61	1218280	0	0	0	nan	0	0	0	0.041893	0.000203	0.041893	0.000203	0.757277	0.003670
26	G	5934	1116705	1071887	0.005536	112077	87	1116705	2348	1217775	1199946	0.001957	714	61	1217762	0	0	0	nan	0	0	0	0.003579	0.000082	0.003579	0.000082	0.064696	0.001482
27	G	10250	1116705	1069824	0.009581	111562	77	1116705	5502	1216623	1199872	0.004585	714	51	1216610	0	0	0	nan	0	0	0	0.004996	0.000113	0.004996	0.000113	0.090310	0.002043
28	C	41811	1116705	1073154	0.038961	111776	72	1116705	3297	1216379	1200122	0.002747	714	51	1216362	0	0	0	nan	0	0	0	0.036214	0.000196	0.036214	0.000196	0.654621	0.003543
29	U	13241	1116705	1061445	0.012475	112519	71	1116705	1096	1215801	1193480	0.000918	715	51	1215784	0	0	0	nan	0	0	0	0.011556	0.000112	0.011556	0.000112	0.208892	0.002025
30	G	5147	1116705	1055090	0.004878	112674	71	1116705	2066	1214627	1183220	0.001746	716	51	1214610	0	0	0	nan	0	0	0	0.003132	0.000078	0.003132	0.000078	0.056615	0.001410
31	G	10471	1116705	1050482	0.009968	112807	69	1116705	6154	1214330	1180214	0.005214	717	51	1214313	0	0	0	nan	0	0	0	0.004753	0.000118	0.004753	0.000118	0.085917	0.002133
32	C	142212	1116705	1061356	0.133991	112996	69	1116705	2456	1214055	1182337	0.002077	718	51	1214036	0	0	0	nan	0	0	0	0.131914	0.000358	0.131914	0.000358	2.384539	0.006471
33	G	5130	1116705	1084822	0.004729	113503	69	1116705	2088	1213807	1188078	0.001757	720	51	1213788	0	0	0	nan	0	0	0	0.002971	0.000076	0.002971	0.000076	0.053705	0.001374
34	G	10203	1116705	1085832	0.009396	113998	69	1116705	5621	1213683	1188896	0.004728	722	51	1213662	0	0	0	nan	0	0	0	0.004669	0.000112	0.004669	0.000112	0.084399	0.002025
35	C	16602	1116705	1085343	0.015297	114261	69	1116705	2825	1213568	1186851	0.002380	722	51	1213542	0	0	0	nan	0	0	0	0.012916	0.000127	0.012916	0.000127	0.233476	0.002296
36	U	5433	1116705	1090526	0.004982	114373	69	1116705	1310	1213359	1192778	0.001098	724	51	1213333	0	0	0	nan	0	0	0	0.003884	0.000074	0.003884	0.000074	0.070209	0.001338
37	G	7514	1116705	1091108	0.006887	114392	69	1116705	1630	1213171	1191253	0.001368	725	51	1213144	0	0	0	nan	0	0	0	0.005518	0.000086	0.005518	0.000086	0.099746	0.001555
38	U	6210	1116705	1085057	0.005723	114318	69	1116705	1597	1212957	1189596	0.001342	725	51	1212930	0	0	0	nan	0	0	0	0.004381	0.000080	0.004381	0.000080	0.079193	0.001446
39	G	5595	1116705	1074943	0.005205	113950	69	1116705	3358	1212320	1180483	0.002845	727	51	1212293	0	0	0	nan	0	0	0	0.002360	0.000085	0.002360	0.000085	0.042660	0.001536
40	C	49593	1116705	1075737	0.046101	113774	69	1116705	1431	1212137	1179640	0.001213	727	51	1212110	0	0	0	nan	0	0	0	0.044888	0.000209	0.044888	0.000209	0.811416	0.003778
41	G	4859	1116705	1067649	0.004551	113750	69	1116705	1087	1211999	1183091	0.000919	730	51	1211972	0	0	0	nan	0	0	0	0.003632	0.000071	0.003632	0.000071	0.065654	0.001283
42	A	23956	1116705	1064190	0.022511	113783	69	1116705	514	1211950	1191837	0.000431	733	49	1211923	0	0	0	nan	0	0	0	0.022080	0.000147	0.022080	0.000147	0.399128	0.002657
43	A	38648	1116705	1053321	0.036692	113809	69	1116705	671	1211850	1193787	0.000562	733	49	1211823	0	0	0	nan	0	0	0	0.036129	0.000188	0.036129	0.000188	0.653085	0.003398
44	C	26599	1116705	1052712	0.025267	113816	69	1116705	654	1211790	1192770	0.000548	734	48	1211763	0	0	0	nan	0	0	0	0.024719	0.000156	0.024719	0.000156	0.446832	0.002820
45	G	11710	1116705	1050156	0.011151	113738	69	1116705	5064	1211744	1193497	0.004243	735	48	1211717	0	0	0	nan	0	0	0	0.006908	0.000119	0.006908	0.000119	0.124872	0.002151
46	C	16485	1116705	1043389	0.015799	113707	69	1116705	1754	1211686	1193365	0.001470	737	45	1211659	0	0	0	nan	0	0	0	0.014330	0.000128	0.014330	0.000128	0.259036	0.002314
47	A	68546	1116705	1051126	0.065212	113625	70	1116705	1179	1211603	1195461	0.000986	738	45	1211576	0	0	0	nan	0	0	0	0.064226	0.000251	0.064226	0.000251	1.160979	0.004537
48	U	18107	1116705	1063996	0.017018	113713	70	1116705	1616	1211564	1192619	0.001355	739	41	1211537	0	0	0	nan	0	0	0	0.015663	0.000131	0.015663	0.000131	0.283132	0.002368
49	U	23260	1116705	1037812	0.022413	113715	70	1116705	2798	1211502	1193246	0.002345	739	41	1211475	0	0	0	nan	0	0	0	0.020068	0.000153	0.020068	0.000153	0.362758	0.002766
50	C	108634	1116705	1078288	0.100747	113521	70	1116705	731	1211391	1190843	0.000614	739	41	1211364	0	0	0	nan	0	0	0	0.100133	0.000307	0.100133	0.000307	1.810051	0.005549
51	U	17108	1116705	1073567	0.015936	113523	70	1116705	1021	1211282	1191809	0.000857	739	41	1211255	0	0	0	nan	0	0	0	0.015079	0.000125	0.015079	0.000125	0.272575	0.002260
52	G	7243	1116705	1065254	0.006799	113372	70	1116705	2143	1211075	1189200	0.001802	742	41	1211048	0	0	0	nan	0	0	0	0.004997	0.000089	0.004997	0.000089	0.090328	0.001609
53	G	8630	1116705	1064686	0.008106	113232	70	1116705	5082	1210787	1186518	0.004283	744	40	1210760	0	0	0	nan	0	0	0	0.003823	0.000106	0.003823	0.000106	0.069106	0.001916
54	C	16119	1116705	1068538	0.015085	113070	70	1116705	1639	1210519	1184163	0.001384	744	40	1210492	0	0	0	nan	0	0	0	0.013701	0.000124	0.013701	0.000124	0.247666	0.002241
55	G	6848	1116705	1064851	0.006431	112997	70	1116705	2388	1210360	1179401	0.002025	745	40	1210333	0	0	0	nan	0	0	0	0.004406	0.000088	0.004406	0.000088	0.079645	0.001591
56	A	56778	1116705	1072019	0.052964	112733	70	1116705	469	1210114	1178196	0.000398	746	39	1210087	0	0	0	nan	0	0	0	0.052566	0.000223	0.052566	0.000223	0.950207	0.004031
57	A	81243	1116705	1081754	0.075103	112615	70	1116705	676	1209914	1177030	0.000574	746	39	1209887	0	0	0	nan	0	0	0	0.074529	0.000264	0.074529	0.000264	1.347221	0.004772
58	U	10312	1116705	1082809	0.009523	112400	70	1116705	1644	1209586	1180466	0.001393	746	39	1209559	0	0	0	nan	0	0	0	0.008131	0.000100	0.008131	0.000100	0.146980	0.001808
59	U	9454	1116705	1083786	0.008723	112150	70	1116705	2884	1209325	1182658	0.002439	746	39	1209298	0	0	0	nan	0	0	0	0.006285	0.000101	0.006285	0.000101	0.113611	0.001826
60	C	13636	1116705	1086393	0.012552	112051	70	1116705	899	1209164	1187095	0.000757	746	38	1209137	0	0	0	nan	0	0	0	0.011794	0.000110	0.011794	0.000110	0.213194	0.001988
61	U	5364	1116705	1085532	0.004941	112046	70	1116705	1672	1209049	1187849	0.001408	747	38	1209022	0	0	0	nan	0	0	0	0.003534	0.000076	0.003534	0.000076	0.063882	0.001374
62	C	17989	1116705	1081971	0.016626	112042	70	1116705	917	1208975	1187818	0.000772	748	38	1208948	0	0	0	nan	0	0	0	0.015854	0.000127	0.015854	0.000127	0.286584	0.002296
63	A	20340	1116705	1086421	0.018722	112086	70	1116705	593	1208881	1188880	0.000499	748	37	1208854	0	0	0	nan	0	0	0	0.018223	0.000133	0.018223	0.000133	0.329407	0.002404
64	C	49198	1116705	1073870	0.045814	112061	70	1116705	970	1208809	1178592	0.000823	749	37	1208782	0	0	0	nan	0	0	0	0.044991	0.000208	0.044991	0.000208	0.813278	0.003760
65	G	4730	1116705	1071454	0.004415	111894	70	1116705	1550	1208613	1175357	0.001319	749	36	1208586	0	0	0	nan	0	0	0	0.003096	0.000072	0.003096	0.000072	0.055965	0.001302
66	G	7170	1116705	1068058	0.006713	111785	70	1116705	4580	1208479	1172756	0.003905	813	33	1208444	0	0	0	nan	0	0	0	0.002808	0.000098	0.002808	0.000098	0.050759	0.001771
67	C	67670	1116705	1061586	0.063744	111663	70	1116705	44903	1208290	1174727	0.038224	825	33	1208254	0	0	0	nan	0	0	0	0.025520	0.000304	0.025520	0.000304	0.461311	0.005495
68	U	8949	1116705	1068450	0.008376	111655	70	1116705	1940	1208188	1177072	0.001648	848	33	1208151	0	0	0	nan	0	0	0	0.006728	0.000096	0.006728	0.000096	0.121618	0.001735
69	U	15614	1116705	1067470	0.014627	111536	70	1116705	1326	1208071	1175707	0.001128	850	33	1208034	0	0	0	nan	0	0	0	0.013499	0.000121	0.013499	0.000121	0.244014	0.002187
70	U	15924	1116705	1063112	0.014979	111453	70	1116705	5309	1207986	1178533	0.004505	852	33	1207949	0	0	0	nan	0	0	0	0.010474	0.000134	0.010474	0.000134	0.189333	0.002422
71	C	72679	1116705	1071458	0.067832	111556	70	1116705	931	1207913	1184217	0.000786	855	33	1207875	0	0	0	nan	0	0	0	0.067046	0.000253	0.067046	0.000253	1.211955	0.004573
72	C	53882	1116705	1083500	0.049730	111389	70	1116705	893	1207761	1181466	0.000756	856	33	1207723	0	0	0	nan	0	0	0	0.048974	0.000216	0.048974	0.000216	0.885277	0.003905
73	G	10840	1116705	1084877	0.009992	111245	70	1116705	6760	1207607	1181385	0.005722	858	33	1207569	0	0	0	nan	0	0	0	0.004270	0.000119	0.004270	0.000119	0.077186	0.002151
74	C	15132	1116705	1085972	0.013934	111701	70	1116705	2448	1207513	1181496	0.002072	864	33	1207475	0	0	0	nan	0	0	0	0.011862	0.000121	0.011862	0.000121	0.214423	0.002187
75	C	14490	1116705	1085509	0.013349	111572	70	1116705	1789	1207410	1186193	0.001508	864	33	1207372	0	0	0	nan	0	0	0	0.011840	0.000116	0.011840	0.000116	0.214025	0.002097
76	U	10305	1116705	1081462	0.009529	111972	70	1116705	1324	1207054	1186040	0.001116	877	33	1207016	0	0	0	nan	0	0	0	0.008412	0.000099	0.008412	0.000099	0.152059	0.001790
77	G	3524	1116705	1070286	0.003293	112633	70	1116705	1758	1206915	1179245	0.001491	880	33	1206877	0	0	0	nan	0	0	0	0.001802	0.000066	0.001802	0.000066	0.032574	0.001193
78	A	55230	1116705	1080315	0.051124	112472	70	1116705	950	1206798	1180398	0.000805	880	33	1206758	0	0	0	nan	0	0	0	0.050319	0.000219	0.050319	0.000219	0.909590	0.003959
79	G	6871	1116705	1080797	0.006357	113931	70	1116705	2829	1206742	1177452	0.002403	882	33	1206702	0	0	0	nan	0	0	0	0.003955	0.000089	0.003955	0.000089	0.071492	0.001609
80	G	10150	1116705	1083865	0.009365	113935	70	1116705	4296	1206712	1182754	0.003632	887	33	1206672	0	0	0	nan	0	0	0	0.005732	0.000108	0.005732	0.000108	0.103614	0.001952
81	U	7856	1116705	1080883	0.007268	113848	70	1116705	1329	1206664	1182376	0.001124	887	33	1206624	0	0	0	nan	0	0	0	0.006144	0.000088	0.006144	0.000088	0.111062	0.001591
82	U	7614	1116705	1079377	0.007054	113748	71	1116705	907	1206559	1185872	0.000765	888	33	1206519	0	0	0	nan	0	0	0	0.006289	0.000085	0.006289	0.000085	0.113683	0.001536
83	G	5962	1116705	1053306	0.005660	113732	71	1116705	915	1206375	1182996	0.000773	887	31	1206335	0	0	0	nan	0	0	0	0.004887	0.000078	0.004887	0.000078	0.088340	0.001410
84	A	48997	1116705	1042308	0.047008	113527	71	1116705	729	1206211	1183282	0.000616	887	31	1206171	0	0	0	nan	0	0	0	0.046392	0.000214	0.046392	0.000214	0.838603	0.003868
85	A	49713	1116705	1035627	0.048003	113910	71	1116705	731	1206025	1182968	0.000618	892	31	1205984	0	0	0	nan	0	0	0	0.047385	0.000217	0.047385	0.000217	0.856553	0.003923
86	G	14854	1116705	1044144	0.014226	116462	73	1116705	1675	1205854	1181158	0.001418	931	30	1205811	0	0	0	nan	0	0	0	0.012808	0.000122	0.012808	0.000122	0.231523	0.002205
87	A	71151	1116705	1045773	0.068037	116248	73	1116705	860	1205655	1174802	0.000732	932	30	1205612	0	0	0	nan	0	0	0	0.067305	0.000256	0.067305	0.000256	1.216636	0.004628
88	G	6821	1116705	1049772	0.006498	116328	73	1116705	2993	1205508	1175893	0.002545	931	30	1205465	0	0	0	nan	0	0	0	0.003952	0.000091	0.003952	0.000091	0.071438	0.001645
89	C	24475	1116705	1040570	0.023521	116166	73	1116705	1725	1205410	1177616	0.001465	931	30	1205367	0	0	0	nan	0	0	0	0.022056	0.000154	0.022056	0.000154	0.398694	0.002784
90	A	59307	1116705	1054719	0.056230	116011	73	1116705	620	1205287	1181279	0.000525	931	30	1205243	0	0	0	nan	0	0	0	0.055705	0.000232	0.055705	0.000232	1.006949	0.004194
91	A	53819	1116705	1063752	0.050594	116312	73	1116705	584	1205161	1177409	0.000496	1183	27	1205091	0	0	0	nan	0	0	0	0.050098	0.000219	0.050098	0.000219	0.905595	0.003959
92	G	6604	1116705	1061353	0.006222	116212	73	1116705	4257	1204933	1171903	0.003633	1183	26	1204863	0	0	0	nan	0	0	0	0.002590	0.000095	0.002590	0.000095	0.046818	0.001717
93	C	22655	1116705	1057487	0.021423	116218	73	1116705	3518	1204705	1167853	0.003012	1261	26	1204630	0	0	0	nan	0	0	0	0.018411	0.000151	0.018411	0.000151	0.332806	0.002730
94	C	44732	1116705	1057951	0.042282	116075	73	1116705	1123	1204498	1166545	0.000963	1262	26	1204423	0	0	0	nan	0	0	0	0.041319	0.000202	0.041319	0.000202	0.746901	0.003651
95	G	35350	1116705	1057017	0.033443	116079	73	1116705	67045	1204346	1172426	0.057185	1271	26	1204269	0	0	0	nan	0	0	0	-0.023742	0.000284	nan	nan	nan	nan
96	C	20030	1116705	1057681	0.018938	203591	168	1116705	4390	1209124	1176830	0.003730	53115	69	1204121	0	0	0	nan	0	0	0	0.015207	0.000145	0.015207	0.000145	0.274889	0.002621
97	C	27587	1116705	1066141	0.025876	204043	168	1116705	1270	1208940	1178889	0.001077	53162	69	1203930	0	0	0	nan	0	0	0	0.024798	0.000159	0.024798	0.000159	0.448260	0.002874
98	G	3467	1116705	1063749	0.003259	205985	168	1116705	1324	1208779	1179186	0.001123	53253	68	1203756	0	0	0	nan	0	0	0	0.002136	0.000063	0.002136	0.000063	0.038611	0.001139
99	A	19979	1116705	1067482	0.018716	206047	168	1116705	573	1208647	1182710	0.000484	53257	68	1203624	0	0	0	nan	0	0	0	0.018232	0.000134	0.018232	0.000134	0.329570	0.002422
100	U	9305	1116705	1064419	0.008742	206484	169	1116705	975	1208603	1182144	0.000825	53258	68	1203579	0	0	0	nan	0	0	0	0.007917	0.000094	0.007917	0.000094	0.143111	0.001699
101	A	61750	1116705	1049501	0.058837	210651	170	1116705	845	1208549	1182736	0.000714	53262	68	1203524	0	0	0	nan	0	0	0	0.058123	0.000238	0.058123	0.000238	1.050658	0.004302
102	C	101946	1116705	1060993	0.096085	213175	173	1116705	580	1208428	1183497	0.000490	53264	68	1203403	0	0	0	nan	0	0	0	0.095595	0.000302	0.095595	0.000302	1.728020	0.005459
103	A	76708	1116705	1065866	0.071968	214771	173	1116705	928	1208319	1187381	0.000782	53271	68	1203291	0	0	0	nan	0	0	0	0.071186	0.000261	0.071186	0.000261	1.286791	0.004718
104	U	15376	1116705	1066790	0.014413	216045	173	1116705	1533	1208233	1187242	0.001291	53270	68	1203204	0	0	0	nan	0	0	0	0.013122	0.000121	0.013122	0.000121	0.237199	0.002187
105	U	13967	1116705	1062500	0.013145	216306	173	1116705	1028	1208095	1181222	0.000870	53270	67	1203066	0	0	0	nan	0	0	0	0.012275	0.000114	0.012275	0.000114	0.221889	0.002061
106	G	9371	1116705	1060641	0.008835	216167	173	1116705	4911	1208002	1179650	0.004163	53269	66	1202972	0	0	0	nan	0	0	0	0.004672	0.000109	0.004672	0.000109	0.084453	0.001970
107	C	32278	1116705	1067745	0.030230	216092	173	1116705	1929	1207946	1183568	0.001630	53266	64	1202916	0	0	0	nan	0	0	0	0.028600	0.000172	0.028600	0.000172	0.516987	0.003109
108	C	28576	1116705	1072102	0.026654	215926	173	1116705	789	1207785	1188607	0.000664	53265	63	1202755	0	0	0	nan	0	0	0	0.025990	0.000159	0.025990	0.000159	0.469807	0.002874
109	U	11208	1116705	1045310	0.010722	215689	172	1116705	1051	1207710	1186766	0.000886	53255	63	1202680	0	0	0	nan	0	0	0	0.009837	0.000105	0.009837	0.000105	0.177818	0.001898
110	A	80997	1116705	1063812	0.076138	215358	172	1116705	736	1207637	1185365	0.000621	53250	61	1202607	0	0	0	nan	0	0	0	0.075518	0.000269	0.075518	0.000269	1.365098	0.004863
111	U	19173	1116705	1061206	0.018067	215414	171	1116705	1338	1207569	1183349	0.001131	53252	60	1202539	0	0	0	nan	0	0	0	0.016936	0.000134	0.016936	0.000134	0.306143	0.002422
112	G	4206	1116705	1057319	0.003978	215317	171	1116705	1084	1207447	1186467	0.000914	53251	60	1202417	0	0	0	nan	0	0	0	0.003064	0.000067	0.003064	0.000067	0.055386	0.001211
113	U	13387	1116705	1054223	0.012698	215173	171	1116705	5578	1207352	1181434	0.004721	53250	60	1202322	0	0	0	nan	0	0	0	0.007977	0.000127	0.007977	0.000127	0.144196	0.002296
114	C	34291	1116705	1050308	0.032649	214868	171	1116705	1068	1207254	1184325	0.000902	53248	60	1202224	0	0	0	nan	0	0	0	0.031747	0.000178	0.031747	0.000178	0.573873	0.003218
115	C	28063	1116705	1041474	0.026945	214590	171	1116705	1011	1207107	1182079	0.000855	53246	59	1202077	0	0	0	nan	0	0	0	0.026090	0.000163	0.026090	0.000163	0.471615	0.002946
116	U	9796	1116705	1028734	0.009522	214349	171	1116705	1684	1206933	1180999	0.001426	53244	59	1201903	0	0	0	nan	0	0	0	0.008096	0.000102	0.008096	0.000102	0.146347	0.001844
117	G	8717	1116705	1015177	0.008587	213972	171	1116705	6836	1206715	1181692	0.005785	53244	57	1201685	0	0	0	nan	0	0	0	0.002802	0.000116	0.002802	0.000116	0.050650	0.002097
118	C	85326	1116705	1011353	0.084368	213647	170	1116705	1326	1206606	1179945	0.001124	53244	57	1201576	0	0	0	nan	0	0	0	0.083244	0.000290	0.083244	0.000290	1.504757	0.005242
119	G	9378	1116705	973481	0.009633	213488	170	1116705	5235	1206470	1182798	0.004426	53241	57	1201440	0	0	0	nan	0	0	0	0.005208	0.000117	0.005208	0.000117	0.094142	0.002115
120	C	21526	1116705	946940	0.022732	213281	170	1116705	1917	1206410	1179513	0.001625	53241	56	1201380	0	0	0	nan	0	0	0	0.021107	0.000159	0.021107	0.000159	0.381540	0.002874
121	A	44443	1116705	943043	0.047127	213085	170	1116705	803	1207429	1182155	0.000679	53241	56	1202399	0	0	0	nan	0	0	0	0.046448	0.000225	0.046448	0.000225	0.839616	0.004067
122	C	46347	1116705	943337	0.049131	212858	169	1116705	473	1207663	1181108	0.000400	53240	48	1202634	0	0	0	nan	0	0	0	0.048730	0.000229	0.048730	0.000229	0.880866	0.004140
123	A	32001	1116705	927278	0.034511	212660	163	1116705	544	1207552	1173840	0.000463	53239	36	1202537	0	0	0	nan	0	0	0	0.034047	0.000194	0.034047	0.000194	0.615449	0.003507
124	A	75060	1116705	932658	0.080480	212363	157	1116705	964	1207222	1169018	0.000825	53232	29	1202218	0	0	0	nan	0	0	0	0.079655	0.000295	0.079655	0.000295	1.439881	0.005333
125	G	29212	1116705	956019	0.030556	212509	150	1116705	2705	1207076	1165675	0.002321	53232	26	1202075	0	0	0	nan	0	0	0	0.028235	0.000184	0.028235	0.000184	0.510389	0.003326
126	A	60704	1116705	982323	0.061796	212288	140	1116705	1065	1206927	1171312	0.000909	53231	23	1201936	0	0	0	nan	0	0	0	0.060887	0.000252	0.060887	0.000252	1.100622	0.004555
127	A	51712	1116705	1010406	0.051179	212122	133	1116705	589	1206921	1171858	0.000503	53230	21	1201937	0	0	0	nan	0	0	0	0.050677	0.000226	0.050677	0.000226	0.916061	0.004085
128	A	31119	1116705	1026857	0.030305	211921	123	1116705	769	1206802	1174119	0.000655	53230	13	1201834	0	0	0	nan	0	0	0	0.029650	0.000173	0.029650	0.000173	0.535967	0.003127
129	G	6547	1116705	1033416	0.006335	211727	113	1116705	4779	1206893	1171168	0.004081	53229	10	1201936	0	0	0	nan	0	0	0	0.002255	0.000098	0.002255	0.000098	0.040762	0.001771
130	C	7625	1116705	1039988	0.007332	211564	95	1116705	2113	1206814	1174304	0.001799	53230	10	1201887	0	0	0	nan	0	0	0	0.005532	0.000093	0.005532	0.000093	0.099999	0.001681
131	G	11796	1116705	1048909	0.011246	211333	92	1116705	4361	1206987	1173653	0.003716	53230	10	1202073	0	0	0	nan	0	0	0	0.007530	0.000118	0.007530	0.000118	0.136116	0.002133
132	G	3618	1116705	1008385	0.003588	211038	85	1116705	1592	1207116	1173208	0.001357	53229	10	1202232	0	0	0	nan	0	0	0	0.002231	0.000069	0.002231	0.000069	0.040329	0.001247
133	U	8256	1116705	992282	0.008320	210748	81	1116705	895	1207269	1168134	0.000766	53228	10	1202394	0	0	0	nan	0	0	0	0.007554	0.000095	0.007554	0.000095	0.136550	0.001717
134	A	44617	1116705	990394	0.045050	210582	73	1116705	775	1207392	1170179	0.000662	53230	9	1202544	0	0	0	nan	0	0	0	0.044387	0.000215	0.044387	0.000215	0.802360	0.003886
135	U	8624	1116705	1020759	0.008449	210418	71	1116705	1006	1207557	1171687	0.000859	53230	9	1202720	0	0	0	nan	0	0	0	0.007590	0.000095	0.007590	0.000095	0.137200	0.001717
136	G	4276	1116705	1022434	0.004182	210503	68	1116705	1733	1207696	1172968	0.001477	53230	9	1202892	0	0	0	nan	0	0	0	0.002705	0.000073	0.002705	0.000073	0.048897	0.001320
137	G	3782	1116705	1022293	0.003700	211407	68	1116705	1869	1207868	1171136	0.001596	53242	9	1203093	0	0	0	nan	0	0	0	0.002104	0.000071	0.002104	0.000071	0.038033	0.001283
138	A	31299	1116705	1012085	0.030925	211217	66	1116705	1234	1208071	1170964	0.001054	53241	9	1203327	0	0	0	nan	0	0	0	0.029871	0.000177	0.029871	0.000177	0.539962	0.003200
139	C	34066	1116705	1013315	0.033618	211004	66	1116705	2834	1208272	1174160	0.002414	53241	8	1203532	0	0	0	nan	0	0	0	0.031205	0.000188	0.031205	0.000188	0.564076	0.003398
140	C	79112	1116705	994595	0.079542	210746	66	1116705	1709	1208202	1173221	0.001457	53242	6	1203486	0	0	0	nan	0	0	0	0.078085	0.000285	0.078085	0.000285	1.411501	0.005152
141	G	6355	1116705	987105	0.006438	210612	66	1116705	3359	1208129	1168702	0.002874	53242	6	1203425	0	0	0	nan	0	0	0	0.003564	0.000095	0.003564	0.000095	0.064425	0.001717
142	G	9817	1116705	968862	0.010133	210470	66	1116705	6619	1208185	1167971	0.005667	53241	6	1203485	0	0	0	nan	0	0	0	0.004465	0.000124	0.004465	0.000124	0.080711	0.002241
143	C	34252	1116705	968008	0.035384	210436	65	1116705	2189	1208285	1165763	0.001878	53241	6	1203587	0	0	0	nan	0	0	0	0.033506	0.000195	0.033506	0.000195	0.605670	0.003525
144	A	80844	1116705	994068	0.081326	210317	62	1116705	1147	1208432	1169376	0.000981	53234	6	1203743	0	0	0	nan	0	0	0	0.080346	0.000287	0.080346	0.000287	1.452372	0.005188
145	C	102783	1116705	1023029	0.100469	210248	35	1116705	2347	1208699	1171034	0.002004	53229	5	1204010	0	0	0	nan	0	0	0	0.098465	0.000316	0.098465	0.000316	1.779899	0.005712
146	C	36352	1116705	1040060	0.034952	210271	16	1116705	940	1208965	1175302	0.000800	53228	3	1204276	0	0	0	nan	0	0	0	0.034152	0.000185	0.034152	0.000185	0.617347	0.003344
147	C	25444	1116705	1035061	0.024582	210129	11	1116705	1284	1209076	1175814	0.001092	53228	2	1204391	0	0	0	nan	0	0	0	0.023490	0.000157	0.023490	0.000157	0.424616	0.002838
148	A	31588	1116705	1035980	0.030491	209933	8	1116705	660	1209061	1166691	0.000566	53227	1	1204376	0	0	0	nan	0	0	0	0.029925	0.000173	0.029925	0.000173	0.540938	0.003127
149	G	8403	1116705	1038309	0.008093	209750	5	1116705	5286	1209086	1165515	0.004535	53226	1	1204401	0	0	0	nan	0	0	0	0.003558	0.000108	0.003558	0.000108	0.064316	0.001952
150	C	10518	1116705	1054530	0.009974	209589	4	1116705	2592	1209208	1167234	0.002221	53227	1	1204528	0	0	0	nan	0	0	0	0.007753	0.000107	0.007753	0.000107	0.140147	0.001934
151	C	29884	1116705	1066663	0.028016	209364	4	1116705	936	1209365	1170539	0.000800	53227	1	1204694	0	0	0	nan	0	0	0	0.027217	0.000164	0.027217	0.000164	0.491987	0.002965
152	G	13987	1116705	1057049	0.013232	209009	4	1116705	8954	1209539	1169068	0.007659	53228	1	1204883	0	0	0	nan	0	0	0	0.005573	0.000138	0.005573	0.000138	0.100740	0.002495
153	C	70830	1116705	1050788	0.067407	208774	4	1116705	27359	1209931	1164819	0.023488	53233	1	1205280	0	0	0	nan	0	0	0	0.043919	0.000290	0.043919	0.000290	0.793900	0.005242
154	U	6356	1116705	1044866	0.006083	208840	4	1116705	1815	1210060	1164926	0.001558	53235	0	1205415	0	0	0	nan	0	0	0	0.004525	0.000085	0.004525	0.000085	0.081796	0.001536
155	U	7832	1116705	1042562	0.007512	208795	4	1116705	1715	1210388	1160831	0.001477	53236	0	1205745	0	0	0	nan	0	0	0	0.006035	0.000092	0.006035	0.000092	0.109091	0.001663
156	G	8186	1116705	1045446	0.007830	208726	4	1116705	1815	1210827	1165758	0.001557	53237	0	1206187	0	0	0	nan	0	0	0	0.006273	0.000094	0.006273	0.000094	0.113394	0.001699
157	U	11175	1116705	1053520	0.010607	208548	4	1116705	1587	1211205	1165789	0.001361	53237	0	1206566	0	0	0	nan	0	0	0	0.009246	0.000106	0.009246	0.000106	0.167135	0.001916
158	G	6915	1116705	1048206	0.006597	208391	4	1116705	3483	1211870	1158794	0.003006	53237	0	1207236	0	0	0	nan	0	0	0	0.003591	0.000094	0.003591	0.000094	0.064913	0.001699
159	C	32725	1116705	1052990	0.031078	208161	4	1116705	32103	1212375	1159752	0.027681	53237	0	1207753	0	0	0	nan	0	0	0	0.003397	0.000231	0.003397	0.000231	0.061406	0.004176
160	U	11502	1116705	1045239	0.011004	207931	4	1116705	1763	1212879	1161035	0.001518	53239	0	1208259	0	0	0	nan	0	0	0	0.009486	0.000109	0.009486	0.000109	0.171473	0.001970
161	U	12968	1116705	1045469	0.012404	207649	4	1116705	1729	1213386	1172502	0.001475	53237	0	1208770	0	0	0	nan	0	0	0	0.010929	0.000115	0.010929	0.000115	0.197558	0.002079
162	C	43097	1116705	1036104	0.041595	207155	4	1116705	1071	1213673	1172223	0.000914	53237	0	1209067	0	0	0	nan	0	0	0	0.040682	0.000202	0.040682	0.000202	0.735387	0.003651
163	A	41909	1116705	1037333	0.040401	206815	4	1116705	628	1213831	1169327	0.000537	53233	0	1209228	0	0	0	nan	0	0	0	0.039864	0.000199	0.039864	0.000199	0.720600	0.003597
164	G	6900	1116705	1036892	0.006655	206597	3	1116705	3827	1214033	1168731	0.003274	53229	0	1209438	0	0	0	nan	0	0	0	0.003380	0.000096	0.003380	0.000096	0.061098	0.001735
165	C	36938	1116705	1024532	0.036054	206424	3	1116705	2173	1214341	1161428	0.001871	53230	0	1209756	0	0	0	nan	0	0	0	0.034183	0.000192	0.034183	0.000192	0.617908	0.003471
166	U	13281	1116705	1017877	0.013048	206133	3	1116705	2385	1214559	1165298	0.002047	53230	0	1209977	0	0	0	nan	0	0	0	0.011001	0.000121	0.011001	0.000121	0.198859	0.002187
167	C	42130	1116705	1013595	0.041565	205891	3	1116705	1456	1214917	1164607	0.001250	53229	0	1210337	0	0	0	nan	0	0	0	0.040315	0.000205	0.040315	0.000205	0.728753	0.003706
168	G	13717	1116705	1006086	0.013634	205653	3	1116705	5232	1215672	1178216	0.004441	53227	0	1211100	0	0	0	nan	0	0	0	0.009193	0.000132	0.009193	0.000132	0.166177	0.002386
169	C	66235	1116705	993221	0.066687	205468	3	1116705	1642	1216231	1179426	0.001392	53230	0	1211661	0	0	0	nan	0	0	0	0.065295	0.000261	0.065295	0.000261	1.180303	0.004718
170	A	58788	1116705	992300	0.059244	205259	3	1116705	590	1216764	1176810	0.000501	53229	1	1212195	0	0	0	nan	0	0	0	0.058743	0.000245	0.058743	0.000245	1.061866	0.004429
171	U	18224	1116705	1006419	0.018108	205132	3	1116705	2523	1217073	1176445	0.002145	53228	1	1212509	0	0	0	nan	0	0	0	0.015963	0.000141	0.015963	0.000141	0.288555	0.002549
172	C	55802	1116705	995143	0.056074	204970	3	1116705	758	1217558	1173503	0.000646	53223	1	1213000	0	0	0	nan	0	0	0	0.055428	0.000239	0.055428	0.000239	1.001942	0.004320
173	A	38042	1116705	1007211	0.037770	204757	3	1116705	606	1217832	1176468	0.000515	53220	1	1213277	0	0	0	nan	0	0	0	0.037255	0.000195	0.037255	0.000195	0.673439	0.003525
174	A	74624	1116705	1023437	0.072915	204261	3	1116705	521	1218091	1176369	0.000443	53218	1	1213543	0	0	0	nan	0	0	0	0.072472	0.000268	0.072472	0.000268	1.310037	0.004844
175	C	48831	1116705	1033321	0.047256	203974	3	1116705	644	1218127	1177241	0.000547	53216	1	1213582	0	0	0	nan	0	0	0	0.046709	0.000215	0.046709	0.000215	0.844334	0.003886
176	G	6361	1116705	1016983	0.006255	203561	3	1116705	1093	1218369	1164707	0.000938	53216	1	1213828	0	0	0	nan	0	0	0	0.005316	0.000083	0.005316	0.000083	0.096094	0.001500
177	U	15885	1116705	1015418	0.015644	203167	3	1116705	6348	1218346	1165425	0.005447	53216	1	1213825	0	0	0	nan	0	0	0	0.010197	0.000142	0.010197	0.000142	0.184326	0.002567
178	C	42283	1116705	1011633	0.041797	202925	3	1116705	658	1218538	1159898	0.000567	53216	2	1214041	0	0	0	nan	0	0	0	0.041229	0.000204	0.041229	0.000204	0.745275	0.003688
179	U	12311	1116705	1030222	0.011950	202603	3	1116705	577	1218341	1168847	0.000494	53217	2	1213917	0	0	0	nan	0	0	0	0.011456	0.000110	0.011456	0.000110	0.207084	0.001988
180	A	37130	1116705	1028123	0.036114	202291	3	1116705	625	1218734	1164724	0.000537	53214	2	1214336	0	0	0	nan	0	0	0	0.035578	0.000189	0.035578	0.000189	0.643124	0.003416
181	A	72930	1116705	1035250	0.070447	202054	3	1116705	1090	1218998	1170903	0.000931	53209	2	1214613	0	0	0	nan	0	0	0	0.069516	0.000262	0.069516	0.000262	1.256603	0.004736
182	G	5891	1116705	1028129	0.005730	201909	3	1116705	1608	1219221	1168163	0.001377	53205	2	1214849	0	0	0	nan	0	0	0	0.004353	0.000082	0.004353	0.000082	0.078687	0.001482
183	G	10278	1116705	1025287	0.010025	201725	2	1116705	5059	1219101	1170831	0.004321	53203	2	1214741	0	0	0	nan	0	0	0	0.005704	0.000116	0.005704	0.000116	0.103108	0.002097
184	C	45528	1116705	1023729	0.044473	201639	2	1116705	4171	1219122	1171582	0.003560	53199	2	1214766	0	0	0	nan	0	0	0	0.040913	0.000216	0.040913	0.000216	0.739562	0.003905
185	C	63817	1116705	1045175	0.061059	201461	2	1116705	877	1218968	1176136	0.000746	53199	2	1214623	0	0	0	nan	0	0	0	0.060313	0.000243	0.060313	0.000243	1.090246	0.004393
186	G	15986	1116705	1047103	0.015267	201357	2	1116705	7416	1218829	1178383	0.006293	53199	2	1214489	0	0	0	nan	0	0	0	0.008974	0.000141	0.008974	0.000141	0.162218	0.002549
187	C	21897	1116705	1049442	0.020865	201173	2	1116705	1809	1218701	1177548	0.001536	53199	2	1214364	0	0	0	nan	0	0	0	0.019329	0.000146	0.019329	0.000146	0.349400	0.002639
188	G	4823	1116705	1046452	0.004609	200953	2	1116705	1269	1218607	1174289	0.001081	53196	2	1214273	0	0	0	nan	0	0	0	0.003528	0.000073	0.003528	0.000073	0.063774	0.001320
189	A	38773	1116705	1052020	0.036856	200787	2	1116705	525	1218704	1174358	0.000447	53195	2	1214373	0	0	0	nan	0	0	0	0.036409	0.000188	0.036409	0.000188	0.658146	0.003398
190	C	54928	1116705	1055594	0.052035	200657	2	1116705	701	1218762	1174035	0.000597	53194	2	1214435	0	0	0	nan	0	0	0	0.051438	0.000223	0.051438	0.000223	0.929817	0.004031
191	U	14728	1116705	1058250	0.013917	200493	2	1116705	7045	1218728	1177429	0.005983	53193	2	1214403	0	0	0	nan	0	0	0	0.007934	0.000135	0.007934	0.000135	0.143419	0.002440
192	C	37065	1116705	1060648	0.034946	200278	2	1116705	1458	1218586	1182723	0.001233	53193	2	1214261	0	0	0	nan	0	0	0	0.033713	0.000184	0.033713	0.000184	0.609412	0.003326
193	U	10769	1116705	1065378	0.010108	200120	2	1116705	1200	1218220	1181157	0.001016	53196	2	1213900	0	0	0	nan	0	0	0	0.009092	0.000102	0.009092	0.000102	0.164351	0.001844
194	A	46466	1116705	1069283	0.043455	199874	2	1116705	986	1217700	1180676	0.000835	53198	2	1213383	0	0	0	nan	0	0	0	0.042620	0.000203	0.042620	0.000203	0.770419	0.003670
195	G	8832	1116705	1065512	0.008289	199733	2	1116705	2166	1217593	1164083	0.001861	53201	2	1213281	0	0	0	nan	0	0	0	0.006428	0.000097	0.006428	0.000097	0.116196	0.001753
196	A	15377	1116705	1067742	0.014401	199573	2	1116705	996	1217350	1162090	0.000857	53202	2	1213045	0	0	0	nan	0	0	0	0.013544	0.000119	0.013544	0.000119	0.244828	0.002151
197	G	3448	1116705	1064667	0.003239	199441	2	1116705	757	1217389	1158245	0.000654	53201	2	1213091	0	0	0	nan	0	0	0	0.002585	0.000060	0.002585	0.000060	0.046728	0.001085
198	U	5558	1116705	1076632	0.005162	199309	2	1116705	2715	1217493	1170923	0.002319	53200	3	1213199	0	0	0	nan	0	0	0	0.002844	0.000082	0.002844	0.000082	0.051409	0.001482
199	C	8801	1116705	1075946	0.008180	199198	2	1116705	999	1217753	1174822	0.000850	53201	3	1213467	0	0	0	nan	0	0	0	0.007329	0.000091	0.007329	0.000091	0.132482	0.001645
200	G	9887	1116705	1069805	0.009242	199099	2	1116705	5099	1218029	1175415	0.004338	53200	3	1213744	0	0	0	nan	0	0	0	0.004904	0.000111	0.004904	0.000111	0.088647	0.002006
201	U	10262	1116705	1062706	0.009656	198976	2	1116705	2235	1218317	1175774	0.001901	53061	3	1213924	0	0	0	nan	0	0	0	0.007756	0.000103	0.007756	0.000103	0.140201	0.001862
202	U	12533	1116705	1058563	0.011840	198902	2	1116705	3685	1218412	1176484	0.003132	53014	3	1214021	0	0	0	nan	0	0	0	0.008707	0.000118	0.008707	0.000118	0.157392	0.002133
203	C	42532	1116705	1067324	0.039849	198812	2	1116705	855	1218482	1182740	0.000723	52996	3	1214095	0	0	0	nan	0	0	0	0.039126	0.000195	0.039126	0.000195	0.707260	0.003525
204	U	9884	1116705	1068454	0.009251	198749	2	1116705	791	1218404	1186736	0.000667	52978	3	1214028	0	0	0	nan	0	0	0	0.008584	0.000096	0.008584	0.000096	0.155168	0.001735
205	A	60743	1116705	1068078	0.056871	198623	2	1116705	1001	1217714	1181335	0.000847	52969	3	1213349	0	0	0	nan	0	0	0	0.056024	0.000232	0.056024	0.000232	1.012716	0.004194
206	G	7608	1116705	1060195	0.007176	198460	2	1116705	2069	1217006	1177195	0.001758	52962	3	1212656	0	0	0	nan	0	0	0	0.005418	0.000091	0.005418	0.000091	0.097938	0.001645
207	G	14484	1116705	1059678	0.013668	198220	2	1116705	5145	1216022	1173359	0.004385	52960	3	1211688	0	0	0	nan	0	0	0	0.009283	0.000129	0.009283	0.000129	0.167804	0.002332
208	C	30277	1116705	1067407	0.028365	197986	2	1116705	2359	1214741	1170241	0.002016	52931	3	1210419	0	0	0	nan	0	0	0	0.026349	0.000168	0.026349	0.000168	0.476297	0.003037
209	G	5361	1116705	1074184	0.004991	197792	2	1116705	1327	1213804	1171466	0.001133	52928	3	1209488	0	0	0	nan	0	0	0	0.003858	0.000075	0.003858	0.000075	0.069739	0.001356
210	A	22029	1116705	1072024	0.020549	197563	2	1116705	616	1213302	1166205	0.000528	52928	3	1208990	0	0	0	nan	0	0	0	0.020021	0.000140	0.020021	0.000140	0.361909	0.002531
211	U	7349	1116705	1073113	0.006848	197284	2	1116705	3016	1212354	1167606	0.002583	52929	3	1208051	0	0	0	nan	0	0	0	0.004265	0.000093	0.004265	0.000093	0.077096	0.001681
212	C	15738	1116705	1070347	0.014704	197082	2	1116705	841	1211922	1167645	0.000720	52928	3	1207626	0	0	0	nan	0	0	0	0.013983	0.000120	0.013983	0.000120	0.252763	0.002169
213	G	11672	1116705	1069151	0.010917	196929	2	1116705	4594	1211562	1170262	0.003926	52927	3	1207275	0	0	0	nan	0	0	0	0.006991	0.000116	0.006991	0.000116	0.126373	0.002097
214	C	21958	1116705	1052729	0.020858	196566	2	1116705	2217	1210666	1158823	0.001913	52927	3	1206404	0	0	0	nan	0	0	0	0.018945	0.000147	0.018945	0.000147	0.342459	0.002657
215	U	5993	1116705	1050751	0.005704	196383	2	1116705	1654	1210166	1157662	0.001429	52927	3	1205935	0	0	0	nan	0	0	0	0.004275	0.000082	0.004275	0.000082	0.077277	0.001482
216	C	18596	1116705	1039437	0.017890	196227	2	1116705	1373	1210136	1162251	0.001181	52929	3	1205921	0	0	0	nan	0	0	0	0.016709	0.000135	0.016709	0.000135	0.302040	0.002440
217	G	5687	1116705	984815	0.005775	196019	2	1116705	1644	1209832	1164131	0.001412	52928	3	1205643	0	0	0	nan	0	0	0	0.004362	0.000084	0.004362	0.000084	0.078850	0.001518
218	A	80905	1116705	1030468	0.078513	195691	2	1116705	1012	1208676	1171984	0.000863	52928	3	1204514	0	0	0	nan	0	0	0	0.077649	0.000277	0.077649	0.000277	1.403619	0.005007
219	G	16787	1116705	962840	0.017435	195602	3	1116705	4323	1208704	1163854	0.003714	52928	3	1204549	0	0	0	nan	0	0	0	0.013720	0.000146	0.013720	0.000146	0.248009	0.002639
220	A	13595	1116705	944078	0.014400	195486	3	1116705	806	1208542	1165151	0.000692	52928	3	1204389	0	0	0	nan	0	0	0	0.013709	0.000126	0.013709	0.000126	0.247810	0.002278
221	A	47563	1116705	957469	0.049676	195396	3	1116705	481	1208467	1162511	0.000414	52928	3	1204316	0	0	0	nan	0	0	0	0.049262	0.000229	0.049262	0.000229	0.890483	0.004140
222	A	45335	1116705	978034	0.046353	195265	3	1116705	431	1208309	1169121	0.000369	52926	3	1204160	0	0	0	nan	0	0	0	0.045985	0.000218	0.045985	0.000218	0.831246	0.003941
223	A	69891	1116705	999746	0.069909	195140	3	1116705	663	1208221	1176868	0.000563	52926	3	1204075	0	0	0	nan	0	0	0	0.069345	0.000265	0.069345	0.000265	1.253512	0.004790
224	C	81009	1116705	1023212	0.079171	194980	3	1116705	464	1208011	1179600	0.000393	52929	3	1203873	0	0	0	nan	0	0	0	0.078778	0.000279	0.078778	0.000279	1.424028	0.005043
225	A	70628	1116705	1050109	0.067258	194861	3	1116705	534	1207960	1175189	0.000454	52929	3	1203831	0	0	0	nan	0	0	0	0.066803	0.000254	0.066803	0.000254	1.207562	0.004591
226	U	17212	1116705	1053913	0.016332	194644	3	1116705	919	1207774	1170777	0.000785	52929	3	1203651	0	0	0	nan	0	0	0	0.015547	0.000127	0.015547	0.000127	0.281035	0.002296
227	G	3940	1116705	1048158	0.003759	194558	3	1116705	1451	1207563	1168755	0.001241	52928	3	1203456	0	0	0	nan	0	0	0	0.002517	0.000068	0.002517	0.000068	0.045498	0.001229
228	A	37800	1116705	1054046	0.035862	194326	3	1116705	916	1207316	1171620	0.000782	52927	3	1203229	0	0	0	nan	0	0	0	0.035080	0.000186	0.035080	0.000186	0.634122	0.003362
229	G	5091	1116705	1051463	0.004842	194190	3	1116705	2071	1207251	1171277	0.001768	52927	3	1203173	0	0	0	nan	0	0	0	0.003074	0.000078	0.003074	0.000078	0.055567	0.001410
230	G	3679	1116705	1047427	0.003512	194060	3	1116705	23290	1207400	1171002	0.019889	52926	3	1203325	0	0	0	nan	0	0	0	-0.016377	0.000143	-0.016377	0.000143	-0.296038	0.002585
231	A	16863	1116705	1046721	0.016110	193878	3	1116705	617	1207463	1163695	0.000530	52926	3	1203397	0	0	0	nan	0	0	0	0.015580	0.000126	0.015580	0.000126	0.281631	0.002278
232	U	6294	1116705	1045278	0.006021	193755	3	1116705	2058	1207310	1165234	0.001766	52926	3	1203245	0	0	0	nan	0	0	0	0.004255	0.000085	0.004255	0.000085	0.076915	0.001536
233	C	20665	1116705	1037582	0.019916	193667	8	1116705	926	1207438	1168145	0.000793	52926	3	1203377	0	0	0	nan	0	0	0	0.019124	0.000141	0.019124	0.000141	0.345694	0.002549
234	A	58628	1116705	1041319	0.056302	193582	8	1116705	826	1207403	1175168	0.000703	52923	3	1203343	0	0	0	nan	0	0	0	0.055599	0.000234	0.055599	0.000234	1.005033	0.004230
235	C	61783	1116705	1046575	0.059034	193557	21	1116705	3234	1207228	1170717	0.002762	52925	3	1203172	0	0	0	nan	0	0	0	0.056271	0.000242	0.056271	0.000242	1.017181	0.004375
236	C	44457	1116705	1054201	0.042171	193495	22	1116705	1339	1207271	1167945	0.001146	52925	3	1203224	0	0	0	nan	0	0	0	0.041025	0.000202	0.041025	0.000202	0.741587	0.003651
237	C	52304	1116705	1060349	0.049327	193401	23	1116705	1090	1207953	1170853	0.000931	52925	3	1203917	0	0	0	nan	0	0	0	0.048396	0.000218	0.048396	0.000218	0.874829	0.003941
238	A	27540	1116705	1070694	0.025722	193354	24	1116705	643	1208448	1175742	0.000547	52927	3	1204419	0	0	0	nan	0	0	0	0.025175	0.000156	0.025175	0.000156	0.455075	0.002820
239	U	8470	1116705	1075306	0.007877	193302	26	1116705	1396	1208704	1179553	0.001183	52927	3	1204677	0	0	0	nan	0	0	0	0.006693	0.000091	0.006693	0.000091	0.120986	0.001645
240	G	3608	1116705	1068893	0.003375	193229	26	1116705	1037	1209299	1175956	0.000882	52916	3	1205275	0	0	0	nan	0	0	0	0.002494	0.000063	0.002494	0.000063	0.045083	0.001139
241	U	10833	1116705	1067873	0.010144	193184	26	1116705	7663	1209468	1176069	0.006516	52915	3	1205446	0	0	0	nan	0	0	0	0.003629	0.000123	0.003629	0.000123	0.065599	0.002223
242	C	22975	1116705	1071273	0.021446	193168	26	1116705	884	1209840	1176631	0.000751	52917	3	1205821	0	0	0	nan	0	0	0	0.020695	0.000144	0.020695	0.000144	0.374092	0.002603
243	U	6313	1116705	1079350	0.005849	193135	26	1116705	1244	1210120	1184230	0.001050	52918	3	1206105	0	0	0	nan	0	0	0	0.004798	0.000079	0.004798	0.000079	0.086731	0.001428
244	G	12348	1116705	1074231	0.011495	193082	26	1116705	4917	1210492	1185973	0.004146	52918	3	1206487	0	0	0	nan	0	0	0	0.007349	0.000119	0.007349	0.000119	0.132844	0.002151
245	C	29768	1116705	1069547	0.027832	192999	26	1116705	1226	1210245	1183340	0.001036	52918	3	1206247	0	0	0	nan	0	0	0	0.026796	0.000164	0.026796	0.000164	0.484377	0.002965
246	A	83909	1116705	1071696	0.078296	192892	26	1116705	646	1210253	1177803	0.000548	52919	3	1206258	0	0	0	nan	0	0	0	0.077747	0.000271	0.077747	0.000271	1.405391	0.004899
247	G	8502	1116705	1067055	0.007968	192819	26	1116705	3183	1209824	1173880	0.002712	52919	3	1205838	0	0	0	nan	0	0	0	0.005256	0.000099	0.005256	0.000099	0.095010	0.001790
248	G	17277	1116705	1060055	0.016298	192679	26	1116705	1597	1209320	1166351	0.001369	52919	3	1205347	0	0	0	nan	0	0	0	0.014929	0.000129	0.014929	0.000129	0.269864	0.002332
249	U	9119	1116705	1055525	0.008639	192556	26	1116705	2667	1208611	1164695	0.002290	52921	3	1204646	0	0	0	nan	0	0	0	0.006349	0.000101	0.006349	0.000101	0.114767	0.001826
250	C	16238	1116705	1057467	0.015356	192425	26	1116705	991	1208192	1164102	0.000851	52921	3	1204239	0	0	0	nan	0	0	0	0.014504	0.000124	0.014504	0.000124	0.262181	0.002241
251	G	4837	1116705	1053358	0.004592	192306	26	1116705	1449	1207802	1167366	0.001241	52924	3	1203872	0	0	0	nan	0	0	0	0.003351	0.000074	0.003351	0.000074	0.060574	0.001338
252	A	23905	1116705	1049530	0.022777	192201	27	1116705	755	1207692	1168093	0.000646	52923	3	1203773	0	0	0	nan	0	0	0	0.022131	0.000149	0.022131	0.000149	0.400050	0.002693
253	C	36237	1116705	1036727	0.034953	192137	28	1116705	542	1207626	1161224	0.000467	52924	3	1203715	0	0	0	nan	0	0	0	0.034487	0.000185	0.034487	0.000185	0.623403	0.003344
254	U	13730	1116705	1039701	0.013206	192077	28	1116705	4650	1207707	1160578	0.004007	52924	3	1203802	0	0	0	nan	0	0	0	0.009199	0.000127	0.009199	0.000127	0.166285	0.002296
255	C	27874	1116705	1040753	0.026783	192009	34	1116705	2087	1207830	1164507	0.001792	52891	3	1203931	0	0	0	nan	0	0	0	0.024990	0.000165	0.024990	0.000165	0.451731	0.002983
256	U	8026	1116705	1034966	0.007755	191953	34	1116705	1079	1207917	1172499	0.000920	52893	3	1204020	0	0	0	nan	0	0	0	0.006835	0.000091	0.006835	0.000091	0.123553	0.001645
257	A	37864	1116705	1032873	0.036659	191883	241	1116705	1019	1207942	1176746	0.000866	52890	4	1204078	0	0	0	nan	0	0	0	0.035793	0.000190	0.035793	0.000190	0.647011	0.003435
258	G	29745	1116705	1017961	0.029220	191819	243	1116705	13546	1208169	1174431	0.011534	52892	4	1204309	0	0	0	nan	0	0	0	0.017686	0.000196	0.017686	0.000196	0.319700	0.003543
259	A	28590	1116705	1012838	0.028228	191771	266	1116705	592	1208267	1173369	0.000505	52899	4	1204409	0	0	0	nan	0	0	0	0.027723	0.000168	0.027723	0.000168	0.501134	0.003037
260	A	54106	1116705	1020211	0.053034	191712	271	1116705	497	1208519	1172967	0.000424	52899	4	1204662	0	0	0	nan	0	0	0	0.052610	0.000229	0.052610	0.000229	0.951003	0.004140
261	A	55342	1116705	1040184	0.053204	191608	274	1116705	785	1209015	1177506	0.000667	52902	4	1205162	0	0	0	nan	0	0	0	0.052537	0.000227	0.052537	0.000227	0.949683	0.004103
262	C	72682	1116705	1045718	0.069504	191470	280	1116705	514	1209610	1176297	0.000437	52940	5	1205840	0	0	0	nan	0	0	0	0.069067	0.000259	0.069067	0.000259	1.248487	0.004682
263	G	7808	1116705	1044738	0.007474	191346	281	1116705	3714	1209845	1174673	0.003162	52941	5	1206078	0	0	0	nan	0	0	0	0.004312	0.000099	0.004312	0.000099	0.077946	0.001790
264	C	64911	1116705	1035104	0.062710	191236	281	1116705	7080	1209922	1168732	0.006058	52942	5	1206162	0	0	0	nan	0	0	0	0.056652	0.000256	0.056652	0.000256	1.024068	0.004628
265	U	14280	1116705	1035555	0.013790	191135	281	1116705	1267	1209868	1168746	0.001084	52943	5	1206112	0	0	0	nan	0	0	0	0.012706	0.000119	0.012706	0.000119	0.229680	0.002151
266	U	12968	1116705	1040917	0.012458	191052	282	1116705	1160	1209831	1167862	0.000993	52945	5	1206085	0	0	0	nan	0	0	0	0.011465	0.000113	0.011465	0.000113	0.207247	0.002043
267	C	49242	1116705	1050256	0.046886	190992	282	1116705	950	1209791	1173758	0.000809	52946	5	1206055	0	0	0	nan	0	0	0	0.046076	0.000213	0.046076	0.000213	0.832891	0.003850
268	G	6798	1116705	1048724	0.006482	190954	282	1116705	1965	1210216	1173452	0.001675	52949	6	1206487	0	0	0	nan	0	0	0	0.004808	0.000087	0.004808	0.000087	0.086912	0.001573
269	A	66250	1116705	1065107	0.062200	190893	282	1116705	704	1210473	1179227	0.000597	52949	6	1206750	0	0	0	nan	0	0	0	0.061603	0.000243	0.061603	0.000243	1.113564	0.004393
270	G	14501	1116705	1066099	0.013602	190846	286	1116705	6484	1210563	1176245	0.005512	52950	7	1206842	0	0	0	nan	0	0	0	0.008089	0.000132	0.008089	0.000132	0.146221	0.002386
271	C	13112	1116705	1063832	0.012325	190790	286	1116705	1935	1210760	1180572	0.001639	52950	7	1207040	0	0	0	nan	0	0	0	0.010686	0.000114	0.010686	0.000114	0.193165	0.002061
272	A	22003	1116705	1066487	0.020631	190744	287	1116705	901	1210896	1180723	0.000763	52950	7	1207183	0	0	0	nan	0	0	0	0.019868	0.000141	0.019868	0.000141	0.359143	0.002549
273	G	4376	1116705	1063342	0.004115	190673	289	1116705	1005	1210721	1184192	0.000849	52950	7	1207012	0	0	0	nan	0	0	0	0.003267	0.000068	0.003267	0.000068	0.059056	0.001229
274	A	17253	1116705	1057287	0.016318	190622	293	1116705	1014	1210839	1173029	0.000864	52951	7	1207132	0	0	0	nan	0	0	0	0.015454	0.000127	0.015454	0.000127	0.279354	0.002296
275	C	15005	1116705	1051627	0.014268	190549	293	1116705	623	1210718	1157554	0.000538	52953	7	1207015	0	0	0	nan	0	0	0	0.013730	0.000118	0.013730	0.000118	0.248190	0.002133
276	A	31383	1116705	1046364	0.029992	190473	293	1116705	1008	1210712	1152377	0.000875	52956	8	1207014	0	0	0	nan	0	0	0	0.029118	0.000172	0.029118	0.000172	0.526350	0.003109
277	U	9041	1116705	1043017	0.008668	190398	293	1116705	1287	1210657	1158213	0.001111	52956	9	1206962	0	0	0	nan	0	0	0	0.007557	0.000096	0.007557	0.000096	0.136604	0.001735
278	G	9570	1116705	1035353	0.009243	190322	293	1116705	2317	1210601	1155064	0.002006	52959	9	1206907	0	0	0	nan	0	0	0	0.007237	0.000103	0.007237	0.000103	0.130819	0.001862
279	A	72569	1116705	1035012	0.070114	190250	295	1116705	956	1210269	1176692	0.000812	52960	10	1206577	0	0	0	nan	0	0	0	0.069302	0.000262	0.069302	0.000262	1.252735	0.004736
280	U	14547	1116705	1025591	0.014184	190162	296	1116705	616	1210088	1173286	0.000525	52961	12	1206399	0	0	0	nan	0	0	0	0.013659	0.000119	0.013659	0.000119	0.246906	0.002151
281	A	36571	1116705	999718	0.036581	190076	298	1116705	677	1209895	1170690	0.000578	52963	12	1206207	0	0	0	nan	0	0	0	0.036003	0.000193	0.036003	0.000193	0.650807	0.003489
282	A	56116	1116705	1002659	0.055967	190009	299	1116705	866	1209926	1172172	0.000739	52964	13	1206243	0	0	0	nan	0	0	0	0.055228	0.000238	0.055228	0.000238	0.998327	0.004302
283	G	9469	1116705	995996	0.009507	189937	299	1116705	1102	1209934	1172704	0.000940	52964	19	1206252	0	0	0	nan	0	0	0	0.008567	0.000102	0.008567	0.000102	0.154861	0.001844
284	A	51050	1116705	990085	0.051561	189881	299	1116705	683	1209983	1170810	0.000583	52964	19	1206309	0	0	0	nan	0	0	0	0.050978	0.000229	0.050978	0.000229	0.921502	0.004140
285	U	18025	1116705	989835	0.018210	189832	299	1116705	887	1210171	1175176	0.000755	52964	19	1206498	0	0	0	nan	0	0	0	0.017455	0.000138	0.017455	0.000138	0.315525	0.002495
286	A	55743	1116705	963457	0.057857	189783	299	1116705	886	1210428	1174140	0.000755	52965	19	1206756	0	0	0	nan	0	0	0	0.057103	0.000246	0.057103	0.000246	1.032220	0.004447
287	C	91651	1116705	1007444	0.090974	189680	299	1116705	625	1210478	1180010	0.000530	52969	19	1206809	0	0	0	nan	0	0	0	0.090444	0.000301	0.090444	0.000301	1.634908	0.005441
288	A	70252	1116705	1023892	0.068613	189624	299	1116705	693	1210649	1173194	0.000591	52969	19	1206985	0	0	0	nan	0	0	0	0.068022	0.000260	0.068022	0.000260	1.229597	0.004700
289	U	16632	1116705	1027995	0.016179	189532	299	1116705	961	1210510	1172219	0.000820	52961	19	1206848	0	0	0	nan	0	0	0	0.015359	0.000128	0.015359	0.000128	0.277636	0.002314
290	U	17446	1116705	1013236	0.017218	189451	299	1116705	832	1210763	1172156	0.000710	52961	19	1207103	0	0	0	nan	0	0	0	0.016508	0.000133	0.016508	0.000133	0.298406	0.002404
291	G	11683	1116705	1016351	0.011495	189265	299	1116705	1015	1210843	1173978	0.000865	52963	20	1207184	0	0	0	nan	0	0	0	0.010630	0.000110	0.010630	0.000110	0.192153	0.001988
292	A	75532	1116705	1051539	0.071830	189057	299	1116705	551	1211031	1175426	0.000469	52963	20	1207373	0	0	0	nan	0	0	0	0.071361	0.000262	0.071361	0.000262	1.289955	0.004736
293	U	14882	1116705	1051787	0.014149	188803	299	1116705	867	1211186	1166974	0.000743	52963	21	1207535	0	0	0	nan	0	0	0	0.013406	0.000119	0.013406	0.000119	0.242333	0.002151
294	G	5910	1116705	1030594	0.005735	188407	299	1116705	1556	1211278	1153604	0.001349	52963	22	1207629	0	0	0	nan	0	0	0	0.004386	0.000082	0.004386	0.000082	0.079283	0.001482
295	A	67012	1116705	1048537	0.063910	187907	299	1116705	744	1167906	1119607	0.000665	52964	22	1164266	0	0	0	nan	0	0	0	0.063245	0.000248	0.063245	0.000248	1.143246	0.004483
296	G	24043	1116705	1050168	0.022894	187430	299	1116705	9340	1168242	1118120	0.008353	52964	22	1164608	0	0	0	nan	0	0	0	0.014541	0.000171	0.014541	0.000171	0.262850	0.003091
297	U	11142	1116705	1046785	0.010644	186885	299	1116705	1802	1168848	1126789	0.001599	52965	22	1165222	0	0	0	nan	0	0	0	0.009045	0.000108	0.009045	0.000108	0.163502	0.001952
298	U	12813	1116705	1048324	0.012222	186566	299	1116705	486	1168561	1127216	0.000431	52965	23	1164943	0	0	0	nan	0	0	0	0.011791	0.000110	0.011791	0.000110	0.213140	0.001988
299	U	13011	1116705	1039025	0.012522	185924	299	1116705	728	1168689	1118074	0.000651	52964	25	1165074	0	0	0	nan	0	0	0	0.011871	0.000112	0.011871	0.000112	0.214586	0.002025
300	G	7259	1116705	1035275	0.007012	185179	299	1116705	1975	1168804	1123500	0.001758	52964	25	1165192	0	0	0	nan	0	0	0	0.005254	0.000091	0.005254	0.000091	0.094974	0.001645
301	G	4221	1116705	1017150	0.004150	184769	299	1116705	1400	1169109	1126351	0.001243	52964	25	1165501	0	0	0	nan	0	0	0	0.002907	0.000072	0.002907	0.000072	0.052548	0.001302
302	A	25647	1116705	1001033	0.025621	184180	299	1116705	1333	1169413	1128183	0.001182	52965	26	1165809	0	0	0	nan	0	0	0	0.024439	0.000163	0.024439	0.000163	0.441771	0.002946
303	C	62540	1116705	977577	0.063975	183492	299	1116705	2676	1169570	1128293	0.002372	52966	32	1165967	0	0	0	nan	0	0	0	0.061603	0.000260	0.061603	0.000260	1.113564	0.004700
304	A	29190	1116705	963138	0.030307	183020	299	1116705	594	1169853	1127636	0.000527	52967	32	1166256	0	0	0	nan	0	0	0	0.029780	0.000179	0.029780	0.000179	0.538317	0.003236
305	A	50527	1116705	962527	0.052494	182502	299	1116705	462	1170169	1135991	0.000407	52967	32	1166581	0	0	0	nan	0	0	0	0.052087	0.000234	0.052087	0.000234	0.941549	0.004230
306	A	44545	1116705	952207	0.046781	181545	299	1116705	544	1170303	1120201	0.000486	52967	32	1166724	0	0	0	nan	0	0	0	0.046295	0.000223	0.046295	0.000223	0.836850	0.004031
307	C	40808	1116705	930814	0.043841	180804	299	1116705	717	1170387	1109741	0.000646	52967	33	1166809	0	0	0	nan	0	0	0	0.043195	0.000218	0.043195	0.000218	0.780813	0.003941
308	C	31754	1116705	925904	0.034295	180393	299	1116705	669	1170540	1116873	0.000599	52967	34	1166968	0	0	0	nan	0	0	0	0.033696	0.000194	0.033696	0.000194	0.609105	0.003507
309	A	41537	1116705	938306	0.044268	179720	299	1116705	667	1170706	1124745	0.000593	52967	34	1167136	0	0	0	nan	0	0	0	0.043675	0.000218	0.043675	0.000218	0.789490	0.003941
310	C	62557	1116705	933981	0.066979	178714	299	1116705	489	1170820	1128083	0.000433	52967	34	1167252	0	0	0	nan	0	0	0	0.066545	0.000269	0.066545	0.000269	1.202898	0.004863
311	A	51480	1116705	939728	0.054782	178386	299	1116705	555	1171040	1109077	0.000500	52967	34	1167474	0	0	0	nan	0	0	0	0.054281	0.000242	0.054281	0.000242	0.981209	0.004375
312	A	45563	1116705	942711	0.048332	177858	299	1116705	467	1171341	1100710	0.000424	52967	35	1167779	0	0	0	nan	0	0	0	0.047908	0.000227	0.047908	0.000227	0.866007	0.004103
313	C	57181	1116705	941673	0.060723	177283	299	1116705	480	1171457	1082025	0.000444	52967	35	1167894	0	0	0	nan	0	0	0	0.060279	0.000255	0.060279	0.000255	1.089631	0.004609
314	U	12369	1116705	946110	0.013074	177000	299	1116705	796	1171719	1082514	0.000735	52967	35	1168157	0	0	0	nan	0	0	0	0.012338	0.000120	0.012338	0.000120	0.223027	0.002169
315	A	67473	1116705	984700	0.068521	176696	299	1116705	692	1172411	1120424	0.000618	52967	38	1168853	0	0	0	nan	0	0	0	0.067904	0.000265	0.067904	0.000265	1.227464	0.004790
316	G	13993	1116705	1011956	0.013828	176137	299	1116705	1087	1172773	1147967	0.000947	52968	38	1169218	0	0	0	nan	0	0	0	0.012881	0.000120	0.012881	0.000120	0.232843	0.002169
317	A	38440	1116705	1004629	0.038263	175548	299	1116705	645	1172979	1141792	0.000565	52968	38	1169427	0	0	0	nan	0	0	0	0.037698	0.000196	0.037698	0.000196	0.681447	0.003543
318	A	63315	1116705	1021997	0.061952	174890	299	1116705	470	1173338	1131238	0.000415	52970	38	1169788	0	0	0	nan	0	0	0	0.061537	0.000247	0.061537	0.000247	1.112371	0.004465
319	U	15554	1116705	1024978	0.015175	174330	299	1116705	715	1173506	1127937	0.000634	52970	41	1169958	0	0	0	nan	0	0	0	0.014541	0.000124	0.014541	0.000124	0.262850	0.002241
320	G	6429	1116705	1017718	0.006317	173989	299	1116705	3021	1173665	1120424	0.002696	52969	41	1170119	0	0	0	nan	0	0	0	0.003621	0.000093	0.003621	0.000093	0.065455	0.001681
321	C	23288	1116705	1011716	0.023018	173646	299	1116705	1071	1173823	1122146	0.000954	52969	41	1170282	0	0	0	nan	0	0	0	0.022064	0.000154	0.022064	0.000154	0.398839	0.002784
322	A	27890	1116705	1004505	0.027765	173365	299	1116705	681	1174127	1121789	0.000607	52969	41	1170587	0	0	0	nan	0	0	0	0.027158	0.000168	0.027158	0.000168	0.490921	0.003037
323	G	5205	1116705	979367	0.005315	173124	299	1116705	765	1174669	1132041	0.000676	52970	41	1171132	0	0	0	nan	0	0	0	0.004639	0.000078	0.004639	0.000078	0.083857	0.001410
324	U	15831	1116705	970134	0.016318	172772	299	1116705	1656	1175581	1130520	0.001465	52971	41	1172045	0	0	0	nan	0	0	0	0.014854	0.000135	0.014854	0.000135	0.268508	0.002440
325	G	151483	1116705	990251	0.152974	172354	299	1116705	93830	1176226	1137564	0.082483	52971	41	1172695	0	0	0	nan	0	0	0	0.070491	0.000476	nan	nan	nan	nan
326	A	70284	1116705	901478	0.077965	171946	300	1116705	13988	1178120	1135503	0.012319	52971	41	1174600	0	0	0	nan	0	0	0	0.065647	0.000312	0.065647	0.000312	1.186666	0.005640
327	A	94519	1116705	995791	0.094919	171606	300	1116705	1049	1179400	1141365	0.000919	52971	42	1175893	0	0	0	nan	0	0	0	0.093999	0.000310	0.093999	0.000310	1.699169	0.005604
328	A	19800	1116705	1024772	0.019321	171360	300	1116705	402	1180066	1143414	0.000352	52971	42	1176569	0	0	0	nan	0	0	0	0.018970	0.000138	0.018970	0.000138	0.342911	0.002495
329	A	12122	1116705	1032833	0.011737	171132	300	1116705	389	1180314	1144022	0.000340	52971	42	1176828	0	0	0	nan	0	0	0	0.011397	0.000108	0.011397	0.000108	0.206017	0.001952
330	A	14370	1116705	1036206	0.013868	170955	300	1116705	475	1180700	1146724	0.000414	52971	42	1177227	0	0	0	nan	0	0	0	0.013454	0.000117	0.013454	0.000117	0.243201	0.002115
331	A	23517	1116705	1041768	0.022574	168924	300	1116705	424	1180918	1149111	0.000369	52961	42	1177471	0	0	0	nan	0	0	0	0.022205	0.000148	0.022205	0.000148	0.401388	0.002675
332	A	53095	1116705	1046278	0.050747	168792	300	1116705	712	1181127	1140202	0.000624	52961	42	1177698	0	0	0	nan	0	0	0	0.050122	0.000221	0.050122	0.000221	0.906029	0.003995
333	U	14813	1116705	1045496	0.014168	168620	300	1116705	594	1181375	1142073	0.000520	52961	42	1177959	0	0	0	nan	0	0	0	0.013648	0.000118	0.013648	0.000118	0.246708	0.002133
334	G	6964	1116705	1041782	0.006685	168523	300	1116705	3323	1181637	1144546	0.002903	52961	42	1178225	0	0	0	nan	0	0	0	0.003781	0.000095	0.003781	0.000095	0.068347	0.001717
335	C	68281	1116705	1041393	0.065567	168430	300	1116705	13397	1181884	1156540	0.011584	52961	42	1178475	0	0	0	nan	0	0	0	0.053983	0.000270	0.053983	0.000270	0.975822	0.004881
336	U	29583	1116705	1023681	0.028899	168216	300	1116705	6005	1182032	1159158	0.005180	52961	42	1178624	0	0	0	nan	0	0	0	0.023718	0.000181	0.023718	0.000181	0.428738	0.003272
337	U	24468	1116705	1013613	0.024139	167922	300	1116705	1491	1182229	1152459	0.001294	52961	42	1178823	0	0	0	nan	0	0	0	0.022846	0.000158	0.022846	0.000158	0.412975	0.002856
338	U	17822	1116705	991049	0.017983	167659	300	1116705	601	1182515	1151712	0.000522	52961	43	1179111	0	0	0	nan	0	0	0	0.017461	0.000136	0.017461	0.000136	0.315633	0.002458
339	A	81960	1116705	1020209	0.080336	167425	300	1116705	1150	1182608	1139952	0.001009	52961	44	1179208	0	0	0	nan	0	0	0	0.079328	0.000282	0.079328	0.000282	1.433970	0.005098
340	U	17261	1116705	1018855	0.016942	167138	300	1116705	2844	1182672	1133155	0.002510	52962	44	1179275	0	0	0	nan	0	0	0	0.014432	0.000137	0.014432	0.000137	0.260880	0.002476
341	U	18464	1116705	1014372	0.018202	166961	300	1116705	641	1182748	1131616	0.000566	52961	45	1179356	0	0	0	nan	0	0	0	0.017636	0.000136	0.017636	0.000136	0.318797	0.002458
342	U	17166	1116705	1012574	0.016953	166680	300	1116705	753	1182983	1135451	0.000663	52959	45	1179596	0	0	0	nan	0	0	0	0.016290	0.000132	0.016290	0.000132	0.294466	0.002386
343	G	27254	1116705	1016672	0.026807	166358	300	1116705	1242	1183285	1143770	0.001086	52959	45	1179901	0	0	0	nan	0	0	0	0.025721	0.000165	0.025721	0.000165	0.464945	0.002983
344	U	14375	1116705	1017462	0.014128	166095	300	1116705	1136	1183451	1145392	0.000992	52959	45	1180070	0	0	0	nan	0	0	0	0.013136	0.000121	0.013136	0.000121	0.237452	0.002187
345	G	20826	1116705	989825	0.021040	165892	300	1116705	3171	1183965	1142305	0.002776	52959	45	1180587	0	0	0	nan	0	0	0	0.018264	0.000154	0.018264	0.000154	0.330149	0.002784
346	A	22506	1116705	963191	0.023366	165684	300	1116705	738	1184147	1138204	0.000648	52959	45	1180769	0	0	0	nan	0	0	0	0.022718	0.000158	0.022718	0.000158	0.410661	0.002856
347	A	73695	1116705	992977	0.074216	165442	300	1116705	1015	1184302	1136022	0.000893	52959	45	1180926	0	0	0	nan	0	0	0	0.073323	0.000275	0.073323	0.000275	1.325421	0.004971
348	A	89142	1116705	1011771	0.088105	165335	300	1116705	27930	1184713	1134226	0.024625	52959	45	1181340	0	0	0	nan	0	0	0	0.063480	0.000330	0.063480	0.000330	1.147494	0.005965
349	U	13787	1116705	1026652	0.013429	165160	300	1116705	3039	1185149	1140507	0.002665	52959	45	1181778	0	0	0	nan	0	0	0	0.010764	0.000124	0.010764	0.000124	0.194575	0.002241
350	U	20074	1116705	1037778	0.019343	165006	300	1116705	545	1185611	1147192	0.000475	52957	45	1182242	0	0	0	nan	0	0	0	0.018868	0.000138	0.018868	0.000138	0.341067	0.002495
351	U	19146	1116705	1046120	0.018302	164805	300	1116705	888	1186360	1153362	0.000770	52956	45	1182998	0	0	0	nan	0	0	0	0.017532	0.000135	0.017532	0.000135	0.316917	0.002440
352	G	18181	1116705	1046699	0.017370	164573	300	1116705	1097	1186575	1152468	0.000952	52956	45	1183215	0	0	0	nan	0	0	0	0.016418	0.000132	0.016418	0.000132	0.296779	0.002386
353	U	14007	1116705	1043730	0.013420	164328	299	1116705	1000	1186707	1147903	0.000871	52954	45	1183349	0	0	0	nan	0	0	0	0.012549	0.000117	0.012549	0.000117	0.226842	0.002115
354	G	7208	1116705	1034823	0.006965	164167	299	1116705	949	1186859	1145524	0.000828	52954	45	1183507	0	0	0	nan	0	0	0	0.006137	0.000086	0.006137	0.000086	0.110935	0.001555
355	A	59850	1116705	1039137	0.057596	163954	299	1116705	493	1186975	1152042	0.000428	52954	45	1183625	0	0	0	nan	0	0	0	0.057168	0.000236	0.057168	0.000236	1.033395	0.004266
356	U	14808	1116705	1040876	0.014226	163863	299	1116705	894	1187121	1153290	0.000775	52954	45	1183771	0	0	0	nan	0	0	0	0.013451	0.000120	0.013451	0.000120	0.243147	0.002169
357	G	7615	1116705	1033164	0.007371	163658	299	1116705	3144	1187511	1152226	0.002729	52954	45	1184162	0	0	0	nan	0	0	0	0.004642	0.000097	0.004642	0.000097	0.083911	0.001753
358	C	52581	1116705	1028531	0.051122	163501	299	1116705	1181	1187932	1149722	0.001027	52955	45	1184584	0	0	0	nan	0	0	0	0.050095	0.000225	0.050095	0.000225	0.905540	0.004067
359	U	14918	1116705	1018360	0.014649	163357	299	1116705	529	1188268	1153996	0.000458	52955	45	1184921	0	0	0	nan	0	0	0	0.014191	0.000122	0.014191	0.000122	0.256523	0.002205
360	A	67272	1116705	1037975	0.064811	163144	299	1116705	1074	1188569	1156007	0.000929	52954	46	1185227	0	0	0	nan	0	0	0	0.063882	0.000251	0.063882	0.000251	1.154761	0.004537
361	U	19124	1116705	1042248	0.018349	162916	299	1116705	1042	1188860	1155001	0.000902	52954	46	1185519	0	0	0	nan	0	0	0	0.017447	0.000136	0.017447	0.000136	0.315380	0.002458
362	U	13844	1116705	1039335	0.013320	162724	299	1116705	596	1189211	1150970	0.000518	52954	46	1185871	0	0	0	nan	0	0	0	0.012802	0.000115	0.012802	0.000115	0.231415	0.002079
363	G	5593	1116705	1038917	0.005383	162440	299	1116705	3227	1189430	1150462	0.002805	52952	46	1186093	0	0	0	nan	0	0	0	0.002579	0.000087	0.002579	0.000087	0.046619	0.001573
364	C	65799	1116705	1039022	0.063328	162351	299	1116705	33181	1189755	1149734	0.028860	52952	46	1186422	0	0	0	nan	0	0	0	0.034468	0.000293	0.034468	0.000293	0.623060	0.005296
365	U	25177	1116705	1019740	0.024690	162260	299	1116705	3551	1190095	1154436	0.003076	52958	46	1186762	0	0	0	nan	0	0	0	0.021614	0.000164	0.021614	0.000164	0.390705	0.002965
366	U	25119	1116705	1022538	0.024565	162078	299	1116705	1471	1190718	1158254	0.001270	52958	46	1187385	0	0	0	nan	0	0	0	0.023295	0.000158	0.023295	0.000158	0.421091	0.002856
367	U	18534	1116705	1003272	0.018474	161871	299	1116705	509	1191048	1161600	0.000438	52958	47	1187734	0	0	0	nan	0	0	0	0.018035	0.000137	0.018035	0.000137	0.326009	0.002476
368	A	85228	1116705	1044144	0.081625	161626	299	1116705	1423	1188079	1152068	0.001235	52958	47	1187967	0	0	0	nan	0	0	0	0.080390	0.000282	0.080390	0.000282	1.453167	0.005098
369	U	14972	1116705	1049952	0.014260	161537	299	1116705	3402	1188350	1154227	0.002947	52958	47	1188238	0	0	0	nan	0	0	0	0.011312	0.000127	0.011312	0.000127	0.204481	0.002296
370	U	19410	1116705	1055380	0.018391	161360	299	1116705	526	1188542	1156823	0.000455	52957	48	1188502	0	0	0	nan	0	0	0	0.017937	0.000133	0.017937	0.000133	0.324238	0.002404
371	U	19213	1116705	1062236	0.018087	161148	299	1116705	690	1188737	1165943	0.000592	52958	50	1188711	0	0	0	nan	0	0	0	0.017496	0.000132	0.017496	0.000132	0.316266	0.002386
372	G	12602	1116705	1060007	0.011889	160791	299	1116705	885	1188962	1161769	0.000762	52961	51	1188949	0	0	0	nan	0	0	0	0.011127	0.000109	0.011127	0.000109	0.201137	0.001970
373	U	16082	1116705	1055375	0.015238	160634	299	1116705	795	1189009	1159399	0.000686	52961	51	1188996	0	0	0	nan	0	0	0	0.014552	0.000123	0.014552	0.000123	0.263049	0.002223
374	A	51122	1116705	1056129	0.048405	160397	299	1116705	638	1189216	1150330	0.000555	52961	53	1189203	0	0	0	nan	0	0	0	0.047850	0.000215	0.047850	0.000215	0.864959	0.003886
375	A	82012	1116705	1083604	0.075684	160114	299	1116705	6707	1189299	1153430	0.005815	52960	53	1189287	0	0	0	nan	0	0	0	0.069870	0.000274	0.069870	0.000274	1.263003	0.004953
376	C	2093	1116705	1086114	0.001927	159781	299	1116705	1382	1189390	1150992	0.001201	52971	62	1189378	0	0	0	nan	0	0	0	0.000726	0.000053	0.000726	0.000053	0.013124	0.000958
377	C	845	1116705	1093269	0.000773	159243	299	1116705	845	1189515	1159232	0.000729	52970	62	1189503	0	0	0	nan	0	0	0	0.000044	0.000037	0.000044	0.000037	0.000795	0.000669
378	A	1861	1116705	1086022	0.001714	159102	299	1116705	2570	1189648	1150426	0.002234	52970	62	1189636	0	0	0	nan	0	0	0	-0.000520	0.000059	-0.000520	0.000059	-0.009400	0.001067
379	U	3019	1116705	1083489	0.002786	158680	299	1116705	3841	1189732	1147092	0.003348	52968	62	1189720	0	0	0	nan	0	0	0	-0.000562	0.000074	-0.000562	0.000074	-0.010159	0.001338
380	U	959	1116705	1077219	0.000890	157911	299	1116705	1081	1189878	1141982	0.000947	52963	62	1189868	0	0	0	nan	0	0	0	-0.000056	0.000041	-0.000056	0.000041	-0.001012	0.000741
381	A	995	1116705	1085175	0.000917	157833	299	1116705	1128	1190937	1151019	0.000980	52963	72	1190928	0	0	0	nan	0	0	0	-0.000063	0.000041	-0.000063	0.000041	-0.001139	0.000741
382	U	818	1116705	1089285	0.000751	157125	299	1116705	994	1191242	1158016	0.000858	52962	72	1191233	0	0	0	nan	0	0	0	-0.000107	0.000038	-0.000107	0.000038	-0.001934	0.000687
383	A	266	1116705	1087317	0.000245	157068	299	1116705	234	1191510	1155604	0.000202	52962	72	1191502	0	0	0	nan	0	0	0	0.000042	0.000020	0.000042	0.000020	0.000759	0.000362
384	A	0	1116705	1084403	0.000000	155454	299	1116705	0	1191989	1152073	0.000000	52962	73	1191983	0	0	0	nan	0	0	0	0.000000	0.000000	0.000000	0.000000	0.000000	0.000000
385	g	0	1116705	0	nan	155347	299	1116705	0	1192301	0	nan	52963	73	1192295	0	0	0	nan	0	0	0	nan	nan	nan	nan	nan	nan
386	c	0	1116705	0	nan	155283	299	1116705	0	1192570	0	nan	52963	73	1192566	0	0	0	nan	0	0	0	nan	nan	nan	nan	nan	nan
387	u	0	1116705	0	nan	154415	299	1116705	0	1192818	0	nan	52962	73	1192814	0	0	0	nan	0	0	0	nan	nan	nan	nan	nan	nan
388	g	0	1116705	0	nan	152058	299	1116705	0	1193035	0	nan	52958	74	1193031	0	0	0	nan	0	0	0	nan	nan	nan	nan	nan	nan
389	c	0	1116705	0	nan	151909	299	1116705	0	1193164	0	nan	52958	74	1193160	0	0	0	nan	0	0	0	nan	nan	nan	nan	nan	nan
390	a	0	1116705	0	nan	151670	299	1116705	0	1193440	0	nan	52958	77	1193436	0	0	0	nan	0	0	0	nan	nan	nan	nan	nan	nan
391	a	0	1116705	0	nan	150908	299	1116705	0	1193618	0	nan	52956	77	1193614	0	0	0	nan	0	0	0	nan	nan	nan	nan	nan	nan
392	u	0	1116705	0	nan	149015	299	1116705	0	1193688	0	nan	52953	77	1193684	0	0	0	nan	0	0	0	nan	nan	nan	nan	nan	nan
393	a	0	1116705	0	nan	148799	299	1116705	0	1193803	0	nan	52953	77	1193800	0	0	0	nan	0	0	0	nan	nan	nan	nan	nan	nan
394	a	0	1116705	0	nan	147591	299	1116705	0	1193950	0	nan	52952	77	1193947	0	0	0	nan	0	0	0	nan	nan	nan	nan	nan	nan
395	a	0	1116705	0	nan	146281	299	1116705	0	1193950	0	nan	52950	77	1193947	0	0	0	nan	0	0	0	nan	nan	nan	nan	nan	nan
396	c	0	1116705	0	nan	143604	299	1116705	0	1193950	0	nan	52947	77	1193947	0	0	0	nan	0	0	0	nan	nan	nan	nan	nan	nan
397	a	0	1116705	0	nan	143285	299	1116705	0	1193949	0	nan	52947	77	1193947	0	0	0	nan	0	0	0	nan	nan	nan	nan	nan	nan
398	a	0	1116705	0	nan	140241	299	1116705	0	1193948	0	nan	52940	77	1193947	0	0	0	nan	0	0	0	nan	nan	nan	nan	nan	nan
399	g	0	1116705	0	nan	140226	299	1116705	0	1193948	0	nan	52937	77	1193947	0	0	0	nan	0	0	0	nan	nan	nan	nan	nan	nan
400	u	0	1116705	0	nan	140189	299	1116705	0	1193948	0	nan	52937	77	1193947	0	0	0	nan	0	0	0	nan	nan	nan	nan	nan	nan
401	u	0	1116705	0	nan	138983	299	1116705	0	1193947	0	nan	52935	77	1193947	0	0	0	nan	0	0	0	nan	nan	nan	nan	nan	nan
402	a	0	1116705	0	nan	138973	299	1116705	0	1193947	0	nan	52935	77	1193947	0	0	0	nan	0	0	0	nan	nan	nan	nan	nan	nan
403	a	0	1116705	0	nan	138677	299	1116705	0	1193947	0	nan	52924	77	1193947	0	0	0	nan	0	0	0	nan	nan	nan	nan	nan	nan
404	c	0	1116705	0	nan	138108	299	1116705	0	1193947	0	nan	52889	77	1193947	0	0	0	nan	0	0	0	nan	nan	nan	nan	nan	nan
405	a	0	1116705	0	nan	137893	299	1116705	0	1193947	0	nan	52884	77	1193947	0	0	0	nan	0	0	0	nan	nan	nan	nan	nan	nan
406	a	0	1116705	0	nan	137591	299	1116705	0	1193947	0	nan	52864	77	1193947	0	0	0	nan	0	0	0	nan	nan	nan	nan	nan	nan
407	c	0	1116091	0	nan	137575	299	1116091	0	1193902	0	nan	52861	77	1193902	0	0	0	nan	0	0	0	nan	nan	nan	nan	nan	nan
408	a	0	1116023	0	nan	137568	299	1116023	0	1193881	0	nan	52861	77	1193881	0	0	0	nan	0	0	0	nan	nan	nan	nan	nan	nan
409	a	0	1115591	0	nan	137540	299	1115591	0	1193839	0	nan	52860	77	1193839	0	0	0	nan	0	0	0	nan	nan	nan	nan	nan	nan
410	c	0	1114811	0	nan	137481	299	1114811	0	1193799	0	nan	52859	77	1193799	0	0	0	nan	0	0	0	nan	nan	nan	nan	nan	nan
411	a	0	1114460	0	nan	137426	299	1114460	0	1193726	0	nan	52857	77	1193726	0	0	0	nan	0	0	0	nan	nan	nan	nan	nan	nan
412	a	0	1113827	0	nan	137389	299	1113827	0	1193643	0	nan	52851	77	1193643	0	0	0	nan	0	0	0	nan	nan	nan	nan	nan	nan
413	u	0	1113744	0	nan	137381	299	1113744	0	1193551	0	nan	52845	77	1193551	0	0	0	nan	0	0	0	nan	nan	nan	nan	nan	nan
414	u	0	1112414	0	nan	137255	299	1112414	0	1192553	0	nan	52810	77	1192553	0	0	0	nan	0	0	0	nan	nan	nan	nan	nan	nan
415	g	0	1110596	0	nan	137062	299	1110596	0	1191473	0	nan	52760	76	1191473	0	0	0	nan	0	0	0	nan	nan	nan	nan	nan	nan
416	c	0	1105341	0	nan	136393	296	1105341	0	1189102	0	nan	52653	76	1189102	0	0	0	nan	0	0	0	nan	nan	nan	nan	nan	nan