387	Window=3	Metric=PAIRMAPPER	
i	j	Sig.	Class	Zij	Zi	Zj	Mod_Depth	Mod_Comuts	Unt_Depth	Unt_Comuts
88	98	168.08	1	8.53	7.42	9.64	469609	607	856223	97
35	45	145.75	2	6.83	9.49	4.17	476306	1029	867353	62
42	73	48.19	2	2.05	0.88	3.23	477444	1539	859229	28
45	69	65.83	2	2.98	1.89	4.07	473285	1680	859639	45
46	55	76.52	2	5.00	4.22	5.78	470812	962	865386	22
46	64	57.21	2	3.71	3.16	4.27	473903	1051	865549	21
72	98	63.76	2	3.05	2.44	3.66	468234	595	856349	45
73	97	42.36	2	2.39	2.84	1.93	467141	702	853409	17
130	186	73.26	2	2.74	2.72	2.76	466285	946	842385	29
130	187	168.40	2	4.76	6.25	3.27	468244	1555	842761	21
131	186	160.55	2	4.94	3.82	6.05	465497	1569	841923	22
132	185	82.60	2	4.37	1.18	7.55	461783	1273	841489	17
133	184	71.70	2	3.44	1.51	5.38	463783	990	843770	26
134	183	122.75	2	4.47	5.42	3.52	454570	1421	847127	91
134	188	133.39	2	4.32	5.89	2.75	455165	1816	843941	53
135	157	45.33	2	2.42	1.26	3.59	451539	1937	844007	237
153	176	82.49	2	5.44	6.50	4.38	444259	2370	830963	84
173	188	90.37	2	5.28	8.68	1.87	464212	1981	842699	48
176	190	30.03	2	3.01	1.60	4.43	452854	2575	830424	55
188	203	83.33	2	4.34	1.72	6.96	467137	2302	859375	25
213	293	94.59	2	2.32	3.40	1.24	464333	2141	803101	94
215	251	106.62	2	2.38	3.60	1.16	461161	1896	811748	61
221	239	82.96	2	2.35	2.23	2.46	472596	598	825730	110
223	250	107.65	2	2.70	4.50	0.90	478033	808	821934	24
224	249	154.93	2	5.18	9.30	1.07	472861	1036	815534	20
225	275	57.31	2	2.58	3.67	1.49	468779	2305	812405	41
231	240	751.62	2	9.92	6.54	13.29	460673	1512	826575	110
299	324	136.38	2	2.73	3.05	2.40	446887	1707	783943	38
300	323	109.77	2	3.50	1.77	5.22	445809	1414	778372	21
302	349	89.67	2	2.27	1.96	2.57	444498	1677	793726	57
306	342	51.44	2	3.31	3.66	2.97	442536	914	792625	30
316	344	58.70	2	3.68	2.86	4.50	462181	699	797975	155
317	337	46.62	2	2.10	3.57	0.62	464187	1181	806383	224
322	333	264.62	2	6.71	11.54	1.88	448652	967	792980	4
327	337	287.47	2	7.56	11.23	3.90	444063	2537	807916	92
328	339	116.73	2	4.12	3.60	4.64	436834	1854	790232	309
339	350	99.15	2	3.09	3.94	2.24	456273	3012	800425	166
31	46	33.50	0	1.43	1.01	1.85	475853	829	870391	20
46	85	26.99	0	1.02	1.49	0.55	472676	1263	858969	34
52	109	39.21	0	2.39	4.20	0.57	456153	2623	855175	5
53	108	47.12	0	2.11	3.70	0.51	448124	2523	853372	7
54	107	30.64	0	2.43	1.47	3.38	458704	2481	851250	10
69	88	26.20	0	1.40	1.63	1.17	475283	1357	855064	66
69	112	64.41	0	2.62	3.98	1.25	440610	3106	852947	39
85	95	24.15	0	1.45	0.49	2.41	463950	2946	852891	20
111	206	38.68	0	1.49	0.49	2.49	460061	3482	836993	12
135	182	87.34	0	2.72	2.41	3.03	457040	1618	846002	135
136	181	71.73	0	2.52	2.12	2.93	450857	1825	845015	116
165	267	24.16	0	1.95	1.52	2.37	457339	1520	797088	27
181	226	28.56	0	1.38	1.17	1.58	472920	1857	813690	66
185	194	57.27	0	5.62	5.24	6.01	459808	2568	850336	26
196	216	26.32	0	2.48	2.32	2.65	446704	1790	825268	18
217	279	31.34	0	0.33	0.10	0.56	461919	5534	809905	126
217	336	32.43	0	0.24	0.10	0.37	462530	3828	767073	88
219	337	35.87	0	0.30	0.12	0.48	470072	4034	767935	86
220	279	62.81	0	1.60	2.05	1.15	470664	1165	812344	100
221	278	54.14	0	1.40	1.45	1.35	471799	1228	812629	90
222	251	93.88	0	1.51	2.00	1.02	468335	980	813053	42
223	240	49.15	0	1.45	2.04	0.87	473987	373	824972	57
228	245	63.47	0	1.22	1.01	1.43	467416	989	820492	12
228	256	173.31	0	1.95	2.76	1.14	464958	3070	817335	19
234	243	89.05	0	11.14	10.50	11.78	467020	6349	821337	12
254	265	33.54	0	1.71	2.03	1.38	468447	2790	814091	262
256	273	66.55	0	1.75	0.43	3.07	453072	4115	801869	65
269	353	29.72	0	1.39	1.24	1.53	454452	1675	768852	9
270	347	45.65	0	1.45	1.36	1.55	447698	2451	760846	6
271	340	39.80	0	1.55	1.29	1.82	451098	3457	742653	57
275	292	108.33	0	2.65	2.84	2.46	465101	2220	807038	36
277	346	64.42	0	1.73	1.09	2.37	454926	2619	766816	56
278	339	52.79	0	1.70	1.32	2.09	461182	2893	765816	186
278	345	33.89	0	1.15	0.84	1.46	465160	1628	769536	111
278	351	70.92	0	1.60	1.77	1.42	453340	1975	773576	50
292	304	65.78	0	1.05	1.49	0.61	458650	2863	804794	120
292	329	91.56	0	2.02	2.07	1.96	447706	3162	798673	81
293	328	28.85	0	0.63	0.37	0.89	441972	1555	799927	90
298	308	41.96	0	2.73	4.81	0.65	437677	2049	800325	8
303	329	293.74	0	4.31	2.31	6.31	439397	6087	792723	86
307	343	89.65	0	4.58	2.05	7.10	446732	1366	804490	15
308	342	118.84	0	4.36	1.85	6.86	443522	1516	802586	3
315	345	30.83	0	1.17	1.00	1.33	459021	936	792599	93
316	342	27.04	0	1.44	1.32	1.56	463063	363	801194	42
318	336	32.01	0	1.26	2.15	0.36	463408	1101	805012	175
322	337	50.71	0	1.45	2.22	0.68	456550	475	799031	46
322	358	29.22	0	3.00	1.28	4.73	439098	750	796747	13
