473	Window=3	Metric=PAIRMAPPER	
i	j	Sig.	Class	Zij	Zi	Zj	Mod_Depth	Mod_Comuts	Unt_Depth	Unt_Comuts
144	155	708.91	1	12.00	12.44	11.56	450500	1553	1135696	362
168	198	42.56	1	4.69	9.04	0.35	376230	133	1044179	11
36	93	55.35	2	2.65	1.89	3.42	460205	2166	1186350	4
44	83	35.73	2	2.48	4.25	0.71	462191	1594	1198144	25
63	81	124.32	2	5.73	3.82	7.65	451869	1302	1164308	147
70	87	87.29	2	5.08	9.20	0.96	452566	2729	1192508	88
80	93	25.60	2	2.45	3.33	1.57	461894	631	1181900	20
85	244	26.44	2	3.39	2.48	4.30	394202	1456	792795	9
87	136	37.30	2	2.76	0.40	5.13	462564	1004	1163196	43
94	110	38.80	2	2.80	3.49	2.10	468085	791	1172738	14
95	147	31.98	2	2.15	2.44	1.85	447803	1248	1110265	15
98	107	44.77	2	6.22	11.37	1.08	457552	1570	1165301	15
113	128	47.42	2	2.11	2.41	1.81	460044	503	1149629	46
114	127	183.11	2	4.85	6.27	3.44	461583	786	1151892	41
114	139	24.76	2	3.77	0.85	6.69	462728	499	1139521	36
115	126	328.82	2	7.82	9.89	5.74	456567	759	1144048	26
116	125	412.22	2	8.33	9.58	7.08	454192	877	1145127	14
162	204	155.15	2	5.55	5.79	5.32	396593	716	1072006	7
163	203	240.92	2	7.12	5.40	8.84	394888	653	1059729	6
164	205	94.23	2	4.90	3.00	6.80	431797	891	1062309	4
169	197	64.01	2	4.30	7.72	0.89	389766	240	1035939	49
170	196	163.13	2	4.78	5.17	4.39	378380	321	1041091	40
170	205	47.44	2	2.46	1.50	3.42	421816	254	1053962	22
171	191	53.35	2	5.02	0.65	9.38	332671	348	1050085	8
177	187	67.87	2	6.14	1.43	10.86	320430	176	1064337	107
177	188	128.58	2	6.10	2.71	9.50	312072	487	1056628	73
178	187	65.08	2	5.89	1.37	10.41	269953	148	1065400	75
178	190	64.50	2	3.85	1.36	6.33	244112	376	1039706	76
179	189	75.93	2	4.47	2.93	6.02	235462	400	1006265	70
179	190	65.51	2	4.48	2.53	6.43	292019	390	1027985	78
216	234	114.49	2	6.63	5.49	7.78	374468	853	797055	18
217	233	177.44	2	9.07	9.07	9.07	386849	665	817601	64
220	230	54.28	2	7.06	10.14	3.98	359221	414	787974	17
267	278	26.73	2	2.50	2.85	2.15	307135	462	395624	4
299	308	216.47	2	13.19	9.20	17.18	292142	812	439370	6
311	352	25.21	2	2.36	2.14	2.57	328851	1018	551358	6
326	348	25.32	2	3.59	5.84	1.33	379638	395	702655	36
327	352	33.31	2	2.85	2.30	3.40	344888	442	645260	9
328	351	69.96	2	4.33	4.98	3.67	360531	875	666895	4
329	350	96.57	2	7.52	8.26	6.79	344497	793	618432	12
372	391	44.84	2	4.00	7.37	0.64	425833	612	864899	13
373	393	61.35	2	4.72	8.04	1.39	421413	248	875862	25
374	392	41.23	2	3.67	6.79	0.56	443586	327	957285	14
375	387	31.82	2	2.65	2.28	3.01	446684	362	962774	14
375	435	59.69	2	2.66	4.30	1.02	455206	939	1005889	11
381	436	110.65	2	3.26	1.98	4.54	453337	1562	993069	27
382	404	34.03	2	2.65	2.64	2.65	458259	148	1010426	19
382	435	98.21	2	4.66	7.65	1.68	460699	1092	1028621	23
383	392	51.16	2	2.99	5.29	0.69	447097	397	964686	13
384	394	26.98	2	2.97	3.31	2.63	445720	483	996318	15
385	408	38.85	2	2.28	3.91	0.65	451998	1359	992614	22
390	403	69.57	2	3.23	1.03	5.44	448010	554	1005797	32
390	406	160.47	2	3.43	2.38	4.49	441682	896	981774	18
391	405	418.80	2	8.07	5.98	10.16	449943	728	1004175	12
392	404	136.68	2	6.26	1.86	10.67	451592	306	1013861	16
393	403	58.58	2	2.95	1.33	4.58	431136	206	943589	20
393	406	382.71	2	9.70	8.69	10.71	425237	476	924108	13
394	405	101.76	2	6.21	9.95	2.47	452223	750	1036329	10
411	420	233.06	2	11.72	7.36	16.07	436391	2001	1051353	83
436	446	167.82	2	5.11	6.89	3.33	454675	1195	1068286	37
28	37	39.34	0	4.78	7.66	1.89	458599	1045	1215946	31
28	42	31.33	0	4.56	6.10	3.02	461722	2832	1206185	29
29	41	25.98	0	2.29	2.50	2.08	459725	3014	1215352	17
29	101	42.28	0	2.47	4.06	0.88	458460	3075	1205362	12
29	102	32.39	0	2.05	3.11	0.98	460036	2558	1200543	32
30	48	52.95	0	2.54	3.54	1.53	454215	1879	1223724	21
37	46	32.92	0	1.51	1.58	1.45	458756	1136	1216829	25
37	92	30.68	0	1.35	1.47	1.23	460727	2179	1188712	12
38	49	40.60	0	5.23	7.25	3.21	454421	2034	1216353	12
43	84	52.33	0	2.00	2.54	1.46	458286	3825	1178546	32
66	88	74.19	0	2.93	3.81	2.05	452784	2269	1186585	49
67	87	159.53	0	5.40	9.04	1.77	445398	3720	1189301	98
78	102	51.13	0	3.59	5.64	1.55	462613	3154	1187825	33
79	100	44.35	0	4.86	8.44	1.27	458330	1177	1197243	7
84	245	28.51	0	2.26	0.79	3.73	405473	1748	831056	8
88	135	25.77	0	1.93	0.70	3.16	464174	716	1166685	51
88	167	51.25	0	0.98	1.41	0.56	458425	665	1139329	30
93	149	73.13	0	4.55	4.52	4.57	451537	2641	1150989	7
94	148	33.21	0	2.34	2.99	1.69	455453	1790	1150457	8
94	152	27.42	0	2.12	2.46	1.77	459756	1632	1153310	6
96	149	42.92	0	3.08	3.47	2.68	450796	1654	1152987	19
98	121	26.35	0	5.02	6.69	3.34	446112	2088	1168917	22
110	133	36.01	0	3.38	1.95	4.80	465893	2185	1147962	13
112	121	79.35	0	10.74	11.41	10.08	451243	1399	1151066	19
113	147	25.55	0	1.39	1.30	1.48	447390	917	1104387	26
142	157	25.04	0	1.19	1.42	0.97	443532	1246	1114141	50
157	167	33.70	0	0.83	1.30	0.36	444693	483	1117058	61
164	201	67.21	0	5.17	2.14	8.20	400016	1418	996648	34
167	199	189.34	0	4.71	2.09	7.33	372806	685	1044241	37
188	197	35.83	0	1.57	2.65	0.50	338386	352	1016556	62
265	303	49.72	0	5.38	7.29	3.46	301557	1918	268626	6
268	280	133.34	0	7.13	5.73	8.54	309989	1163	398821	23
295	311	73.68	0	9.22	12.19	6.25	207311	1123	248174	3
376	442	91.11	0	3.92	5.91	1.94	450684	2053	993214	8
384	399	29.75	0	4.77	3.65	5.90	436193	785	972503	11
386	431	66.75	0	4.31	6.70	1.91	441427	1656	983090	12
404	442	24.35	0	1.21	1.90	0.51	459218	430	1056755	7
