Nucleotide	Sequence	Modified_mutations	Modified_read_depth	Modified_effective_depth	Modified_rate	Modified_off_target_mapped_depth	Modified_low_mapq_mapped_depth	Modified_primer_pair_1_mapped_depth	Untreated_mutations	Untreated_read_depth	Untreated_effective_depth	Untreated_rate	Untreated_off_target_mapped_depth	Untreated_low_mapq_mapped_depth	Untreated_primer_pair_1_mapped_depth	Denatured_mutations	Denatured_read_depth	Denatured_effective_depth	Denatured_rate	Denatured_off_target_mapped_depth	Denatured_low_mapq_mapped_depth	Denatured_primer_pair_1_mapped_depth	Reactivity_profile	Std_err	HQ_profile	HQ_stderr	Norm_profile	Norm_stderr
1	a	0	898610	0	nan	427359	52	898610	0	1256142	0	nan	332697	103	1256142	0	0	0	nan	0	0	0	nan	nan	nan	nan	nan	nan
2	g	0	901923	0	nan	428967	52	901923	0	1259240	0	nan	333021	103	1259240	0	0	0	nan	0	0	0	nan	nan	nan	nan	nan	nan
3	g	0	904431	0	nan	430065	52	904431	0	1262265	0	nan	333773	103	1262265	0	0	0	nan	0	0	0	nan	nan	nan	nan	nan	nan
4	u	0	904730	0	nan	430112	52	904730	0	1262716	0	nan	333781	103	1262716	0	0	0	nan	0	0	0	nan	nan	nan	nan	nan	nan
5	g	0	905187	0	nan	430237	52	905187	0	1263075	0	nan	333790	103	1263075	0	0	0	nan	0	0	0	nan	nan	nan	nan	nan	nan
6	a	0	905635	0	nan	430346	52	905635	0	1263167	0	nan	333790	103	1263167	0	0	0	nan	0	0	0	nan	nan	nan	nan	nan	nan
7	u	0	906001	0	nan	430423	52	906001	0	1264223	0	nan	333790	103	1264223	0	0	0	nan	0	0	0	nan	nan	nan	nan	nan	nan
8	c	0	906943	0	nan	430452	52	906943	0	1279463	0	nan	333790	103	1279463	0	0	0	nan	0	0	0	nan	nan	nan	nan	nan	nan
9	c	0	909418	0	nan	430559	52	909418	0	1279805	0	nan	333790	103	1279805	0	0	0	nan	0	0	0	nan	nan	nan	nan	nan	nan
10	u	0	911537	0	nan	430634	52	911537	0	1279900	0	nan	333790	103	1279900	0	0	0	nan	0	0	0	nan	nan	nan	nan	nan	nan
11	g	0	912516	0	nan	430701	52	912516	0	1279952	0	nan	333790	103	1279952	0	0	0	nan	0	0	0	nan	nan	nan	nan	nan	nan
12	c	0	912516	0	nan	432651	52	912516	0	1279957	0	nan	333798	104	1279952	0	0	0	nan	0	0	0	nan	nan	nan	nan	nan	nan
13	a	0	912516	0	nan	439687	52	912516	0	1279965	0	nan	333806	105	1279952	0	0	0	nan	0	0	0	nan	nan	nan	nan	nan	nan
14	c	0	912516	0	nan	442568	52	912516	0	1279971	0	nan	333816	105	1279952	0	0	0	nan	0	0	0	nan	nan	nan	nan	nan	nan
15	u	0	912516	0	nan	447723	52	912516	0	1279978	0	nan	333821	105	1279952	0	0	0	nan	0	0	0	nan	nan	nan	nan	nan	nan
16	a	0	912516	0	nan	452062	52	912516	0	1279980	0	nan	333831	105	1279952	0	0	0	nan	0	0	0	nan	nan	nan	nan	nan	nan
17	u	0	912516	0	nan	455105	52	912516	0	1279982	0	nan	333833	105	1279952	0	0	0	nan	0	0	0	nan	nan	nan	nan	nan	nan
18	g	0	912516	0	nan	457625	52	912516	0	1279992	0	nan	333834	105	1279952	0	0	0	nan	0	0	0	nan	nan	nan	nan	nan	nan
19	g	0	912516	0	nan	459509	52	912516	0	1279994	0	nan	333835	105	1279952	0	0	0	nan	0	0	0	nan	nan	nan	nan	nan	nan
20	c	0	912516	0	nan	461627	52	912516	0	1280017	0	nan	333847	105	1279952	0	0	0	nan	0	0	0	nan	nan	nan	nan	nan	nan
21	A	8	912516	853441	0.000009	462864	52	912516	0	1280023	1193071	0.000000	333848	105	1279952	0	0	0	nan	0	0	0	0.000009	0.000003	0.000009	0.000003	0.000168	0.000056
22	C	43943	912516	847834	0.051830	464758	52	912516	595	1280026	1202857	0.000495	333850	105	1279952	0	0	0	nan	0	0	0	0.051335	0.000248	0.051335	0.000248	0.961020	0.004643
23	A	27878	912516	890095	0.031320	465961	52	912516	913	1280027	1239515	0.000737	333900	105	1279952	0	0	0	nan	0	0	0	0.030584	0.000189	0.030584	0.000189	0.572549	0.003538
24	C	37953	912516	880482	0.043105	467597	52	912516	866	1279909	1234935	0.000701	333904	105	1279833	0	0	0	nan	0	0	0	0.042404	0.000223	0.042404	0.000223	0.793826	0.004175
25	U	10152	912516	880371	0.011532	468030	52	912516	1277	1279515	1244397	0.001026	333907	105	1279437	0	0	0	nan	0	0	0	0.010505	0.000118	0.010505	0.000118	0.196659	0.002209
26	G	10176	912516	877935	0.011591	468504	52	912516	3602	1278285	1240053	0.002905	333907	105	1278201	0	0	0	nan	0	0	0	0.008686	0.000125	0.008686	0.000125	0.162607	0.002340
27	G	6758	912516	877325	0.007703	469570	52	912516	1942	1277832	1241190	0.001565	333869	105	1277743	0	0	0	nan	0	0	0	0.006138	0.000100	0.006138	0.000100	0.114907	0.001872
28	U	12178	912516	863551	0.014102	469781	52	912516	1422	1276635	1209108	0.001176	333677	105	1276544	0	0	0	nan	0	0	0	0.012926	0.000132	0.012926	0.000132	0.241982	0.002471
29	A	45067	912516	862099	0.052276	469711	53	912516	1175	1272159	1186976	0.000990	333522	105	1272064	0	0	0	nan	0	0	0	0.051286	0.000248	0.051286	0.000248	0.960102	0.004643
30	A	49155	912516	876732	0.056066	468673	53	912516	902	1228788	1148159	0.000786	21612	105	1228689	0	0	0	nan	0	0	0	0.055281	0.000254	0.055281	0.000254	1.034891	0.004755
31	U	9895	912516	876831	0.011285	468386	53	912516	1403	1226922	1163173	0.001206	21387	105	1226820	0	0	0	nan	0	0	0	0.010079	0.000118	0.010079	0.000118	0.188684	0.002209
32	C	34818	912516	864695	0.040266	467711	53	912516	943	1221188	1164741	0.000810	21388	105	1221082	0	0	0	nan	0	0	0	0.039457	0.000217	0.039457	0.000217	0.738657	0.004062
33	G	4907	912516	863650	0.005682	467041	53	912516	1737	1217297	1146337	0.001515	21389	105	1217188	0	0	0	nan	0	0	0	0.004166	0.000089	0.004166	0.000089	0.077990	0.001666
34	A	48380	912516	884604	0.054691	466754	53	912516	849	1215501	1146379	0.000741	21160	105	1215389	0	0	0	nan	0	0	0	0.053951	0.000250	0.053951	0.000250	1.009993	0.004680
35	C	22601	912516	887342	0.025470	466830	53	912516	738	1215069	1147974	0.000643	21160	105	1214952	0	0	0	nan	0	0	0	0.024828	0.000171	0.024828	0.000171	0.464794	0.003201
36	G	11764	912516	888436	0.013241	466997	53	912516	4316	1214643	1154016	0.003740	21157	100	1214523	0	0	0	nan	0	0	0	0.009501	0.000135	0.009501	0.000135	0.177864	0.002527
37	G	7114	912516	890687	0.007987	467152	53	912516	3847	1214167	1149831	0.003346	21158	100	1214044	0	0	0	nan	0	0	0	0.004641	0.000109	0.004641	0.000109	0.086882	0.002041
38	G	3613	912516	890917	0.004055	467633	52	912516	2454	1213810	1151211	0.002132	21164	100	1213683	0	0	0	nan	0	0	0	0.001924	0.000080	0.001924	0.000080	0.036018	0.001498
39	G	4825	912516	887881	0.005434	467474	51	912516	1980	1213550	1159350	0.001708	21158	100	1213418	0	0	0	nan	0	0	0	0.003726	0.000087	0.003726	0.000087	0.069753	0.001629
40	U	7883	912516	884128	0.008916	467264	46	912516	1404	1212798	1155357	0.001215	21149	100	1212656	0	0	0	nan	0	0	0	0.007701	0.000106	0.007701	0.000106	0.144167	0.001984
41	U	9649	912516	879791	0.010967	467481	46	912516	690	1212134	1160524	0.000595	21149	100	1211983	0	0	0	nan	0	0	0	0.010373	0.000114	0.010373	0.000114	0.194188	0.002134
42	A	40691	912516	882862	0.046090	467262	45	912516	774	1211680	1154901	0.000670	21150	100	1211497	0	0	0	nan	0	0	0	0.045420	0.000230	0.045420	0.000230	0.850288	0.004306
43	C	25458	912516	884194	0.028792	466940	44	912516	811	1210641	1152336	0.000704	21151	100	1210419	0	0	0	nan	0	0	0	0.028089	0.000182	0.028089	0.000182	0.525842	0.003407
44	G	10790	912516	881853	0.012236	465852	44	912516	6476	1207427	1134791	0.005707	21140	99	1207167	0	0	0	nan	0	0	0	0.006529	0.000137	0.006529	0.000137	0.122227	0.002565
45	C	23948	912516	875414	0.027356	465247	44	912516	4299	1206492	1130576	0.003802	21142	99	1206215	0	0	0	nan	0	0	0	0.023554	0.000186	0.023554	0.000186	0.440944	0.003482
46	C	15485	912516	875071	0.017696	464431	44	912516	1716	1205632	1132518	0.001515	21144	99	1205337	0	0	0	nan	0	0	0	0.016180	0.000147	0.016180	0.000147	0.302899	0.002752
47	G	3168	912516	838694	0.003777	463287	44	912516	1484	1203617	1032144	0.001438	21133	99	1203319	0	0	0	nan	0	0	0	0.002340	0.000077	0.002340	0.000077	0.043806	0.001441
48	A	16580	912516	831541	0.019939	462445	44	912516	788	1202577	1032651	0.000763	21135	99	1202271	0	0	0	nan	0	0	0	0.019176	0.000157	0.019176	0.000157	0.358985	0.002939
49	A	44029	912516	830549	0.053012	461864	43	912516	810	1202304	1035099	0.000783	21134	99	1201995	0	0	0	nan	0	0	0	0.052229	0.000254	0.052229	0.000254	0.977756	0.004755
50	C	63460	912516	850069	0.074653	461126	43	912516	545	1201948	1128196	0.000483	21140	99	1201630	0	0	0	nan	0	0	0	0.074170	0.000297	0.074170	0.000297	1.388504	0.005560
51	A	50117	912516	855672	0.058570	460737	43	912516	730	1201562	1129860	0.000646	21137	99	1201242	0	0	0	nan	0	0	0	0.057924	0.000263	0.057924	0.000263	1.084369	0.004924
52	U	10931	912516	853593	0.012806	460444	43	912516	1118	1201237	1130720	0.000989	21135	99	1200917	0	0	0	nan	0	0	0	0.011817	0.000126	0.011817	0.000126	0.221221	0.002359
53	G	9508	912516	849029	0.011199	459902	43	912516	1379	1200825	1139781	0.001210	21135	99	1200504	0	0	0	nan	0	0	0	0.009989	0.000119	0.009989	0.000119	0.187000	0.002228
54	A	39978	912516	854857	0.046766	459265	43	912516	1048	1200177	1146971	0.000914	21131	99	1199856	0	0	0	nan	0	0	0	0.045852	0.000236	0.045852	0.000236	0.858375	0.004418
55	U	7850	912516	847873	0.009258	458856	43	912516	1365	1199621	1137639	0.001200	21123	97	1199300	0	0	0	nan	0	0	0	0.008059	0.000109	0.008059	0.000109	0.150869	0.002041
56	C	33628	912516	844414	0.039824	458359	43	912516	1303	1199042	1124682	0.001159	21129	97	1198720	0	0	0	nan	0	0	0	0.038666	0.000220	0.038666	0.000220	0.723849	0.004119
57	G	6617	912516	831215	0.007961	457312	43	912516	1748	1197640	1108102	0.001577	21121	97	1197319	0	0	0	nan	0	0	0	0.006383	0.000105	0.006383	0.000105	0.119493	0.001966
58	A	49453	912516	844886	0.058532	456685	43	912516	1236	1196281	1113254	0.001110	21103	89	1195960	0	0	0	nan	0	0	0	0.057422	0.000265	0.057422	0.000265	1.074972	0.004961
59	C	71171	912516	843321	0.084394	456427	43	912516	662	1195427	1126746	0.000588	21085	89	1195105	0	0	0	nan	0	0	0	0.083806	0.000317	0.083806	0.000317	1.568895	0.005934
60	U	15370	912516	835347	0.018400	455881	42	912516	838	1194216	1125071	0.000745	21049	87	1193894	0	0	0	nan	0	0	0	0.017655	0.000151	0.017655	0.000151	0.330511	0.002827
61	A	69163	912516	850080	0.081361	455376	42	912516	1230	1193901	1122745	0.001096	21035	87	1193579	0	0	0	nan	0	0	0	0.080265	0.000311	0.080265	0.000311	1.502605	0.005822
62	U	8549	912516	855478	0.009993	455245	35	912516	1600	1193504	1123822	0.001424	21022	76	1193181	0	0	0	nan	0	0	0	0.008570	0.000114	0.008570	0.000114	0.160435	0.002134
63	U	11001	912516	861034	0.012776	454811	35	912516	714	1192982	1128134	0.000633	21022	75	1192657	0	0	0	nan	0	0	0	0.012144	0.000124	0.012144	0.000124	0.227342	0.002321
64	U	8999	912516	856662	0.010505	453749	33	912516	1119	1191680	1135640	0.000985	21017	72	1191355	0	0	0	nan	0	0	0	0.009519	0.000115	0.009519	0.000115	0.178201	0.002153
65	C	40684	912516	839067	0.048487	453086	33	912516	1124	1191097	1120592	0.001003	21009	71	1190770	0	0	0	nan	0	0	0	0.047484	0.000242	0.047484	0.000242	0.888927	0.004530
66	G	6732	912516	833554	0.008076	452536	33	912516	2105	1189496	1105422	0.001904	20996	71	1189167	0	0	0	nan	0	0	0	0.006172	0.000107	0.006172	0.000107	0.115543	0.002003
67	G	4569	912516	817183	0.005591	451697	33	912516	1770	1187713	1077614	0.001643	20987	71	1187382	0	0	0	nan	0	0	0	0.003949	0.000091	0.003949	0.000091	0.073927	0.001704
68	A	47215	912516	826399	0.057133	451231	32	912516	803	1187306	1077004	0.000746	20973	68	1186974	0	0	0	nan	0	0	0	0.056388	0.000264	0.056388	0.000264	1.055615	0.004942
69	C	64006	912516	850070	0.075295	451063	32	912516	1048	1187061	1086368	0.000965	20972	68	1186729	0	0	0	nan	0	0	0	0.074330	0.000299	0.074330	0.000299	1.391499	0.005597
70	G	5186	912516	862675	0.006012	450894	32	912516	2059	1186703	1094280	0.001882	20891	58	1186371	0	0	0	nan	0	0	0	0.004130	0.000093	0.004130	0.000093	0.077316	0.001741
71	G	10477	912516	862294	0.012150	450531	31	912516	7603	1186380	1094553	0.006946	20826	57	1186049	0	0	0	nan	0	0	0	0.005204	0.000143	0.005204	0.000143	0.097422	0.002677
72	C	13283	912516	857828	0.015484	450186	31	912516	5645	1186080	1106873	0.005100	20730	57	1185752	0	0	0	nan	0	0	0	0.010385	0.000151	0.010385	0.000151	0.194413	0.002827
73	C	18523	912516	862430	0.021478	449475	30	912516	1739	1184415	1110057	0.001567	10204	57	1184208	0	0	0	nan	0	0	0	0.019911	0.000162	0.019911	0.000162	0.372745	0.003033
74	G	4555	912516	843947	0.005397	448890	29	912516	1446	1183211	1101556	0.001313	6029	57	1183054	0	0	0	nan	0	0	0	0.004085	0.000087	0.004085	0.000087	0.076473	0.001629
75	U	9984	912516	822383	0.012140	448338	29	912516	1015	1182314	1091933	0.000930	5037	54	1182191	0	0	0	nan	0	0	0	0.011211	0.000125	0.011211	0.000125	0.209876	0.002340
76	A	64879	912516	833997	0.077793	447944	28	912516	741	1181673	1101024	0.000673	4113	54	1181560	0	0	0	nan	0	0	0	0.077120	0.000306	0.077120	0.000306	1.443729	0.005728
77	U	15755	912516	841894	0.018714	447803	28	912516	855	1181112	1097209	0.000779	3373	54	1181032	0	0	0	nan	0	0	0	0.017935	0.000151	0.017935	0.000151	0.335753	0.002827
78	G	9290	912516	837435	0.011093	447531	28	912516	1024	1180315	1090603	0.000939	2576	54	1180250	0	0	0	nan	0	0	0	0.010154	0.000119	0.010154	0.000119	0.190089	0.002228
79	A	55810	912516	835876	0.066768	447275	28	912516	933	1179976	1087521	0.000858	2484	53	1179915	0	0	0	nan	0	0	0	0.065910	0.000284	0.065910	0.000284	1.233872	0.005317
80	A	36403	912516	842938	0.043186	447062	28	912516	889	1179611	1102146	0.000807	2401	53	1179549	0	0	0	nan	0	0	0	0.042379	0.000228	0.042379	0.000228	0.793358	0.004268
81	G	4028	912516	842657	0.004780	447190	31	912516	1718	1179192	1115520	0.001540	2350	53	1179130	0	0	0	nan	0	0	0	0.003240	0.000084	0.003240	0.000084	0.060655	0.001573
82	G	10232	912516	844006	0.012123	446835	31	912516	5799	1178847	1123521	0.005161	2335	53	1178786	0	0	0	nan	0	0	0	0.006962	0.000138	0.006962	0.000138	0.130333	0.002583
83	C	28470	912516	841682	0.033825	446494	31	912516	4133	1178496	1123205	0.003680	2284	53	1178436	0	0	0	nan	0	0	0	0.030145	0.000208	0.030145	0.000208	0.564331	0.003894
84	A	64871	912516	846599	0.076625	446258	31	912516	700	1178270	1111475	0.000630	2272	51	1178210	0	0	0	nan	0	0	0	0.075996	0.000302	0.075996	0.000302	1.422687	0.005654
85	U	13752	912516	847715	0.016222	446020	31	912516	2227	1177838	1102990	0.002019	2272	51	1177778	0	0	0	nan	0	0	0	0.014203	0.000145	0.014203	0.000145	0.265888	0.002714
86	C	51944	912516	851676	0.060990	445822	31	912516	942	1177513	1094138	0.000861	2271	51	1177452	0	0	0	nan	0	0	0	0.060129	0.000269	0.060129	0.000269	1.125648	0.005036
87	G	10055	912516	859644	0.011697	445550	32	912516	6310	1177273	1104977	0.005711	2270	51	1177211	0	0	0	nan	0	0	0	0.005986	0.000137	0.005986	0.000137	0.112061	0.002565
88	C	18500	912516	863669	0.021420	445277	32	912516	3787	1176821	1102614	0.003435	2269	50	1176759	0	0	0	nan	0	0	0	0.017986	0.000167	0.017986	0.000167	0.336708	0.003126
89	C	7027	912516	867240	0.008103	445019	32	912516	1806	1176545	1112554	0.001623	2270	46	1176483	0	0	0	nan	0	0	0	0.006479	0.000104	0.006479	0.000104	0.121290	0.001947
90	G	5290	912516	858769	0.006160	444915	36	912516	2062	1176353	1109278	0.001859	2267	40	1176290	0	0	0	nan	0	0	0	0.004301	0.000094	0.004301	0.000094	0.080517	0.001760
91	U	6570	912516	855213	0.007682	444545	36	912516	1535	1176109	1097949	0.001398	2263	40	1176046	0	0	0	nan	0	0	0	0.006284	0.000101	0.006284	0.000101	0.117640	0.001891
92	G	14981	912516	854540	0.017531	444189	36	912516	3425	1175607	1086368	0.003153	2263	40	1175544	0	0	0	nan	0	0	0	0.014378	0.000153	0.014378	0.000153	0.269164	0.002864
93	U	16742	912516	855034	0.019581	443816	36	912516	1675	1174987	1089018	0.001538	2260	39	1174923	0	0	0	nan	0	0	0	0.018042	0.000156	0.018042	0.000156	0.337756	0.002920
94	U	12051	912516	853399	0.014121	443819	42	912516	1338	1174276	1107019	0.001209	2259	39	1174212	0	0	0	nan	0	0	0	0.012913	0.000133	0.012913	0.000133	0.241739	0.002490
95	C	49234	912516	836895	0.058829	442987	41	912516	1076	1173722	1093990	0.000984	2259	39	1173657	0	0	0	nan	0	0	0	0.057846	0.000267	0.057846	0.000267	1.082909	0.004998
96	G	5265	912516	825804	0.006376	442449	41	912516	1580	1172776	1076225	0.001468	2259	38	1172710	0	0	0	nan	0	0	0	0.004908	0.000095	0.004908	0.000095	0.091880	0.001778
97	A	17370	912516	831614	0.020887	441948	40	912516	556	1172150	1073040	0.000518	2259	38	1172082	0	0	0	nan	0	0	0	0.020369	0.000160	0.020369	0.000160	0.381319	0.002995
98	C	10346	912516	833641	0.012411	441769	41	912516	1684	1171851	1084394	0.001553	2259	38	1171783	0	0	0	nan	0	0	0	0.010858	0.000128	0.010858	0.000128	0.203268	0.002396
99	G	4533	912516	838007	0.005409	441752	41	912516	2307	1171478	1084165	0.002128	2251	38	1171410	0	0	0	nan	0	0	0	0.003281	0.000092	0.003281	0.000092	0.061422	0.001722
100	G	8955	912516	826015	0.010841	441558	41	912516	5057	1171028	1079639	0.004684	2247	38	1170960	0	0	0	nan	0	0	0	0.006157	0.000132	0.006157	0.000132	0.115262	0.002471
101	C	119764	912516	813446	0.147230	441386	41	912516	34651	1170641	1081006	0.032054	2243	38	1170572	0	0	0	nan	0	0	0	0.115176	0.000459	0.115176	0.000459	2.156159	0.008593
102	A	27054	912516	791455	0.034183	441197	41	912516	2339	1170104	1090895	0.002144	2236	37	1170035	0	0	0	nan	0	0	0	0.032039	0.000212	0.032039	0.000212	0.599788	0.003969
103	A	28597	912516	827688	0.034550	440933	42	912516	849	1169542	1095988	0.000775	2236	37	1169473	0	0	0	nan	0	0	0	0.033776	0.000206	0.033776	0.000206	0.632306	0.003856
104	A	33005	912516	847374	0.038950	440487	41	912516	428	1168508	1067096	0.000401	2235	37	1168439	0	0	0	nan	0	0	0	0.038549	0.000215	0.038549	0.000215	0.721659	0.004025
105	A	11288	912516	840152	0.013436	439905	42	912516	633	1167191	1062722	0.000596	2235	37	1167122	0	0	0	nan	0	0	0	0.012840	0.000129	0.012840	0.000129	0.240372	0.002415
106	A	33752	912516	833299	0.040504	439143	42	912516	979	1165748	1056282	0.000927	2235	37	1165679	0	0	0	nan	0	0	0	0.039577	0.000222	0.039577	0.000222	0.740903	0.004156
107	G	6322	912516	819875	0.007711	437916	43	912516	952	1163606	1058278	0.000900	2228	33	1163537	0	0	0	nan	0	0	0	0.006811	0.000101	0.006811	0.000101	0.127506	0.001891
108	A	29262	912516	798638	0.036640	437244	43	912516	932	1162204	1050483	0.000887	2221	32	1162135	0	0	0	nan	0	0	0	0.035753	0.000216	0.035753	0.000216	0.669316	0.004044
109	U	9693	912516	790330	0.012264	436272	43	912516	1655	1160825	1056455	0.001567	2220	32	1160756	0	0	0	nan	0	0	0	0.010698	0.000130	0.010698	0.000130	0.200273	0.002434
110	C	30237	912516	771596	0.039188	436002	44	912516	1592	1159917	1061412	0.001500	2217	32	1159848	0	0	0	nan	0	0	0	0.037688	0.000228	0.037688	0.000228	0.705540	0.004268
111	A	37125	912516	781810	0.047486	435265	45	912516	1026	1159375	1068022	0.000961	2209	32	1159304	0	0	0	nan	0	0	0	0.046525	0.000248	0.046525	0.000248	0.870974	0.004643
112	C	55237	912516	746590	0.073986	434634	45	912516	672	1158929	1061719	0.000633	2203	32	1158859	0	0	0	nan	0	0	0	0.073353	0.000316	0.073353	0.000316	1.373209	0.005916
113	U	12125	912516	721768	0.016799	433848	44	912516	1316	1158349	1072272	0.001227	2192	26	1158279	0	0	0	nan	0	0	0	0.015572	0.000156	0.015572	0.000156	0.291517	0.002920
114	G	5870	912516	644370	0.009110	432820	44	912516	1535	1158070	1081674	0.001419	2141	26	1158000	0	0	0	nan	0	0	0	0.007691	0.000124	0.007691	0.000124	0.143980	0.002321
115	U	8582	912516	629297	0.013637	431122	44	912516	1059	1157786	1084180	0.000977	2070	23	1157717	0	0	0	nan	0	0	0	0.012661	0.000150	0.012661	0.000150	0.237021	0.002808
116	A	21564	912516	592958	0.036367	430022	42	912516	734	1157472	1078315	0.000681	2063	22	1157402	0	0	0	nan	0	0	0	0.035686	0.000249	0.035686	0.000249	0.668062	0.004661
117	A	36912	912516	605921	0.060919	429886	46	912516	861	1157046	1076742	0.000800	2078	22	1156970	0	0	0	nan	0	0	0	0.060119	0.000318	0.060119	0.000318	1.125461	0.005953
118	C	24314	912516	508894	0.047778	428431	46	912516	653	1156705	1087271	0.000601	2075	22	1156629	0	0	0	nan	0	0	0	0.047178	0.000307	0.047178	0.000307	0.883198	0.005747
119	A	31507	912516	513300	0.061381	426550	44	912516	968	1155740	1100867	0.000879	2066	22	1155664	0	0	0	nan	0	0	0	0.060502	0.000347	0.060502	0.000347	1.132631	0.006496
120	G	5292	912516	533707	0.009916	426302	48	912516	3570	1154959	1075527	0.003319	2067	22	1154882	0	0	0	nan	0	0	0	0.006596	0.000147	0.006596	0.000147	0.123481	0.002752
121	G	2536	912516	551172	0.004601	424788	47	912516	2888	1154005	1047634	0.002757	2063	21	1153929	0	0	0	nan	0	0	0	0.001844	0.000105	0.001844	0.000105	0.034521	0.001966
122	G	1572	912516	449694	0.003496	425048	49	912516	1847	1153290	1019475	0.001812	2058	21	1153214	0	0	0	nan	0	0	0	0.001684	0.000098	0.001684	0.000098	0.031525	0.001835
123	A	12667	912516	461595	0.027442	423449	49	912516	1600	1152738	1028412	0.001556	2015	20	1152663	0	0	0	nan	0	0	0	0.025886	0.000247	0.025886	0.000247	0.484600	0.004624
124	C	26726	912516	532348	0.050204	422622	48	912516	3300	1152411	1044991	0.003158	2009	20	1152336	0	0	0	nan	0	0	0	0.047046	0.000312	0.047046	0.000312	0.880727	0.005841
125	C	21202	912516	528157	0.040143	421103	47	912516	1487	1152024	1074966	0.001383	2009	20	1151951	0	0	0	nan	0	0	0	0.038760	0.000278	0.038760	0.000278	0.725609	0.005204
126	C	21801	912516	465867	0.046797	420896	51	912516	1976	1151713	1073732	0.001840	1573	20	1151640	0	0	0	nan	0	0	0	0.044956	0.000320	0.044956	0.000320	0.841601	0.005991
127	U	8072	912516	446412	0.018082	419848	48	912516	2137	1151353	1080957	0.001977	1570	20	1151279	0	0	0	nan	0	0	0	0.016105	0.000206	0.016105	0.000206	0.301495	0.003856
128	G	5404	912516	426540	0.012669	418928	51	912516	1534	1150805	1087671	0.001410	1549	19	1150743	0	0	0	nan	0	0	0	0.011259	0.000176	0.011259	0.000176	0.210775	0.003295
129	U	8485	912516	476103	0.017822	418054	50	912516	1396	1149944	1083876	0.001288	1527	17	1149882	0	0	0	nan	0	0	0	0.016534	0.000197	0.016534	0.000197	0.309526	0.003688
130	G	2284	912516	439403	0.005198	416691	51	912516	2027	1148337	1058019	0.001916	1523	15	1148275	0	0	0	nan	0	0	0	0.003282	0.000117	0.003282	0.000117	0.061441	0.002190
131	G	1956	912516	543918	0.003596	414903	50	912516	1437	1144885	1020479	0.001408	1510	11	1144822	0	0	0	nan	0	0	0	0.002188	0.000089	0.002188	0.000089	0.040961	0.001666
132	A	13860	912516	498110	0.027825	413020	49	912516	728	1140491	1001004	0.000727	1508	10	1140428	0	0	0	nan	0	0	0	0.027098	0.000238	0.027098	0.000238	0.507290	0.004455
133	A	11199	912516	544087	0.020583	410962	47	912516	614	1137304	1002092	0.000613	1506	8	1137241	0	0	0	nan	0	0	0	0.019970	0.000196	0.019970	0.000196	0.373850	0.003669
134	C	15316	912516	529399	0.028931	410114	46	912516	777	1135865	1018742	0.000763	1506	8	1135802	0	0	0	nan	0	0	0	0.028168	0.000235	0.028168	0.000235	0.527321	0.004399
135	G	2560	912516	480868	0.005324	409790	46	912516	2279	1135283	1019238	0.002236	1503	8	1135220	0	0	0	nan	0	0	0	0.003088	0.000115	0.003088	0.000115	0.057809	0.002153
136	G	5948	912516	421610	0.014108	408546	45	912516	6138	1134392	1022874	0.006001	1502	8	1134329	0	0	0	nan	0	0	0	0.008107	0.000198	0.008107	0.000198	0.151768	0.003707
137	C	8884	912516	418696	0.021218	408135	45	912516	3957	1133995	1023923	0.003865	1492	8	1133932	0	0	0	nan	0	0	0	0.017354	0.000233	0.017354	0.000233	0.324877	0.004362
138	A	6500	912516	479952	0.013543	407902	43	912516	731	1133666	1042423	0.000701	1488	8	1133603	0	0	0	nan	0	0	0	0.012842	0.000170	0.012842	0.000170	0.240409	0.003182
139	A	33708	912516	484904	0.069515	407545	43	912516	818	1133378	1051389	0.000778	1486	6	1133314	0	0	0	nan	0	0	0	0.068737	0.000380	0.068737	0.000380	1.286795	0.007114
140	C	71532	912516	499269	0.143273	407422	44	912516	4164	1132731	1068850	0.003896	1486	6	1132667	0	0	0	nan	0	0	0	0.139378	0.000539	0.139378	0.000539	2.609234	0.010090
141	A	19748	912516	498769	0.039593	407361	47	912516	1306	1132139	1050483	0.001243	1485	6	1132075	0	0	0	nan	0	0	0	0.038350	0.000284	0.038350	0.000284	0.717933	0.005317
142	A	26030	912516	642197	0.040533	406323	47	912516	1404	1130449	1026311	0.001368	1483	5	1130385	0	0	0	nan	0	0	0	0.039165	0.000254	0.039165	0.000254	0.733191	0.004755
143	A	17756	912516	571806	0.031052	405066	46	912516	477	1128473	1002524	0.000476	1483	4	1128409	0	0	0	nan	0	0	0	0.030577	0.000234	0.030577	0.000234	0.572418	0.004381
144	A	25281	912516	544549	0.046426	404077	47	912516	615	1127213	1001669	0.000614	1481	4	1127148	0	0	0	nan	0	0	0	0.045812	0.000293	0.045812	0.000293	0.857626	0.005485
145	U	6515	912516	492631	0.013225	403434	46	912516	1083	1126109	999898	0.001083	1480	4	1126043	0	0	0	nan	0	0	0	0.012142	0.000167	0.012142	0.000167	0.227305	0.003126
146	U	6344	912516	482563	0.013146	402495	46	912516	646	1124809	1012158	0.000638	1480	4	1124743	0	0	0	nan	0	0	0	0.012508	0.000167	0.012508	0.000167	0.234157	0.003126
147	A	26175	912516	420981	0.062176	402291	47	912516	1039	1123985	1020070	0.001019	1483	2	1123917	0	0	0	nan	0	0	0	0.061158	0.000386	0.061158	0.000386	1.144912	0.007226
148	U	6994	912516	455685	0.015348	401487	48	912516	2067	1122823	1037315	0.001993	1474	2	1122755	0	0	0	nan	0	0	0	0.013356	0.000189	0.013356	0.000189	0.250032	0.003538
149	C	21703	912516	474668	0.045722	400670	47	912516	971	1121428	1019596	0.000952	1475	2	1121360	0	0	0	nan	0	0	0	0.044770	0.000312	0.044770	0.000312	0.838119	0.005841
150	G	5278	912516	532726	0.009908	399418	46	912516	1643	1120135	1010690	0.001626	1470	2	1120067	0	0	0	nan	0	0	0	0.008282	0.000142	0.008282	0.000142	0.155044	0.002658
151	A	36673	912516	566828	0.064699	398278	43	912516	719	1118947	1009779	0.000712	1461	2	1118879	0	0	0	nan	0	0	0	0.063987	0.000339	0.063987	0.000339	1.197872	0.006346
152	C	26486	912516	596160	0.044428	397423	42	912516	816	1117995	1014304	0.000804	1457	2	1117927	0	0	0	nan	0	0	0	0.043623	0.000274	0.043623	0.000274	0.816647	0.005129
153	G	2718	912516	562119	0.004835	396370	39	912516	2536	1116877	1001840	0.002531	1452	2	1116809	0	0	0	nan	0	0	0	0.002304	0.000105	0.002304	0.000105	0.043132	0.001966
154	A	33719	912516	563485	0.059840	395646	38	912516	697	1115874	991644	0.000703	1449	2	1115806	0	0	0	nan	0	0	0	0.059137	0.000327	0.059137	0.000327	1.107078	0.006122
155	G	6570	912516	557414	0.011787	395308	36	912516	7389	1115039	1006441	0.007342	1448	2	1114971	0	0	0	nan	0	0	0	0.004445	0.000169	0.004445	0.000169	0.083213	0.003164
156	C	28109	912516	613056	0.045851	394619	36	912516	2394	1113904	999645	0.002395	1445	2	1113836	0	0	0	nan	0	0	0	0.043456	0.000278	0.043456	0.000278	0.813520	0.005204
157	G	5785	912516	653517	0.008852	393844	36	912516	4804	1112087	1004209	0.004784	1442	2	1112019	0	0	0	nan	0	0	0	0.004068	0.000135	0.004068	0.000135	0.076155	0.002527
158	C	26251	912516	686423	0.038243	393029	36	912516	4395	1111023	991333	0.004433	1438	2	1110955	0	0	0	nan	0	0	0	0.033810	0.000245	0.033810	0.000245	0.632942	0.004587
159	C	15500	912516	647489	0.023939	391378	36	912516	1244	1109221	993871	0.001252	1431	2	1109154	0	0	0	nan	0	0	0	0.022687	0.000196	0.022687	0.000196	0.424713	0.003669
160	U	8937	912516	613967	0.014556	389919	33	912516	1742	1108021	996740	0.001748	1430	1	1107954	0	0	0	nan	0	0	0	0.012808	0.000160	0.012808	0.000160	0.239773	0.002995
161	G	2805	912516	542097	0.005174	389174	33	912516	1493	1106995	977764	0.001527	1426	1	1106928	0	0	0	nan	0	0	0	0.003647	0.000105	0.003647	0.000105	0.068274	0.001966
162	A	33548	912516	520474	0.064457	388297	33	912516	797	1105873	956321	0.000833	1379	1	1105806	0	0	0	nan	0	0	0	0.063623	0.000353	0.063623	0.000353	1.191058	0.006608
163	U	7097	912516	524604	0.013528	387923	33	912516	2228	1105001	960024	0.002321	1379	1	1104934	0	0	0	nan	0	0	0	0.011208	0.000168	0.011208	0.000168	0.209820	0.003145
164	C	31281	912516	578863	0.054039	387585	33	912516	1171	1104292	967888	0.001210	1376	1	1104228	0	0	0	nan	0	0	0	0.052829	0.000308	0.052829	0.000308	0.988988	0.005766
165	A	21886	912516	651355	0.033601	387190	33	912516	632	1103390	983909	0.000642	1376	1	1103327	0	0	0	nan	0	0	0	0.032958	0.000229	0.032958	0.000229	0.616992	0.004287
166	A	38641	912516	702654	0.054993	386752	33	912516	1554	1102464	992046	0.001566	1376	1	1102401	0	0	0	nan	0	0	0	0.053426	0.000283	0.053426	0.000283	1.000164	0.005298
167	C	25792	912516	709601	0.036347	386289	33	912516	2375	1101726	971948	0.002444	1375	1	1101663	0	0	0	nan	0	0	0	0.033904	0.000232	0.033904	0.000232	0.634702	0.004343
168	C	29886	912516	771558	0.038735	385280	32	912516	1721	1100669	977223	0.001761	1374	1	1100606	0	0	0	nan	0	0	0	0.036973	0.000228	0.036973	0.000228	0.692155	0.004268
169	C	18572	912516	758952	0.024471	384544	31	912516	1798	1099940	978851	0.001837	1371	1	1099877	0	0	0	nan	0	0	0	0.022634	0.000185	0.022634	0.000185	0.423721	0.003463
170	C	26170	912516	736861	0.035516	383755	29	912516	2127	1098896	993176	0.002142	1380	1	1098831	0	0	0	nan	0	0	0	0.033374	0.000224	0.033374	0.000224	0.624780	0.004193
171	G	3902	912516	590524	0.006608	382565	29	912516	1622	1097393	968661	0.001674	1330	1	1097329	0	0	0	nan	0	0	0	0.004933	0.000114	0.004933	0.000114	0.092349	0.002134
172	A	47819	912516	623806	0.076657	381640	28	912516	755	1096130	977741	0.000772	1319	1	1096066	0	0	0	nan	0	0	0	0.075885	0.000352	0.075885	0.000352	1.420609	0.006590
173	C	27593	912516	645184	0.042768	380741	28	912516	1263	1095381	971655	0.001300	1314	1	1095317	0	0	0	nan	0	0	0	0.041468	0.000260	0.041468	0.000260	0.776304	0.004867
174	G	3631	912516	756623	0.004799	379956	26	912516	2223	1093838	983402	0.002261	1307	1	1093774	0	0	0	nan	0	0	0	0.002538	0.000093	0.002538	0.000093	0.047513	0.001741
175	G	5231	912516	746333	0.007009	379140	26	912516	5048	1092083	977259	0.005165	1305	1	1092019	0	0	0	nan	0	0	0	0.001843	0.000121	0.001843	0.000121	0.034502	0.002265
176	C	18388	912516	632773	0.029059	378549	25	912516	5764	1090172	944025	0.006106	1303	1	1090108	0	0	0	nan	0	0	0	0.022954	0.000229	0.022954	0.000229	0.429712	0.004287
177	U	8319	912516	651588	0.012767	377597	22	912516	4016	1088418	958969	0.004188	1302	1	1088353	0	0	0	nan	0	0	0	0.008579	0.000155	0.008579	0.000155	0.160604	0.002902
178	C	27849	912516	666563	0.041780	377105	22	912516	3819	1087374	945809	0.004038	1300	1	1087309	0	0	0	nan	0	0	0	0.037742	0.000259	0.037742	0.000259	0.706551	0.004849
179	C	50074	912516	787880	0.063555	376203	21	912516	3521	1085996	912217	0.003860	1300	1	1085931	0	0	0	nan	0	0	0	0.059696	0.000291	0.059696	0.000291	1.117542	0.005448
180	C	53229	912516	717165	0.074221	375034	19	912516	2262	1084846	925567	0.002444	1298	1	1084780	0	0	0	nan	0	0	0	0.071778	0.000326	0.071778	0.000326	1.343724	0.006103
181	U	8800	912516	703510	0.012509	373994	17	912516	1470	1084174	928611	0.001583	1298	1	1084107	0	0	0	nan	0	0	0	0.010926	0.000140	0.010926	0.000140	0.204541	0.002621
182	G	12697	912516	704240	0.018029	373416	17	912516	6653	1083560	973390	0.006835	1330	1	1083486	0	0	0	nan	0	0	0	0.011194	0.000181	0.011194	0.000181	0.209558	0.003388
183	C	27986	912516	724154	0.038646	372882	17	912516	2651	1082783	988206	0.002683	1469	1	1082686	0	0	0	nan	0	0	0	0.035964	0.000237	0.035964	0.000237	0.673266	0.004437
184	U	6686	912516	731399	0.009141	372405	16	912516	1347	1082060	988059	0.001363	1680	1	1081934	0	0	0	nan	0	0	0	0.007778	0.000118	0.007778	0.000118	0.145608	0.002209
185	G	7120	912516	736392	0.009669	372115	15	912516	3235	1081364	977060	0.003311	2025	1	1081184	0	0	0	nan	0	0	0	0.006358	0.000129	0.006358	0.000129	0.119025	0.002415
186	U	6391	912516	752587	0.008492	371696	15	912516	1816	1080612	967830	0.001876	2036	1	1080380	0	0	0	nan	0	0	0	0.006616	0.000115	0.006616	0.000115	0.123855	0.002153
187	U	5702	912516	771863	0.007387	370892	15	912516	3061	1079415	973221	0.003145	2861	1	1079068	0	0	0	nan	0	0	0	0.004242	0.000113	0.004242	0.000113	0.079413	0.002115
188	C	19547	912516	781641	0.025008	370335	15	912516	1168	1078468	983484	0.001188	5642	1	1077717	0	0	0	nan	0	0	0	0.023820	0.000182	0.023820	0.000182	0.445924	0.003407
189	C	26739	912516	801687	0.033353	369349	15	912516	1229	1077213	962373	0.001277	5655	1	1076457	0	0	0	nan	0	0	0	0.032076	0.000207	0.032076	0.000207	0.600481	0.003875
190	G	5136	912516	690988	0.007433	368489	15	912516	2947	1074989	911072	0.003235	5739	1	1074224	0	0	0	nan	0	0	0	0.004198	0.000120	0.004198	0.000120	0.078589	0.002246
191	A	49064	912516	686704	0.071449	367735	14	912516	1200	1073393	889301	0.001349	5707	1	1072636	0	0	0	nan	0	0	0	0.070099	0.000325	0.070099	0.000325	1.312292	0.006084
192	G	3907	912516	671658	0.005817	367345	14	912516	1066	1072736	910035	0.001171	5716	1	1071978	0	0	0	nan	0	0	0	0.004646	0.000100	0.004646	0.000100	0.086976	0.001872
193	U	10240	912516	734826	0.013935	366802	14	912516	1151	1072100	921839	0.001249	5708	1	1071342	0	0	0	nan	0	0	0	0.012687	0.000143	0.012687	0.000143	0.237508	0.002677
194	A	35657	912516	731306	0.048758	366326	12	912516	899	1070165	939340	0.000957	5705	1	1069408	0	0	0	nan	0	0	0	0.047801	0.000260	0.047801	0.000260	0.894861	0.004867
195	A	55489	912516	768530	0.072201	365637	12	912516	964	1068563	930088	0.001036	5704	1	1067804	0	0	0	nan	0	0	0	0.071165	0.000308	0.071165	0.000308	1.332248	0.005766
196	C	48648	912516	762467	0.063803	365034	11	912516	827	1067090	947394	0.000873	5702	1	1066330	0	0	0	nan	0	0	0	0.062930	0.000291	0.062930	0.000291	1.178085	0.005448
197	C	37216	912516	764132	0.048704	364246	11	912516	782	1064558	950414	0.000823	5701	1	1063798	0	0	0	nan	0	0	0	0.047881	0.000254	0.047881	0.000254	0.896359	0.004755
198	A	28499	912516	729315	0.039076	363292	11	912516	634	1060627	938374	0.000676	5698	1	1059865	0	0	0	nan	0	0	0	0.038401	0.000233	0.038401	0.000233	0.718888	0.004362
199	U	12489	912516	727151	0.017175	362587	11	912516	2114	1057727	937222	0.002256	5685	1	1056966	0	0	0	nan	0	0	0	0.014920	0.000161	0.014920	0.000161	0.279311	0.003014
200	C	25003	912516	734528	0.034040	361967	12	912516	847	1054941	900367	0.000941	5684	1	1054180	0	0	0	nan	0	0	0	0.033099	0.000218	0.033099	0.000218	0.619632	0.004081
201	A	11542	912516	755897	0.015269	360830	12	912516	693	1049400	860381	0.000805	5682	1	1048640	0	0	0	nan	0	0	0	0.014464	0.000145	0.014464	0.000145	0.270774	0.002714
202	A	42627	912516	777648	0.054815	358128	12	912516	813	1044384	849345	0.000957	5682	1	1043625	0	0	0	nan	0	0	0	0.053858	0.000268	0.053858	0.000268	1.008252	0.005017
203	C	35572	912516	774861	0.045908	356206	12	912516	539	1039700	846559	0.000637	5681	1	1038941	0	0	0	nan	0	0	0	0.045271	0.000245	0.045271	0.000245	0.847498	0.004587
204	G	4829	912516	750707	0.006433	353396	12	912516	1786	1035945	829598	0.002153	5658	1	1035185	0	0	0	nan	0	0	0	0.004280	0.000106	0.004280	0.000106	0.080124	0.001984
205	G	3573	912516	605704	0.005899	350437	12	912516	2409	1030770	797913	0.003019	5646	1	1030011	0	0	0	nan	0	0	0	0.002880	0.000116	0.002880	0.000116	0.053915	0.002172
206	A	42952	912516	609460	0.070476	348408	10	912516	949	1028245	778162	0.001220	5638	1	1027488	0	0	0	nan	0	0	0	0.069256	0.000342	0.069256	0.000342	1.296511	0.006402
207	G	4953	912516	591639	0.008372	347799	10	912516	924	1026612	804586	0.001148	5644	1	1025855	0	0	0	nan	0	0	0	0.007223	0.000125	0.007223	0.000125	0.135219	0.002340
208	U	9163	912516	714749	0.012820	347212	10	912516	1266	1025478	801650	0.001579	5639	1	1024720	0	0	0	nan	0	0	0	0.011241	0.000141	0.011241	0.000141	0.210438	0.002640
209	G	4217	912516	713463	0.005911	346707	10	912516	1148	1023769	831858	0.001380	5636	1	1023011	0	0	0	nan	0	0	0	0.004531	0.000100	0.004531	0.000100	0.084823	0.001872
210	A	43289	912516	775559	0.055817	345873	10	912516	798	1022113	845580	0.000944	5636	1	1021354	0	0	0	nan	0	0	0	0.054873	0.000270	0.054873	0.000270	1.027253	0.005055
211	C	43282	912516	786179	0.055054	345301	10	912516	954	1020098	863322	0.001105	5636	1	1019340	0	0	0	nan	0	0	0	0.053949	0.000267	0.053949	0.000267	1.009955	0.004998
212	C	29306	912516	799181	0.036670	344276	10	912516	1330	1016798	850970	0.001563	5641	1	1016041	0	0	0	nan	0	0	0	0.035107	0.000218	0.035107	0.000218	0.657223	0.004081
213	G	4385	912516	773548	0.005669	343194	10	912516	1886	1012046	796308	0.002368	5640	1	1011292	0	0	0	nan	0	0	0	0.003300	0.000102	0.003300	0.000102	0.061778	0.001909
214	G	9323	912516	758511	0.012291	339598	10	912516	4709	1000234	731890	0.006434	5603	1	999508	0	0	0	nan	0	0	0	0.005857	0.000158	0.005857	0.000158	0.109646	0.002958
215	C	25901	912516	708482	0.036558	337720	10	912516	4799	995683	723751	0.006631	5602	1	994966	0	0	0	nan	0	0	0	0.029928	0.000247	0.029928	0.000247	0.560269	0.004624
216	U	8370	912516	698755	0.011978	335520	10	912516	686	991408	695949	0.000986	5598	1	990696	0	0	0	nan	0	0	0	0.010993	0.000136	0.010993	0.000136	0.205795	0.002546
217	G	3322	912516	673353	0.004934	334165	10	912516	1284	986192	684684	0.001875	5599	1	985495	0	0	0	nan	0	0	0	0.003058	0.000100	0.003058	0.000100	0.057247	0.001872
218	G	8769	912516	690627	0.012697	332564	10	912516	5315	982254	671288	0.007918	5597	1	981561	0	0	0	nan	0	0	0	0.004780	0.000174	0.004780	0.000174	0.089484	0.003257
219	C	107045	912516	700029	0.152915	331204	10	912516	2100	979053	687197	0.003056	5572	2	978370	0	0	0	nan	0	0	0	0.149859	0.000472	0.149859	0.000472	2.805444	0.008836
220	G	3785	912516	728770	0.005194	330281	9	912516	1288	976359	692244	0.001861	5566	2	975683	0	0	0	nan	0	0	0	0.003333	0.000099	0.003333	0.000099	0.062396	0.001853
221	G	7689	912516	744674	0.010325	328636	9	912516	3893	972312	723610	0.005380	5566	2	971636	0	0	0	nan	0	0	0	0.004945	0.000146	0.004945	0.000146	0.092573	0.002733
222	C	11174	912516	716470	0.015596	327261	9	912516	3532	966950	713487	0.004950	5566	2	966273	0	0	0	nan	0	0	0	0.010646	0.000169	0.010646	0.000169	0.199299	0.003164
223	U	3618	912516	730708	0.004951	326064	9	912516	970	962691	747774	0.001297	5565	1	962017	0	0	0	nan	0	0	0	0.003654	0.000092	0.003654	0.000092	0.068405	0.001722
224	G	5411	912516	709196	0.007630	325125	9	912516	1034	958995	719865	0.001436	5566	1	958322	0	0	0	nan	0	0	0	0.006193	0.000113	0.006193	0.000113	0.115936	0.002115
225	U	4652	912516	729520	0.006377	323867	9	912516	1190	955476	711634	0.001672	5564	1	954805	0	0	0	nan	0	0	0	0.004705	0.000105	0.004705	0.000105	0.088080	0.001966
226	G	5096	912516	726951	0.007010	322826	9	912516	2603	952680	704849	0.003693	5565	1	952013	0	0	0	nan	0	0	0	0.003317	0.000122	0.003317	0.000122	0.062096	0.002284
227	C	35710	912516	760668	0.046946	321868	9	912516	1311	950781	717682	0.001827	5566	1	950119	0	0	0	nan	0	0	0	0.045119	0.000253	0.045119	0.000253	0.844653	0.004736
228	G	3729	912516	746017	0.004999	319515	10	912516	965	948003	730321	0.001321	5564	1	947346	0	0	0	nan	0	0	0	0.003677	0.000092	0.003677	0.000092	0.068835	0.001722
229	A	14258	912516	718691	0.019839	318107	10	912516	389	944860	714625	0.000544	5564	1	944206	0	0	0	nan	0	0	0	0.019295	0.000168	0.019295	0.000168	0.361213	0.003145
230	A	24204	912516	697009	0.034726	316655	10	912516	516	941780	695928	0.000741	5564	1	941135	0	0	0	nan	0	0	0	0.033984	0.000226	0.033984	0.000226	0.636199	0.004231
231	C	17179	912516	693452	0.024773	315255	10	912516	420	937877	660169	0.000636	5564	1	937234	0	0	0	nan	0	0	0	0.024137	0.000192	0.024137	0.000192	0.451858	0.003594
232	G	9600	912516	699654	0.013721	313210	10	912516	3287	932635	662491	0.004962	5568	1	931994	0	0	0	nan	0	0	0	0.008759	0.000165	0.008759	0.000165	0.163973	0.003089
233	C	10736	912516	689136	0.015579	311360	10	912516	1716	927805	634250	0.002706	5568	1	927164	0	0	0	nan	0	0	0	0.012873	0.000164	0.012873	0.000164	0.240990	0.003070
234	A	42850	912516	674332	0.063544	309327	10	912516	678	920373	630959	0.001075	5566	1	919732	0	0	0	nan	0	0	0	0.062470	0.000310	0.062470	0.000310	1.169473	0.005803
235	U	10426	912516	645595	0.016149	307678	10	912516	670	915372	564653	0.001187	5566	1	914734	0	0	0	nan	0	0	0	0.014963	0.000165	0.014963	0.000165	0.280116	0.003089
236	U	14072	912516	634088	0.022193	305828	10	912516	1189	910759	554329	0.002145	5566	1	910122	0	0	0	nan	0	0	0	0.020048	0.000197	0.020048	0.000197	0.375310	0.003688
237	C	65817	912516	675746	0.097399	304455	10	912516	400	909350	557019	0.000718	5564	1	908714	0	0	0	nan	0	0	0	0.096681	0.000381	0.096681	0.000381	1.809922	0.007133
238	U	11185	912516	711372	0.015723	303502	10	912516	688	908922	607510	0.001132	5564	1	908291	0	0	0	nan	0	0	0	0.014591	0.000155	0.014591	0.000155	0.273152	0.002902
239	G	4918	912516	684728	0.007182	302351	10	912516	1279	907093	622179	0.002056	5566	1	906463	0	0	0	nan	0	0	0	0.005127	0.000117	0.005127	0.000117	0.095980	0.002190
240	G	6819	912516	686230	0.009937	300819	10	912516	3419	903482	669640	0.005106	5566	1	902858	0	0	0	nan	0	0	0	0.004831	0.000149	0.004831	0.000149	0.090439	0.002789
241	C	10687	912516	683481	0.015636	299801	10	912516	1903	901658	676169	0.002814	5310	1	901066	0	0	0	nan	0	0	0	0.012822	0.000164	0.012822	0.000164	0.240035	0.003070
242	G	4803	912516	692669	0.006934	298627	10	912516	1361	898585	656601	0.002073	5308	1	897996	0	0	0	nan	0	0	0	0.004861	0.000115	0.004861	0.000115	0.091001	0.002153
243	A	30149	912516	675803	0.044612	297377	10	912516	318	893511	569746	0.000558	5309	1	892936	0	0	0	nan	0	0	0	0.044054	0.000259	0.044054	0.000259	0.824715	0.004849
244	A	48952	912516	677353	0.072270	296037	10	912516	407	888846	523906	0.000777	5308	1	888279	0	0	0	nan	0	0	0	0.071493	0.000329	0.071493	0.000329	1.338389	0.006159
245	U	6256	912516	677479	0.009234	294830	9	912516	720	885405	528444	0.001362	5308	1	884849	0	0	0	nan	0	0	0	0.007872	0.000127	0.007872	0.000127	0.147368	0.002378
246	U	6078	912516	703426	0.008641	293109	9	912516	1311	881787	563673	0.002326	5308	1	881241	0	0	0	nan	0	0	0	0.006315	0.000128	0.006315	0.000128	0.118220	0.002396
247	C	8167	912516	708765	0.011523	292105	9	912516	590	877025	592084	0.000996	5308	1	876485	0	0	0	nan	0	0	0	0.010526	0.000134	0.010526	0.000134	0.197053	0.002509
248	U	3329	912516	700121	0.004755	291173	9	912516	890	869883	583715	0.001525	5317	4	869344	0	0	0	nan	0	0	0	0.003230	0.000097	0.003230	0.000097	0.060467	0.001816
249	C	11399	912516	677517	0.016825	289916	9	912516	777	860998	571985	0.001358	5318	4	860461	0	0	0	nan	0	0	0	0.015466	0.000165	0.015466	0.000165	0.289532	0.003089
250	A	12985	912516	696884	0.018633	288648	9	912516	392	851550	561521	0.000698	5324	4	851016	0	0	0	nan	0	0	0	0.017935	0.000167	0.017935	0.000167	0.335753	0.003126
251	C	31594	912516	704931	0.044819	287776	9	912516	544	842758	527266	0.001032	5323	4	842224	0	0	0	nan	0	0	0	0.043787	0.000256	0.043787	0.000256	0.819717	0.004792
252	G	3614	912516	712721	0.005071	286718	9	912516	912	837562	492128	0.001853	5329	4	837033	0	0	0	nan	0	0	0	0.003218	0.000104	0.003218	0.000104	0.060243	0.001947
253	G	6821	912516	660536	0.010326	285300	9	912516	3254	834889	464421	0.007007	5329	4	834365	0	0	0	nan	0	0	0	0.003320	0.000175	0.003320	0.000175	0.062152	0.003276
254	C	46126	912516	644796	0.071536	284499	9	912516	19568	833738	462671	0.042294	5327	4	833218	0	0	0	nan	0	0	0	0.029242	0.000450	0.029242	0.000450	0.547427	0.008424
255	U	5073	912516	635151	0.007987	283791	9	912516	785	834789	462788	0.001696	5339	5	834268	0	0	0	nan	0	0	0	0.006291	0.000127	0.006291	0.000127	0.117771	0.002378
256	U	8688	912516	663058	0.013103	282680	9	912516	482	831394	495927	0.000972	5339	5	830873	0	0	0	nan	0	0	0	0.012131	0.000147	0.012131	0.000147	0.227099	0.002752
257	U	9930	912516	678687	0.014631	281452	8	912516	1939	827205	531054	0.003651	5339	5	826684	0	0	0	nan	0	0	0	0.010980	0.000169	0.010980	0.000169	0.205552	0.003164
258	C	43883	912516	695159	0.063127	279995	8	912516	789	825374	563421	0.001400	5339	5	824855	0	0	0	nan	0	0	0	0.061726	0.000305	0.061726	0.000305	1.155545	0.005710
259	C	35041	912516	717894	0.048811	277681	8	912516	641	822118	553208	0.001159	5339	5	821600	0	0	0	nan	0	0	0	0.047652	0.000265	0.047652	0.000265	0.892072	0.004961
260	G	8694	912516	705062	0.012331	275630	8	912516	3752	818159	551875	0.006799	5339	5	817644	0	0	0	nan	0	0	0	0.005532	0.000173	0.005532	0.000173	0.103562	0.003239
261	C	8885	912516	689722	0.012882	271023	8	912516	1587	812589	539170	0.002943	5341	5	812077	0	0	0	nan	0	0	0	0.009939	0.000155	0.009939	0.000155	0.186064	0.002902
262	C	8022	912516	654565	0.012255	268767	8	912516	760	808779	534953	0.001421	5341	5	808272	0	0	0	nan	0	0	0	0.010835	0.000146	0.010835	0.000146	0.202837	0.002733
263	U	6321	912516	656545	0.009628	267033	8	912516	582	803773	534216	0.001089	5346	5	803269	0	0	0	nan	0	0	0	0.008538	0.000129	0.008538	0.000129	0.159836	0.002415
264	G	2562	912516	554863	0.004617	265615	8	912516	1127	802681	462133	0.002439	5346	6	802181	0	0	0	nan	0	0	0	0.002179	0.000117	0.002179	0.000117	0.040792	0.002190
265	A	35825	912516	598773	0.059831	263555	8	912516	482	799046	489792	0.000984	5346	6	798547	0	0	0	nan	0	0	0	0.058847	0.000319	0.058847	0.000319	1.101649	0.005972
266	G	4566	912516	591634	0.007718	262993	7	912516	1091	804003	485141	0.002249	5348	6	803502	0	0	0	nan	0	0	0	0.005469	0.000133	0.005469	0.000133	0.102383	0.002490
267	G	6377	912516	717772	0.008884	261893	7	912516	1503	806259	572176	0.002627	5349	6	805761	0	0	0	nan	0	0	0	0.006258	0.000130	0.006258	0.000130	0.117153	0.002434
268	U	4895	912516	677101	0.007229	260507	7	912516	579	809371	528339	0.001096	5348	6	808878	0	0	0	nan	0	0	0	0.006133	0.000113	0.006133	0.000113	0.114813	0.002115
269	U	4676	912516	688444	0.006792	259236	6	912516	531	807873	543039	0.000978	5349	8	807381	0	0	0	nan	0	0	0	0.005814	0.000108	0.005814	0.000108	0.108841	0.002022
270	G	3723	912516	663027	0.005615	256737	6	912516	496	809282	517584	0.000958	5349	8	808796	0	0	0	nan	0	0	0	0.004657	0.000102	0.004657	0.000102	0.087182	0.001909
271	A	26004	912516	663621	0.039185	254696	9	912516	375	802873	523750	0.000716	5350	11	802388	0	0	0	nan	0	0	0	0.038469	0.000246	0.038469	0.000246	0.720161	0.004605
272	A	26122	912516	646929	0.040378	252866	9	912516	401	800535	505022	0.000794	5349	11	800053	0	0	0	nan	0	0	0	0.039584	0.000253	0.039584	0.000253	0.741034	0.004736
273	G	10854	912516	601570	0.018043	251707	9	912516	982	799064	471516	0.002083	5349	11	798583	0	0	0	nan	0	0	0	0.015960	0.000185	0.015960	0.000185	0.298780	0.003463
274	A	45770	912516	613818	0.074566	250252	9	912516	415	799023	470910	0.000881	5349	11	798553	0	0	0	nan	0	0	0	0.073685	0.000351	0.073685	0.000351	1.379424	0.006571
275	G	4576	912516	610570	0.007495	249609	9	912516	1213	802704	471445	0.002573	5349	11	802236	0	0	0	nan	0	0	0	0.004922	0.000133	0.004922	0.000133	0.092143	0.002490
276	C	14806	912516	675188	0.021929	249011	9	912516	1549	811020	534887	0.002896	5347	11	810552	0	0	0	nan	0	0	0	0.019033	0.000195	0.019033	0.000195	0.356308	0.003651
277	A	29100	912516	682904	0.042612	248370	9	912516	253	823580	549058	0.000461	5346	12	823111	0	0	0	nan	0	0	0	0.042151	0.000251	0.042151	0.000251	0.789090	0.004699
278	A	32290	912516	710614	0.045440	247644	9	912516	356	832369	571631	0.000623	5348	12	831904	0	0	0	nan	0	0	0	0.044817	0.000255	0.044817	0.000255	0.838999	0.004774
279	G	5404	912516	718903	0.007517	247167	9	912516	2667	844979	584875	0.004560	5348	12	844518	0	0	0	nan	0	0	0	0.002957	0.000135	0.002957	0.000135	0.055357	0.002527
280	C	15085	912516	718195	0.021004	246543	9	912516	2397	851078	578505	0.004143	5349	12	850622	0	0	0	nan	0	0	0	0.016861	0.000191	0.016861	0.000191	0.315647	0.003576
281	C	35038	912516	714278	0.049054	246036	11	912516	740	855346	581510	0.001273	5364	12	854894	0	0	0	nan	0	0	0	0.047781	0.000266	0.047781	0.000266	0.894487	0.004980
282	G	27561	912516	696927	0.039546	245203	11	912516	57268	857359	610395	0.093821	5370	14	856911	0	0	0	nan	0	0	0	-0.054275	0.000459	nan	nan	nan	nan
283	C	13469	912516	680550	0.019791	244386	13	912516	3126	863937	612309	0.005105	5891	28	863474	0	0	0	nan	0	0	0	0.014686	0.000193	0.014686	0.000193	0.274930	0.003613
284	C	19033	912516	695129	0.027381	243513	13	912516	865	861624	620833	0.001393	5894	29	861165	0	0	0	nan	0	0	0	0.025987	0.000204	0.025987	0.000204	0.486491	0.003819
285	G	2190	912516	655041	0.003343	242894	13	912516	668	861714	581776	0.001148	5896	29	861259	0	0	0	nan	0	0	0	0.002195	0.000084	0.002195	0.000084	0.041092	0.001573
286	A	10923	912516	684786	0.015951	241869	13	912516	562	860576	596732	0.000942	5896	30	860122	0	0	0	nan	0	0	0	0.015009	0.000158	0.015009	0.000158	0.280977	0.002958
287	U	4829	912516	668490	0.007224	241319	14	912516	511	862791	589481	0.000867	5898	30	862340	0	0	0	nan	0	0	0	0.006357	0.000111	0.006357	0.000111	0.119007	0.002078
288	A	38442	912516	707171	0.054360	240617	14	912516	551	867409	636167	0.000866	5901	31	866962	0	0	0	nan	0	0	0	0.053494	0.000280	0.053494	0.000280	1.001437	0.005242
289	C	60991	912516	717745	0.084976	239751	15	912516	305	872052	630362	0.000484	5901	32	871605	0	0	0	nan	0	0	0	0.084492	0.000345	0.084492	0.000345	1.581737	0.006459
290	A	52361	912516	716459	0.073083	239179	15	912516	523	874773	608725	0.000859	5901	33	874328	0	0	0	nan	0	0	0	0.072224	0.000322	0.072224	0.000322	1.352073	0.006028
291	U	9813	912516	697880	0.014061	238705	15	912516	816	880508	571493	0.001428	5905	33	880066	0	0	0	nan	0	0	0	0.012633	0.000150	0.012633	0.000150	0.236497	0.002808
292	U	8893	912516	715593	0.012427	238036	15	912516	713	886371	594301	0.001200	5905	33	885932	0	0	0	nan	0	0	0	0.011228	0.000139	0.011228	0.000139	0.210194	0.002602
293	G	7991	912516	740147	0.010797	237473	15	912516	3010	892479	650854	0.004625	5910	33	892042	0	0	0	nan	0	0	0	0.006172	0.000147	0.006172	0.000147	0.115543	0.002752
294	C	23281	912516	766531	0.030372	236449	16	912516	1035	898054	666370	0.001553	5910	33	897619	0	0	0	nan	0	0	0	0.028819	0.000205	0.028819	0.000205	0.539508	0.003838
295	C	20317	912516	746539	0.027215	235091	16	912516	484	853560	586199	0.000826	5926	33	853128	0	0	0	nan	0	0	0	0.026389	0.000195	0.026389	0.000195	0.494017	0.003651
296	U	7022	912516	685188	0.010248	232951	16	912516	567	841755	545873	0.001039	5928	33	841324	0	0	0	nan	0	0	0	0.009210	0.000130	0.009210	0.000130	0.172416	0.002434
297	A	53020	912516	684540	0.077453	231139	16	912516	356	847641	535567	0.000665	5927	33	847210	0	0	0	nan	0	0	0	0.076789	0.000338	0.076789	0.000338	1.437533	0.006328
298	U	12073	912516	696583	0.017332	229595	16	912516	793	852909	607014	0.001306	5927	33	852481	0	0	0	nan	0	0	0	0.016025	0.000164	0.016025	0.000164	0.299997	0.003070
299	G	2755	912516	694716	0.003966	227396	16	912516	453	858570	604012	0.000750	5926	35	858143	0	0	0	nan	0	0	0	0.003216	0.000083	0.003216	0.000083	0.060205	0.001554
300	U	8182	912516	705638	0.011595	225564	16	912516	2303	863039	632765	0.003640	5926	35	862618	0	0	0	nan	0	0	0	0.007956	0.000149	0.007956	0.000149	0.148941	0.002789
301	C	23576	912516	690892	0.034124	223735	16	912516	639	869012	623341	0.001025	5925	35	868593	0	0	0	nan	0	0	0	0.033099	0.000226	0.033099	0.000226	0.619632	0.004231
302	C	17799	912516	684879	0.025989	222079	16	912516	508	874498	623168	0.000815	5925	35	874082	0	0	0	nan	0	0	0	0.025173	0.000198	0.025173	0.000198	0.471253	0.003707
303	U	5968	912516	688151	0.008673	219768	16	912516	1000	879139	649559	0.001540	5926	35	878728	0	0	0	nan	0	0	0	0.007133	0.000122	0.007133	0.000122	0.133534	0.002284
304	G	6041	912516	676577	0.008929	218585	15	912516	2839	883461	626721	0.004530	5927	35	883054	0	0	0	nan	0	0	0	0.004399	0.000143	0.004399	0.000143	0.082352	0.002677
305	C	57275	912516	723224	0.079194	216945	15	912516	910	888111	680213	0.001338	5926	35	887705	0	0	0	nan	0	0	0	0.077856	0.000334	0.077856	0.000334	1.457508	0.006253
306	G	6733	912516	676254	0.009956	216118	15	912516	2460	892662	640565	0.003840	5925	35	892260	0	0	0	nan	0	0	0	0.006116	0.000144	0.006116	0.000144	0.114495	0.002696
307	C	17500	912516	682504	0.025641	215308	15	912516	2896	896028	677937	0.004272	5923	35	895629	0	0	0	nan	0	0	0	0.021369	0.000209	0.021369	0.000209	0.400040	0.003913
308	A	30281	912516	669064	0.045259	214618	15	912516	521	901937	674897	0.000772	5925	35	901540	0	0	0	nan	0	0	0	0.044487	0.000262	0.044487	0.000262	0.832821	0.004905
309	C	33775	912516	702859	0.048054	213411	15	912516	359	906030	731549	0.000491	5925	35	905634	0	0	0	nan	0	0	0	0.047563	0.000263	0.047563	0.000263	0.890406	0.004924
310	A	21400	912516	686556	0.031170	212433	16	912516	392	910864	721089	0.000544	5922	36	910472	0	0	0	nan	0	0	0	0.030626	0.000215	0.030626	0.000215	0.573336	0.004025
311	A	54094	912516	713852	0.075778	210757	16	912516	615	914403	743429	0.000827	5921	36	914013	0	0	0	nan	0	0	0	0.074950	0.000328	0.074950	0.000328	1.403106	0.006140
312	G	18805	912516	713215	0.026367	209932	16	912516	1220	917576	702175	0.001737	5921	36	917186	0	0	0	nan	0	0	0	0.024629	0.000199	0.024629	0.000199	0.461069	0.003725
313	A	37271	912516	704259	0.052922	209024	16	912516	617	919113	680133	0.000907	5921	36	918726	0	0	0	nan	0	0	0	0.052015	0.000277	0.052015	0.000277	0.973750	0.005186
314	A	28940	912516	670599	0.043155	208411	16	912516	318	921453	620847	0.000512	5919	36	921069	0	0	0	nan	0	0	0	0.042643	0.000255	0.042643	0.000255	0.798301	0.004774
315	A	19040	912516	696924	0.027320	207973	16	912516	569	923700	652691	0.000872	5919	35	923317	0	0	0	nan	0	0	0	0.026448	0.000201	0.026448	0.000201	0.495121	0.003763
316	G	5538	912516	729264	0.007594	207552	17	912516	2567	928100	694421	0.003697	5919	36	927717	0	0	0	nan	0	0	0	0.003897	0.000125	0.003897	0.000125	0.072954	0.002340
317	C	6095	912516	799829	0.007620	207202	17	912516	2496	931055	782461	0.003190	5920	36	930682	0	0	0	nan	0	0	0	0.004430	0.000117	0.004430	0.000117	0.082932	0.002190
318	G	8511	912516	798030	0.010665	206630	16	912516	2283	935258	786659	0.002902	5920	35	934887	0	0	0	nan	0	0	0	0.007763	0.000131	0.007763	0.000131	0.145328	0.002452
319	G	2427	912516	780902	0.003108	206085	16	912516	778	938026	762183	0.001021	5920	35	937657	0	0	0	nan	0	0	0	0.002087	0.000073	0.002087	0.000073	0.039070	0.001367
320	U	5586	912516	765112	0.007301	205517	16	912516	741	940281	750578	0.000987	5918	36	939912	0	0	0	nan	0	0	0	0.006314	0.000104	0.006314	0.000104	0.118202	0.001947
321	A	32741	912516	749685	0.043673	204865	16	912516	685	942319	707072	0.000969	5918	36	941952	0	0	0	nan	0	0	0	0.042704	0.000244	0.042704	0.000244	0.799443	0.004568
322	U	7050	912516	768431	0.009175	204448	16	912516	676	943917	739006	0.000915	5916	36	943550	0	0	0	nan	0	0	0	0.008260	0.000115	0.008260	0.000115	0.154632	0.002153
323	G	2762	912516	762740	0.003621	204198	17	912516	733	945849	737403	0.000994	5916	37	945485	0	0	0	nan	0	0	0	0.002627	0.000078	0.002627	0.000078	0.049179	0.001460
324	G	2329	912516	745293	0.003125	203881	17	912516	861	948081	739560	0.001164	5916	37	947720	0	0	0	nan	0	0	0	0.001961	0.000076	0.001961	0.000076	0.036711	0.001423
325	A	24587	912516	734918	0.033455	203542	17	912516	724	950677	750192	0.000965	5916	37	950319	0	0	0	nan	0	0	0	0.032490	0.000216	0.032490	0.000216	0.608231	0.004044
326	C	18270	912516	741423	0.024642	203134	17	912516	1003	953974	772403	0.001299	5917	37	953619	0	0	0	nan	0	0	0	0.023343	0.000187	0.023343	0.000187	0.436994	0.003501
327	C	58872	912516	774798	0.075984	202802	17	912516	1115	956959	850604	0.001311	5917	37	956612	0	0	0	nan	0	0	0	0.074673	0.000316	0.074673	0.000316	1.397920	0.005916
328	G	4497	912516	769352	0.005845	202565	17	912516	1791	958261	835088	0.002145	5923	37	957916	0	0	0	nan	0	0	0	0.003700	0.000101	0.003700	0.000101	0.069266	0.001891
329	G	7280	912516	748149	0.009731	202251	17	912516	3797	959016	808185	0.004698	5920	37	958672	0	0	0	nan	0	0	0	0.005033	0.000137	0.005033	0.000137	0.094221	0.002565
330	C	27748	912516	741763	0.037408	202019	17	912516	2746	959803	800609	0.003430	5919	37	959461	0	0	0	nan	0	0	0	0.033978	0.000234	0.033978	0.000234	0.636087	0.004381
331	A	52177	912516	756533	0.068969	201671	17	912516	714	961803	809457	0.000882	5920	37	961461	0	0	0	nan	0	0	0	0.068086	0.000304	0.068086	0.000304	1.274608	0.005691
332	C	72815	912516	775632	0.093878	201372	17	912516	1359	963367	820814	0.001656	5920	37	963027	0	0	0	nan	0	0	0	0.092223	0.000351	0.092223	0.000351	1.726466	0.006571
333	C	28282	912516	783882	0.036079	201061	17	912516	626	964900	822988	0.000761	5919	37	964563	0	0	0	nan	0	0	0	0.035319	0.000217	0.035319	0.000217	0.661191	0.004062
334	C	13621	912516	769397	0.017703	200750	17	912516	763	966452	798708	0.000955	5919	37	966120	0	0	0	nan	0	0	0	0.016748	0.000156	0.016748	0.000156	0.313532	0.002920
335	A	20143	912516	785197	0.025653	200417	16	912516	464	967381	815235	0.000569	5917	38	967052	0	0	0	nan	0	0	0	0.025084	0.000183	0.025084	0.000183	0.469586	0.003426
336	G	7193	912516	790859	0.009095	200156	17	912516	3457	968080	816748	0.004233	5917	40	967757	0	0	0	nan	0	0	0	0.004863	0.000129	0.004863	0.000129	0.091038	0.002415
337	C	7826	912516	820825	0.009534	199705	17	912516	2560	968999	841751	0.003041	5917	40	968680	0	0	0	nan	0	0	0	0.006493	0.000123	0.006493	0.000123	0.121553	0.002303
338	C	24111	912516	818952	0.029441	199282	17	912516	780	969963	827679	0.000942	5919	40	969649	0	0	0	nan	0	0	0	0.028499	0.000193	0.028499	0.000193	0.533517	0.003613
339	G	10726	912516	799623	0.013414	199032	17	912516	4582	970865	801673	0.005716	5917	40	970552	0	0	0	nan	0	0	0	0.007698	0.000155	0.007698	0.000155	0.144111	0.002902
340	C	51109	912516	780324	0.065497	198481	17	912516	16799	972234	765174	0.021954	5899	41	971928	0	0	0	nan	0	0	0	0.043543	0.000336	0.043543	0.000336	0.815149	0.006290
341	U	3616	912516	783001	0.004618	198279	17	912516	1038	973561	766284	0.001355	5905	42	973259	0	0	0	nan	0	0	0	0.003264	0.000088	0.003264	0.000088	0.061104	0.001647
342	U	4423	912516	795578	0.005559	197920	17	912516	770	975218	774750	0.000994	5907	42	974921	0	0	0	nan	0	0	0	0.004566	0.000091	0.004566	0.000091	0.085478	0.001704
343	G	4888	912516	823221	0.005938	197564	17	912516	842	976588	819165	0.001028	5906	42	976296	0	0	0	nan	0	0	0	0.004910	0.000092	0.004910	0.000092	0.091918	0.001722
344	U	7430	912516	834350	0.008905	197287	17	912516	940	977621	828392	0.001135	5906	43	977334	0	0	0	nan	0	0	0	0.007770	0.000110	0.007770	0.000110	0.145459	0.002059
345	G	5913	912516	833014	0.007098	197074	17	912516	2704	979226	827587	0.003267	5905	43	978940	0	0	0	nan	0	0	0	0.003831	0.000112	0.003831	0.000112	0.071718	0.002097
346	C	24046	912516	833964	0.028833	196759	17	912516	9001	980260	810499	0.011106	5906	45	979977	0	0	0	nan	0	0	0	0.017728	0.000220	0.017728	0.000220	0.331878	0.004119
347	U	7391	912516	807441	0.009154	196525	17	912516	667	981369	769482	0.000867	5907	46	981091	0	0	0	nan	0	0	0	0.008287	0.000112	0.008287	0.000112	0.155137	0.002097
348	U	9294	912516	803690	0.011564	196125	17	912516	911	982713	771483	0.001181	5906	46	982440	0	0	0	nan	0	0	0	0.010383	0.000126	0.010383	0.000126	0.194376	0.002359
349	C	33531	912516	794482	0.042205	195686	17	912516	878	984508	782684	0.001122	5908	46	984240	0	0	0	nan	0	0	0	0.041083	0.000234	0.041083	0.000234	0.769097	0.004381
350	A	29959	912516	820870	0.036497	195090	17	912516	577	985293	835808	0.000690	5909	47	985027	0	0	0	nan	0	0	0	0.035806	0.000213	0.035806	0.000213	0.670308	0.003987
351	G	5520	912516	810566	0.006810	194868	17	912516	2854	986992	817069	0.003493	5911	47	986735	0	0	0	nan	0	0	0	0.003317	0.000113	0.003317	0.000113	0.062096	0.002115
352	C	27442	912516	781744	0.035104	194557	17	912516	3058	988228	784703	0.003897	5911	47	987972	0	0	0	nan	0	0	0	0.031207	0.000223	0.031207	0.000223	0.584212	0.004175
353	U	9118	912516	761583	0.011972	193964	16	912516	1200	989330	760877	0.001577	5911	49	989079	0	0	0	nan	0	0	0	0.010395	0.000133	0.010395	0.000133	0.194600	0.002490
354	C	32930	912516	767703	0.042894	193594	16	912516	1900	991449	783444	0.002425	5910	54	991206	0	0	0	nan	0	0	0	0.040469	0.000243	0.040469	0.000243	0.757602	0.004549
355	G	10168	912516	796320	0.012769	192896	16	912516	3077	993734	861347	0.003572	5910	54	993495	0	0	0	nan	0	0	0	0.009196	0.000142	0.009196	0.000142	0.172154	0.002658
356	C	53501	912516	798757	0.066980	192343	16	912516	1955	995367	877687	0.002227	5910	59	995130	0	0	0	nan	0	0	0	0.064753	0.000294	0.064753	0.000294	1.212212	0.005504
357	A	43251	912516	744190	0.058118	191444	15	912516	489	996765	761559	0.000642	5905	62	996533	0	0	0	nan	0	0	0	0.057476	0.000281	0.057476	0.000281	1.075983	0.005260
358	U	12543	912516	752806	0.016662	190911	15	912516	1348	997650	763313	0.001766	5907	63	997421	0	0	0	nan	0	0	0	0.014896	0.000156	0.014896	0.000156	0.278861	0.002920
359	C	35967	912516	745430	0.048250	190728	15	912516	747	999345	766614	0.000974	5905	63	999116	0	0	0	nan	0	0	0	0.047276	0.000257	0.047276	0.000257	0.885033	0.004811
360	A	19482	912516	808385	0.024100	190220	15	912516	519	1000438	896125	0.000579	5900	63	1000213	0	0	0	nan	0	0	0	0.023521	0.000175	0.023521	0.000175	0.440326	0.003276
361	A	37956	912516	820445	0.046263	189434	15	912516	357	1001542	907526	0.000393	5903	65	1001318	0	0	0	nan	0	0	0	0.045869	0.000238	0.045869	0.000238	0.858693	0.004455
362	C	36976	912516	831518	0.044468	189054	15	912516	422	1004422	914532	0.000461	5906	65	1004203	0	0	0	nan	0	0	0	0.044007	0.000232	0.044007	0.000232	0.823836	0.004343
363	G	4423	912516	807393	0.005478	188285	15	912516	734	1005730	846213	0.000867	5903	65	1005523	0	0	0	nan	0	0	0	0.004611	0.000088	0.004611	0.000088	0.086320	0.001647
364	U	10355	912516	795038	0.013025	187331	15	912516	3163	1006225	826685	0.003826	5902	67	1006022	0	0	0	nan	0	0	0	0.009198	0.000145	0.009198	0.000145	0.172192	0.002714
365	C	42223	912516	773410	0.054593	186420	15	912516	787	1007033	778222	0.001011	5898	73	1006833	0	0	0	nan	0	0	0	0.053582	0.000268	0.053582	0.000268	1.003085	0.005017
366	U	9636	912516	764564	0.012603	185960	15	912516	447	1007654	778197	0.000574	5902	73	1007458	0	0	0	nan	0	0	0	0.012029	0.000131	0.012029	0.000131	0.225190	0.002452
367	A	29086	912516	747371	0.038918	184472	15	912516	466	1008798	753161	0.000619	5889	73	1008619	0	0	0	nan	0	0	0	0.038299	0.000230	0.038299	0.000230	0.716979	0.004306
368	A	65336	912516	777621	0.084020	183354	15	912516	1588	1010578	813253	0.001953	5891	73	1010401	0	0	0	nan	0	0	0	0.082068	0.000332	0.082068	0.000332	1.536359	0.006215
369	G	2516	912516	799847	0.003146	183016	15	912516	717	1014493	856258	0.000837	5895	74	1014316	0	0	0	nan	0	0	0	0.002308	0.000070	0.002308	0.000070	0.043207	0.001310
370	G	6520	912516	831294	0.007843	181839	15	912516	3077	1016347	910577	0.003379	5895	74	1016178	0	0	0	nan	0	0	0	0.004464	0.000115	0.004464	0.000115	0.083569	0.002153
371	C	25435	912516	824958	0.030832	181205	15	912516	4603	1017757	899343	0.005118	5896	74	1017592	0	0	0	nan	0	0	0	0.025714	0.000208	0.025714	0.000208	0.481380	0.003894
372	C	41345	912516	836968	0.049399	179435	15	912516	694	1019289	895037	0.000775	5896	77	1019131	0	0	0	nan	0	0	0	0.048623	0.000245	0.048623	0.000245	0.910250	0.004587
373	G	8926	912516	845679	0.010555	179001	17	912516	4744	1020948	913989	0.005190	5896	79	1020794	0	0	0	nan	0	0	0	0.005364	0.000135	0.005364	0.000135	0.100417	0.002527
374	C	10082	912516	854782	0.011795	177958	17	912516	2188	1022363	939837	0.002328	5896	79	1022214	0	0	0	nan	0	0	0	0.009467	0.000128	0.009467	0.000128	0.177228	0.002396
375	G	2150	912516	859540	0.002501	176121	18	912516	874	1024167	966231	0.000905	5896	79	1024025	0	0	0	nan	0	0	0	0.001597	0.000062	0.001597	0.000062	0.029897	0.001161
376	A	10412	912516	850580	0.012241	175613	18	912516	416	1025073	953625	0.000436	5895	82	1024936	0	0	0	nan	0	0	0	0.011805	0.000122	0.011805	0.000122	0.220996	0.002284
377	C	9630	912516	825533	0.011665	173068	19	912516	436	1025603	884497	0.000493	5893	82	1025471	0	0	0	nan	0	0	0	0.011172	0.000121	0.011172	0.000121	0.209146	0.002265
378	U	8991	912516	818044	0.010991	172416	19	912516	2967	1026293	862629	0.003439	5892	84	1026165	0	0	0	nan	0	0	0	0.007551	0.000132	0.007551	0.000132	0.141359	0.002471
379	C	58810	912516	803448	0.073197	169494	19	912516	1866	1027210	834724	0.002235	5890	84	1027084	0	0	0	nan	0	0	0	0.070962	0.000306	0.070962	0.000306	1.328448	0.005728
380	U	13972	912516	808095	0.017290	168789	19	912516	783	1027652	862773	0.000908	5890	85	1027530	0	0	0	nan	0	0	0	0.016383	0.000150	0.016383	0.000150	0.306699	0.002808
381	A	66735	912516	811479	0.082239	166234	19	912516	1329	1028993	869812	0.001528	5888	85	1028876	0	0	0	nan	0	0	0	0.080711	0.000321	0.080711	0.000321	1.510955	0.006009
382	G	13101	912516	828120	0.015820	165815	19	912516	1756	1031105	878028	0.002000	5889	85	1030991	0	0	0	nan	0	0	0	0.013820	0.000146	0.013820	0.000146	0.258718	0.002733
383	A	18565	912516	841085	0.022073	163477	19	912516	579	1034080	887285	0.000653	5886	85	1033970	0	0	0	nan	0	0	0	0.021420	0.000164	0.021420	0.000164	0.400994	0.003070
384	G	1395	912516	718301	0.001942	162947	19	912516	322	1036066	710843	0.000453	5886	86	1035958	0	0	0	nan	0	0	0	0.001489	0.000058	0.001489	0.000058	0.027875	0.001086
385	U	2043	912516	720508	0.002835	160803	19	912516	1630	1038244	725126	0.002248	5877	86	1038138	0	0	0	nan	0	0	0	0.000588	0.000084	0.000588	0.000084	0.011008	0.001573
386	C	2890	912516	706080	0.004093	160351	19	912516	808	1043370	710533	0.001137	5877	86	1043270	0	0	0	nan	0	0	0	0.002956	0.000086	0.002956	0.000086	0.055338	0.001610
387	G	6371	912516	801756	0.007946	158610	19	912516	2903	1048893	843873	0.003440	5875	86	1048801	0	0	0	nan	0	0	0	0.004506	0.000118	0.004506	0.000118	0.084355	0.002209
388	C	8016	912516	777668	0.010308	157080	19	912516	4539	1054310	800883	0.005667	5875	86	1054227	0	0	0	nan	0	0	0	0.004640	0.000143	0.004640	0.000143	0.086863	0.002677
389	U	10020	912516	787181	0.012729	153911	19	912516	983	1059188	800040	0.001229	5875	86	1059112	0	0	0	nan	0	0	0	0.011500	0.000133	0.011500	0.000133	0.215286	0.002490
390	C	46111	912516	807367	0.057113	153054	19	912516	1881	1065495	840408	0.002238	5875	87	1065434	0	0	0	nan	0	0	0	0.054875	0.000271	0.054875	0.000271	1.027291	0.005073
391	G	5527	912516	835657	0.006614	150605	19	912516	1432	1071319	894701	0.001601	5875	87	1071263	0	0	0	nan	0	0	0	0.005013	0.000099	0.005013	0.000099	0.093846	0.001853
392	A	62743	912516	848062	0.073984	145135	19	912516	557	1075057	918918	0.000606	5842	87	1075005	0	0	0	nan	0	0	0	0.073378	0.000296	0.073378	0.000296	1.373677	0.005541
393	G	7736	912516	857618	0.009020	144694	19	912516	2609	1075050	926621	0.002816	5842	87	1075005	0	0	0	nan	0	0	0	0.006205	0.000116	0.006205	0.000116	0.116161	0.002172
394	G	13494	912516	852765	0.015824	140892	19	912516	14771	1075048	911916	0.016198	5839	87	1075005	0	0	0	nan	0	0	0	-0.000374	0.000191	-0.000374	0.000191	-0.007001	0.003576
395	G	0	912516	877944	0.000000	134322	19	912516	0	1075046	950500	0.000000	5838	87	1075005	0	0	0	nan	0	0	0	0.000000	0.000000	0.000000	0.000000	0.000000	0.000000
396	c	0	912516	0	nan	121886	18	912516	0	1075043	0	nan	5832	87	1075005	0	0	0	nan	0	0	0	nan	nan	nan	nan	nan	nan
397	u	0	912516	0	nan	121672	18	912516	0	1075039	0	nan	5832	87	1075005	0	0	0	nan	0	0	0	nan	nan	nan	nan	nan	nan
398	g	0	912516	0	nan	113238	18	912516	0	1075035	0	nan	5829	87	1075005	0	0	0	nan	0	0	0	nan	nan	nan	nan	nan	nan
399	g	0	912516	0	nan	92892	18	912516	0	1075028	0	nan	5820	87	1075005	0	0	0	nan	0	0	0	nan	nan	nan	nan	nan	nan
400	u	0	912516	0	nan	92810	18	912516	0	1075024	0	nan	5817	87	1075005	0	0	0	nan	0	0	0	nan	nan	nan	nan	nan	nan
401	a	0	912516	0	nan	72408	18	912516	0	1075020	0	nan	5812	87	1075005	0	0	0	nan	0	0	0	nan	nan	nan	nan	nan	nan
402	c	0	912516	0	nan	72316	18	912516	0	1075014	0	nan	5801	87	1075005	0	0	0	nan	0	0	0	nan	nan	nan	nan	nan	nan
403	c	0	912516	0	nan	59810	18	912516	0	1075009	0	nan	5781	87	1075005	0	0	0	nan	0	0	0	nan	nan	nan	nan	nan	nan
404	g	0	912516	0	nan	59770	18	912516	0	1075005	0	nan	5766	87	1075005	0	0	0	nan	0	0	0	nan	nan	nan	nan	nan	nan
405	u	0	909232	0	nan	59762	18	909232	0	1074966	0	nan	5766	87	1074966	0	0	0	nan	0	0	0	nan	nan	nan	nan	nan	nan
406	u	0	907585	0	nan	59758	18	907585	0	1074811	0	nan	5766	87	1074811	0	0	0	nan	0	0	0	nan	nan	nan	nan	nan	nan
407	g	0	905004	0	nan	59750	18	905004	0	1059484	0	nan	5762	87	1059484	0	0	0	nan	0	0	0	nan	nan	nan	nan	nan	nan
408	c	0	904929	0	nan	59740	18	904929	0	1059396	0	nan	5761	87	1059396	0	0	0	nan	0	0	0	nan	nan	nan	nan	nan	nan
409	u	0	902676	0	nan	59736	18	902676	0	1058726	0	nan	5761	87	1058726	0	0	0	nan	0	0	0	nan	nan	nan	nan	nan	nan
410	a	0	902639	0	nan	59735	18	902639	0	1058679	0	nan	5759	87	1058679	0	0	0	nan	0	0	0	nan	nan	nan	nan	nan	nan
411	g	0	902296	0	nan	59714	18	902296	0	1058509	0	nan	5759	86	1058509	0	0	0	nan	0	0	0	nan	nan	nan	nan	nan	nan
412	c	0	902053	0	nan	59693	18	902053	0	1058262	0	nan	5753	86	1058262	0	0	0	nan	0	0	0	nan	nan	nan	nan	nan	nan
413	a	0	901376	0	nan	59638	18	901376	0	1057771	0	nan	5746	86	1057771	0	0	0	nan	0	0	0	nan	nan	nan	nan	nan	nan
414	c	0	897889	0	nan	59428	18	897889	0	1055062	0	nan	5735	86	1055062	0	0	0	nan	0	0	0	nan	nan	nan	nan	nan	nan