404	Window=3	Metric=PAIRMAPPER	
i	j	Sig.	Class	Zij	Zi	Zj	Mod_Depth	Mod_Comuts	Unt_Depth	Unt_Comuts
188	197	152.12	1	7.42	3.05	11.79	780194	429	1092904	27
36	63	220.80	2	2.70	4.37	1.03	890550	1708	1279167	26
37	62	277.38	2	5.31	9.61	1.02	890407	2123	1285052	28
38	88	84.18	2	2.64	3.23	2.05	861485	4731	1270844	76
44	53	1187.66	2	8.72	5.81	11.63	858095	2909	1273799	194
83	160	94.21	2	2.68	2.45	2.90	789006	4784	1196623	13
88	105	147.46	2	3.88	3.62	4.14	694159	3312	1232731	98
116	142	261.89	2	4.86	3.44	6.28	497074	3808	1191345	222
120	156	32.87	2	2.27	0.77	3.77	484107	1236	1183712	42
130	150	91.66	2	3.24	5.20	1.29	700158	648	1215524	163
131	149	95.11	2	3.01	4.79	1.24	674163	635	1202716	118
135	146	273.79	2	7.43	12.27	2.60	672840	1322	1231169	14
139	242	88.25	2	2.09	1.48	2.70	709301	5233	969445	115
140	150	706.65	2	10.18	10.36	9.99	729129	3195	1211946	274
141	152	302.56	2	7.13	8.43	5.83	645545	2492	1191519	672
152	163	199.41	2	5.35	3.84	6.85	728578	4627	1177907	506
172	218	72.51	2	4.00	2.48	5.52	733364	2083	1011697	15
173	217	77.99	2	4.19	1.76	6.62	741409	2152	1023892	10
174	216	187.66	2	5.06	5.00	5.11	781771	5373	1042989	13
186	216	105.59	2	3.02	3.16	2.88	751584	1990	1028612	52
207	217	51.84	2	3.87	3.34	4.40	764144	642	993135	65
208	223	70.95	2	3.14	4.59	1.70	779329	1542	1030169	104
209	222	72.39	2	3.54	4.58	2.49	766170	1303	1022159	81
217	229	29.94	2	2.31	2.54	2.09	704751	761	899400	82
25	35	41.69	0	1.68	2.94	0.42	883093	1560	1301219	96
25	215	34.42	0	1.42	2.42	0.43	817768	8067	1055441	34
26	106	76.10	0	1.98	2.69	1.27	735203	2522	1262429	238
28	64	42.69	0	0.92	1.59	0.25	868545	3237	1268558	97
32	50	43.33	0	0.77	0.09	1.44	880691	17818	1285508	77
35	64	150.63	0	1.29	1.62	0.97	874277	2064	1256251	95
36	53	57.08	0	0.83	1.10	0.56	885704	718	1288795	77
41	58	85.93	0	0.94	0.68	1.19	878601	2248	1277850	29
41	69	166.69	0	1.10	1.33	0.88	871178	6553	1277614	28
42	80	26.08	0	1.93	0.14	3.72	859585	2253	1263453	24
64	81	25.47	0	1.74	0.14	3.34	849801	1482	1248503	168
67	90	77.95	0	2.92	4.57	1.27	835984	8643	1238818	473
69	86	138.92	0	2.06	0.73	3.39	833701	8217	1245774	88
84	153	50.89	0	1.34	1.48	1.21	771494	5425	1188502	112
84	159	34.45	0	1.09	0.99	1.19	797447	3604	1190720	83
90	159	66.92	0	1.70	1.09	2.31	799828	4024	1196196	127
112	137	31.91	0	1.09	1.38	0.79	473660	1133	1250096	73
140	241	201.17	0	2.73	2.95	2.52	715322	8002	988702	54
140	245	24.62	0	0.48	0.36	0.60	725628	4166	935334	127
176	261	27.12	0	1.68	2.26	1.10	708755	4186	857184	15
177	260	26.64	0	1.39	1.74	1.04	750707	4862	859636	18
187	198	35.07	0	1.93	0.68	3.17	806052	530	1126497	61
188	217	26.09	0	1.37	0.53	2.21	726955	636	987956	10
196	217	26.69	0	1.50	0.73	2.26	751768	722	997065	23
216	226	90.78	0	1.92	2.47	1.37	767960	6428	978847	15
264	275	95.79	0	7.86	6.97	8.75	743316	10133	986564	11
284	293	163.05	0	9.31	6.77	11.86	743745	5291	1055398	29
316	328	123.05	0	9.23	5.24	13.21	793336	2136	1121062	9
316	337	26.27	0	1.93	1.13	2.74	808757	1929	1133698	11
317	328	41.53	0	3.94	3.41	4.47	795910	2052	1120416	7
324	333	40.41	0	5.97	5.79	6.14	773762	6343	1121846	34
349	361	146.95	0	11.20	9.95	12.45	842813	4783	1170268	66
