Nucleotide	Sequence	Modified_mutations	Modified_read_depth	Modified_effective_depth	Modified_rate	Modified_off_target_mapped_depth	Modified_low_mapq_mapped_depth	Modified_primer_pair_1_mapped_depth	Untreated_mutations	Untreated_read_depth	Untreated_effective_depth	Untreated_rate	Untreated_off_target_mapped_depth	Untreated_low_mapq_mapped_depth	Untreated_primer_pair_1_mapped_depth	Denatured_mutations	Denatured_read_depth	Denatured_effective_depth	Denatured_rate	Denatured_off_target_mapped_depth	Denatured_low_mapq_mapped_depth	Denatured_primer_pair_1_mapped_depth	Reactivity_profile	Std_err	HQ_profile	HQ_stderr	Norm_profile	Norm_stderr
1	c	0	651095	0	nan	467820	209	651095	0	1238350	0	nan	22263	477	1238350	0	0	0	nan	0	0	0	nan	nan	nan	nan	nan	nan
2	a	0	654024	0	nan	469612	209	654024	0	1240624	0	nan	22301	477	1240624	0	0	0	nan	0	0	0	nan	nan	nan	nan	nan	nan
3	g	0	655265	0	nan	470416	209	655265	0	1242401	0	nan	22330	478	1242401	0	0	0	nan	0	0	0	nan	nan	nan	nan	nan	nan
4	a	0	655647	0	nan	470517	209	655647	0	1242611	0	nan	22336	478	1242611	0	0	0	nan	0	0	0	nan	nan	nan	nan	nan	nan
5	u	0	656042	0	nan	470670	209	656042	0	1242940	0	nan	22340	478	1242940	0	0	0	nan	0	0	0	nan	nan	nan	nan	nan	nan
6	c	0	656512	0	nan	470756	209	656512	0	1242987	0	nan	22341	478	1242987	0	0	0	nan	0	0	0	nan	nan	nan	nan	nan	nan
7	a	0	656741	0	nan	470769	209	656741	0	1243006	0	nan	22341	478	1243006	0	0	0	nan	0	0	0	nan	nan	nan	nan	nan	nan
8	c	0	657007	0	nan	470783	209	657007	0	1243019	0	nan	22341	479	1243019	0	0	0	nan	0	0	0	nan	nan	nan	nan	nan	nan
9	u	0	657288	0	nan	470789	209	657288	0	1243030	0	nan	22341	479	1243030	0	0	0	nan	0	0	0	nan	nan	nan	nan	nan	nan
10	a	0	657459	0	nan	470814	209	657459	0	1243066	0	nan	22341	479	1243066	0	0	0	nan	0	0	0	nan	nan	nan	nan	nan	nan
11	g	0	657673	0	nan	470819	209	657673	0	1243070	0	nan	22341	479	1243070	0	0	0	nan	0	0	0	nan	nan	nan	nan	nan	nan
12	a	0	657673	0	nan	470959	209	657673	0	1243073	0	nan	22343	479	1243070	0	0	0	nan	0	0	0	nan	nan	nan	nan	nan	nan
13	a	0	657673	0	nan	471071	209	657673	0	1243074	0	nan	22348	479	1243070	0	0	0	nan	0	0	0	nan	nan	nan	nan	nan	nan
14	g	0	657673	0	nan	471161	209	657673	0	1243074	0	nan	22350	479	1243070	0	0	0	nan	0	0	0	nan	nan	nan	nan	nan	nan
15	c	0	657673	0	nan	471332	209	657673	0	1243103	0	nan	22372	479	1243070	0	0	0	nan	0	0	0	nan	nan	nan	nan	nan	nan
16	u	0	657673	0	nan	471397	209	657673	0	1243105	0	nan	22373	479	1243070	0	0	0	nan	0	0	0	nan	nan	nan	nan	nan	nan
17	u	0	657673	0	nan	471793	209	657673	0	1243106	0	nan	22374	479	1243070	0	0	0	nan	0	0	0	nan	nan	nan	nan	nan	nan
18	u	0	657673	0	nan	472102	209	657673	0	1243108	0	nan	22374	479	1243070	0	0	0	nan	0	0	0	nan	nan	nan	nan	nan	nan
19	a	0	657673	0	nan	472347	209	657673	0	1243109	0	nan	22374	479	1243070	0	0	0	nan	0	0	0	nan	nan	nan	nan	nan	nan
20	u	0	657673	0	nan	472677	209	657673	0	1243111	0	nan	22376	480	1243070	0	0	0	nan	0	0	0	nan	nan	nan	nan	nan	nan
21	u	0	657673	0	nan	473195	209	657673	0	1243112	0	nan	22376	480	1243070	0	0	0	nan	0	0	0	nan	nan	nan	nan	nan	nan
22	g	0	657673	0	nan	473657	209	657673	0	1243115	0	nan	22378	480	1243070	0	0	0	nan	0	0	0	nan	nan	nan	nan	nan	nan
23	c	0	657673	0	nan	474115	209	657673	0	1243115	0	nan	22380	480	1243070	0	0	0	nan	0	0	0	nan	nan	nan	nan	nan	nan
24	g	0	657673	0	nan	474594	209	657673	0	1241709	0	nan	22381	480	1241662	0	0	0	nan	0	0	0	nan	nan	nan	nan	nan	nan
25	g	0	657673	0	nan	474818	209	657673	0	1241517	0	nan	22381	480	1241469	0	0	0	nan	0	0	0	nan	nan	nan	nan	nan	nan
26	U	0	657673	634196	0.000000	474950	209	657673	4	1241367	1182523	0.000003	22374	480	1241319	0	0	0	nan	0	0	0	-0.000003	0.000002	-0.000003	0.000002	-0.000054	0.000036
27	A	15508	657673	626256	0.024763	474895	209	657673	781	1241202	1200075	0.000651	22372	480	1241154	0	0	0	nan	0	0	0	0.024112	0.000200	0.024112	0.000200	0.435903	0.003616
28	G	10447	657673	628497	0.016622	474884	209	657673	2542	1241017	1193168	0.002130	22373	480	1240968	0	0	0	nan	0	0	0	0.014492	0.000168	0.014492	0.000168	0.261990	0.003037
29	U	7032	657673	638245	0.011018	474884	209	657673	2305	1240943	1193020	0.001932	22375	480	1240894	0	0	0	nan	0	0	0	0.009086	0.000137	0.009086	0.000137	0.164259	0.002477
30	U	8658	657673	633935	0.013658	474823	210	657673	675	1240782	1195766	0.000564	22375	480	1240732	0	0	0	nan	0	0	0	0.013093	0.000148	0.013093	0.000148	0.236698	0.002676
31	U	8801	657673	630690	0.013955	474639	210	657673	683	1240478	1197067	0.000571	22374	480	1240428	0	0	0	nan	0	0	0	0.013384	0.000150	0.013384	0.000150	0.241959	0.002712
32	A	16071	657673	620565	0.025897	474416	208	657673	930	1239767	1202416	0.000773	22375	477	1239717	0	0	0	nan	0	0	0	0.025124	0.000206	0.025124	0.000206	0.454198	0.003724
33	U	7913	657673	616554	0.012834	474299	208	657673	1162	1239231	1203986	0.000965	22370	471	1239181	0	0	0	nan	0	0	0	0.011869	0.000147	0.011869	0.000147	0.214571	0.002658
34	C	29235	657673	608543	0.048041	474065	208	657673	872	1236764	1194951	0.000730	22364	471	1236713	0	0	0	nan	0	0	0	0.047311	0.000282	0.047311	0.000282	0.855300	0.005098
35	A	36601	657673	622345	0.058811	473967	208	657673	1234	1236291	1182485	0.001044	22322	471	1236240	0	0	0	nan	0	0	0	0.057768	0.000309	0.057768	0.000309	1.044344	0.005586
36	C	32871	657673	623481	0.052722	473847	208	657673	630	1235848	1165303	0.000541	22304	471	1235797	0	0	0	nan	0	0	0	0.052181	0.000292	0.052181	0.000292	0.943341	0.005279
37	A	20041	657673	627275	0.031949	473765	208	657673	937	1235496	1168307	0.000802	22291	468	1235445	0	0	0	nan	0	0	0	0.031147	0.000227	0.031147	0.000227	0.563083	0.004104
38	G	4385	657673	628159	0.006981	473699	207	657673	1405	1235335	1170451	0.001200	22283	468	1235282	0	0	0	nan	0	0	0	0.005780	0.000110	0.005780	0.000110	0.104492	0.001989
39	U	8508	657673	628518	0.013537	473627	205	657673	1035	1235110	1185879	0.000873	22282	468	1235050	0	0	0	nan	0	0	0	0.012664	0.000149	0.012664	0.000149	0.228943	0.002694
40	U	9328	657673	616911	0.015120	473501	203	657673	886	1234582	1166504	0.000760	22264	467	1234522	0	0	0	nan	0	0	0	0.014361	0.000159	0.014361	0.000159	0.259622	0.002874
41	A	12531	657673	598395	0.020941	473148	195	657673	1477	1234001	1162361	0.001271	22246	458	1233941	0	0	0	nan	0	0	0	0.019670	0.000190	0.019670	0.000190	0.355599	0.003435
42	A	47302	657673	614417	0.076987	472861	195	657673	719	1233557	1154329	0.000623	22241	445	1233497	0	0	0	nan	0	0	0	0.076364	0.000355	0.076364	0.000355	1.380527	0.006418
43	A	42077	657673	629232	0.066870	472709	195	657673	1443	1233167	1176333	0.001227	22235	444	1233106	0	0	0	nan	0	0	0	0.065644	0.000328	0.065644	0.000328	1.186728	0.005930
44	U	7500	657673	634210	0.011826	472594	194	657673	836	1232952	1182380	0.000707	22234	436	1232891	0	0	0	nan	0	0	0	0.011119	0.000139	0.011119	0.000139	0.201012	0.002513
45	U	6111	657673	633738	0.009643	472471	195	657673	719	1232749	1187765	0.000605	22197	436	1232688	0	0	0	nan	0	0	0	0.009037	0.000125	0.009037	0.000125	0.163373	0.002260
46	G	5226	657673	633325	0.008252	472269	196	657673	4059	1232300	1182178	0.003433	22195	436	1232239	0	0	0	nan	0	0	0	0.004818	0.000126	0.004818	0.000126	0.087101	0.002278
47	C	18224	657673	634775	0.028709	472233	198	657673	1568	1232143	1184242	0.001324	22189	436	1232082	0	0	0	nan	0	0	0	0.027385	0.000215	0.027385	0.000215	0.495073	0.003887
48	U	3746	657673	626647	0.005978	472181	198	657673	560	1231766	1191287	0.000470	22077	435	1231705	0	0	0	nan	0	0	0	0.005508	0.000100	0.005508	0.000100	0.099575	0.001808
49	A	3934	657673	618792	0.006358	472062	198	657673	938	1231254	1190151	0.000788	22013	434	1231190	0	0	0	nan	0	0	0	0.005569	0.000105	0.005569	0.000105	0.100678	0.001898
50	A	32431	657673	623210	0.052039	471825	197	657673	1129	1230635	1182298	0.000955	22025	431	1230570	0	0	0	nan	0	0	0	0.051084	0.000290	0.051084	0.000290	0.923509	0.005243
51	C	37529	657673	621399	0.060394	471632	197	657673	635	1229893	1173946	0.000541	22014	427	1229828	0	0	0	nan	0	0	0	0.059853	0.000312	0.059853	0.000312	1.082037	0.005640
52	G	6668	657673	624835	0.010672	471464	194	657673	3023	1229420	1176174	0.002570	21969	422	1229355	0	0	0	nan	0	0	0	0.008101	0.000139	0.008101	0.000139	0.146452	0.002513
53	C	14475	657673	616469	0.023480	471234	194	657673	4312	1229077	1181064	0.003651	21908	421	1229013	0	0	0	nan	0	0	0	0.019830	0.000203	0.019830	0.000203	0.358492	0.003670
54	A	34777	657673	623173	0.055806	470867	193	657673	840	1228618	1180510	0.000712	21429	408	1228555	0	0	0	nan	0	0	0	0.055095	0.000300	0.055095	0.000300	0.996021	0.005423
55	G	3352	657673	624307	0.005369	470728	193	657673	869	1228240	1181564	0.000735	21266	407	1228176	0	0	0	nan	0	0	0	0.004634	0.000096	0.004634	0.000096	0.083775	0.001736
56	U	13935	657673	627481	0.022208	470522	193	657673	1829	1228044	1172727	0.001560	20867	402	1227979	0	0	0	nan	0	0	0	0.020648	0.000192	0.020648	0.000192	0.373280	0.003471
57	C	38256	657673	627160	0.060999	470261	190	657673	1001	1227683	1177634	0.000850	20844	391	1227619	0	0	0	nan	0	0	0	0.060149	0.000313	0.060149	0.000313	1.087388	0.005658
58	A	34292	657673	632875	0.054184	469911	190	657673	1088	1226992	1166983	0.000932	20032	390	1226929	0	0	0	nan	0	0	0	0.053252	0.000294	0.053252	0.000294	0.962703	0.005315
59	G	6489	657673	635866	0.010205	469541	190	657673	782	1226344	1177725	0.000664	19882	390	1226282	0	0	0	nan	0	0	0	0.009541	0.000129	0.009541	0.000129	0.172485	0.002332
60	U	10915	657673	630399	0.017314	469217	188	657673	914	1225822	1176464	0.000777	19693	390	1225760	0	0	0	nan	0	0	0	0.016538	0.000168	0.016538	0.000168	0.298978	0.003037
61	G	6734	657673	626009	0.010757	468836	181	657673	2734	1225286	1160984	0.002355	19533	384	1225224	0	0	0	nan	0	0	0	0.008402	0.000139	0.008402	0.000139	0.151893	0.002513
62	G	4181	657673	624128	0.006699	468499	180	657673	1986	1224576	1143295	0.001737	19505	384	1224512	0	0	0	nan	0	0	0	0.004962	0.000111	0.004962	0.000111	0.089704	0.002007
63	G	5940	657673	619828	0.009583	468255	180	657673	6814	1224131	1132805	0.006015	19469	383	1224067	0	0	0	nan	0	0	0	0.003568	0.000144	0.003568	0.000144	0.064503	0.002603
64	C	6741	657673	620033	0.010872	468084	179	657673	3459	1223894	1141343	0.003031	19440	383	1223829	0	0	0	nan	0	0	0	0.007841	0.000142	0.007841	0.000142	0.141752	0.002567
65	C	17299	657673	618237	0.027981	467765	178	657673	770	1223421	1153695	0.000667	19421	376	1223355	0	0	0	nan	0	0	0	0.027314	0.000214	0.027314	0.000214	0.493789	0.003869
66	U	7910	657673	617904	0.012801	467309	175	657673	1376	1222857	1175150	0.001171	19345	376	1222790	0	0	0	nan	0	0	0	0.011630	0.000147	0.011630	0.000147	0.210250	0.002658
67	C	51123	657673	604820	0.084526	466988	173	657673	2333	1222345	1166143	0.002001	19333	374	1222279	0	0	0	nan	0	0	0	0.082525	0.000376	0.082525	0.000376	1.491907	0.006797
68	G	5558	657673	602848	0.009220	466647	171	657673	2247	1221138	1136805	0.001977	19322	372	1221070	0	0	0	nan	0	0	0	0.007243	0.000131	0.007243	0.000131	0.130941	0.002368
69	G	9412	657673	603317	0.015600	466578	169	657673	8108	1220579	1133967	0.007150	19309	366	1220508	0	0	0	nan	0	0	0	0.008450	0.000179	0.008450	0.000179	0.152761	0.003236
70	C	39494	657673	609441	0.064804	466397	169	657673	3562	1220255	1137190	0.003132	19305	364	1220174	0	0	0	nan	0	0	0	0.061671	0.000330	0.061671	0.000330	1.114904	0.005966
71	G	3156	657673	618909	0.005099	466230	169	657673	1772	1219866	1147968	0.001544	19265	358	1219773	0	0	0	nan	0	0	0	0.003556	0.000098	0.003556	0.000098	0.064286	0.001772
72	G	6990	657673	615608	0.011355	466021	168	657673	4776	1219496	1150411	0.004152	19239	356	1219400	0	0	0	nan	0	0	0	0.007203	0.000149	0.007203	0.000149	0.130218	0.002694
73	C	8354	657673	613493	0.013617	465807	168	657673	5967	1219169	1136218	0.005252	19221	349	1219073	0	0	0	nan	0	0	0	0.008365	0.000164	0.008365	0.000164	0.151225	0.002965
74	C	12242	657673	611600	0.020016	465421	168	657673	1536	1218377	1140295	0.001347	19205	342	1218279	0	0	0	nan	0	0	0	0.018669	0.000184	0.018669	0.000184	0.337503	0.003326
75	A	38900	657673	611288	0.063636	465744	172	657673	683	1218086	1135677	0.000601	19188	339	1217985	0	0	0	nan	0	0	0	0.063035	0.000323	0.063035	0.000323	1.139562	0.005839
76	A	43528	657673	624998	0.069645	465608	172	657673	641	1217815	1131810	0.000566	19163	337	1217714	0	0	0	nan	0	0	0	0.069079	0.000335	0.069079	0.000335	1.248827	0.006056
77	G	5933	657673	630405	0.009411	465499	172	657673	5325	1217540	1134529	0.004694	19102	336	1217438	0	0	0	nan	0	0	0	0.004718	0.000138	0.004718	0.000138	0.085293	0.002495
78	C	21072	657673	636562	0.033103	465302	172	657673	3676	1217282	1138966	0.003227	19065	332	1217176	0	0	0	nan	0	0	0	0.029875	0.000234	0.029875	0.000234	0.540088	0.004230
79	U	4974	657673	639987	0.007772	465138	172	657673	700	1217101	1156783	0.000605	19056	331	1216989	0	0	0	nan	0	0	0	0.007167	0.000113	0.007167	0.000113	0.129567	0.002043
80	U	4821	657673	633260	0.007613	464937	171	657673	924	1216863	1151381	0.000803	19050	330	1216751	0	0	0	nan	0	0	0	0.006810	0.000113	0.006810	0.000113	0.123113	0.002043
81	G	3763	657673	630872	0.005965	464703	171	657673	1753	1216459	1148931	0.001526	19027	325	1216332	0	0	0	nan	0	0	0	0.004439	0.000104	0.004439	0.000104	0.080249	0.001880
82	G	10830	657673	629992	0.017191	464434	164	657673	4743	1216145	1144801	0.004143	19003	313	1216011	0	0	0	nan	0	0	0	0.013048	0.000176	0.013048	0.000176	0.235885	0.003182
83	C	17671	657673	628018	0.028138	464247	163	657673	2660	1215965	1152943	0.002307	18996	313	1215829	0	0	0	nan	0	0	0	0.025831	0.000216	0.025831	0.000216	0.466979	0.003905
84	A	21903	657673	624803	0.035056	464006	163	657673	577	1215776	1134130	0.000509	18980	308	1215638	0	0	0	nan	0	0	0	0.034547	0.000238	0.034547	0.000238	0.624549	0.004303
85	A	27445	657673	629182	0.043620	463871	163	657673	848	1215595	1131354	0.000750	18963	305	1215454	0	0	0	nan	0	0	0	0.042871	0.000265	0.042871	0.000265	0.775032	0.004791
86	U	6484	657673	628439	0.010318	463655	163	657673	2826	1215293	1134752	0.002490	18959	301	1215149	0	0	0	nan	0	0	0	0.007827	0.000136	0.007827	0.000136	0.141498	0.002459
87	C	22434	657673	634032	0.035383	463495	163	657673	1149	1215090	1158840	0.000992	18954	300	1214940	0	0	0	nan	0	0	0	0.034392	0.000238	0.034392	0.000238	0.621747	0.004303
88	C	21121	657673	635416	0.033240	463247	163	657673	901	1214676	1157628	0.000778	18946	297	1214519	0	0	0	nan	0	0	0	0.032461	0.000230	0.032461	0.000230	0.586838	0.004158
89	G	8822	657673	631800	0.013963	462937	162	657673	3733	1214215	1144733	0.003261	18938	297	1214052	0	0	0	nan	0	0	0	0.010702	0.000158	0.010702	0.000158	0.193473	0.002856
90	G	4126	657673	630583	0.006543	462575	162	657673	1433	1213642	1143182	0.001254	18935	296	1213473	0	0	0	nan	0	0	0	0.005290	0.000107	0.005290	0.000107	0.095634	0.001934
91	U	7994	657673	622931	0.012833	462149	161	657673	984	1213293	1133463	0.000868	18919	294	1213121	0	0	0	nan	0	0	0	0.011965	0.000146	0.011965	0.000146	0.216306	0.002639
92	A	28892	657673	627485	0.046044	461985	161	657673	858	1213157	1141049	0.000752	18918	293	1212982	0	0	0	nan	0	0	0	0.045292	0.000272	0.045292	0.000272	0.818800	0.004917
93	C	20787	657673	635224	0.032724	461923	161	657673	546	1213018	1140979	0.000479	18894	274	1212840	0	0	0	nan	0	0	0	0.032245	0.000228	0.032245	0.000228	0.582933	0.004122
94	U	4406	657673	637470	0.006912	461823	161	657673	646	1212909	1155504	0.000559	18915	271	1212730	0	0	0	nan	0	0	0	0.006353	0.000106	0.006353	0.000106	0.114851	0.001916
95	G	4624	657673	638672	0.007240	461728	159	657673	1082	1212738	1168290	0.000926	18912	263	1212552	0	0	0	nan	0	0	0	0.006314	0.000110	0.006314	0.000110	0.114146	0.001989
96	U	7175	657673	638037	0.011245	461660	158	657673	917	1212589	1170057	0.000784	18893	260	1212400	0	0	0	nan	0	0	0	0.010462	0.000135	0.010462	0.000135	0.189135	0.002441
97	U	5536	657673	635545	0.008711	461543	156	657673	753	1212378	1163147	0.000647	18891	253	1212184	0	0	0	nan	0	0	0	0.008063	0.000119	0.008063	0.000119	0.145765	0.002151
98	G	9044	657673	628934	0.014380	461472	155	657673	3220	1212101	1148035	0.002805	18879	249	1211901	0	0	0	nan	0	0	0	0.011575	0.000159	0.011575	0.000159	0.209256	0.002874
99	G	3910	657673	626838	0.006238	461341	155	657673	1090	1211886	1143195	0.000953	18864	245	1211681	0	0	0	nan	0	0	0	0.005284	0.000104	0.005284	0.000104	0.095525	0.001880
100	U	5890	657673	614694	0.009582	461202	155	657673	958	1211712	1149479	0.000833	18857	241	1211505	0	0	0	nan	0	0	0	0.008749	0.000128	0.008749	0.000128	0.158167	0.002314
101	A	20847	657673	604642	0.034478	461064	155	657673	1361	1211505	1161987	0.001171	18851	240	1211296	0	0	0	nan	0	0	0	0.033307	0.000241	0.033307	0.000241	0.602132	0.004357
102	A	40360	657673	621102	0.064981	460884	155	657673	739	1211280	1167345	0.000633	18844	238	1211068	0	0	0	nan	0	0	0	0.064348	0.000324	0.064348	0.000324	1.163299	0.005857
103	A	33303	657673	623489	0.053414	460780	155	657673	936	1210874	1158252	0.000808	18830	232	1210662	0	0	0	nan	0	0	0	0.052606	0.000294	0.052606	0.000294	0.951024	0.005315
104	G	7136	657673	622181	0.011469	460664	155	657673	4916	1210521	1138215	0.004319	18830	232	1210306	0	0	0	nan	0	0	0	0.007150	0.000149	0.007150	0.000149	0.129259	0.002694
105	C	10284	657673	615142	0.016718	460484	155	657673	5109	1210095	1133277	0.004508	18822	228	1209876	0	0	0	nan	0	0	0	0.012210	0.000177	0.012210	0.000177	0.220735	0.003200
106	C	8468	657673	612220	0.013832	460319	155	657673	709	1209553	1137999	0.000623	18819	228	1209331	0	0	0	nan	0	0	0	0.013209	0.000152	0.013209	0.000152	0.238796	0.002748
107	A	34439	657673	621029	0.055455	459999	155	657673	1092	1208966	1140657	0.000957	18750	225	1208743	0	0	0	nan	0	0	0	0.054497	0.000300	0.054497	0.000300	0.985210	0.005423
108	C	22592	657673	623471	0.036236	459773	156	657673	806	1208078	1129623	0.000714	18744	225	1207850	0	0	0	nan	0	0	0	0.035522	0.000242	0.035522	0.000242	0.642175	0.004375
109	C	19812	657673	625414	0.031678	459361	156	657673	651	1207069	1117963	0.000582	18741	225	1206837	0	0	0	nan	0	0	0	0.031096	0.000226	0.031096	0.000226	0.562161	0.004086
110	A	30360	657673	628910	0.048274	459028	156	657673	805	1206606	1119178	0.000719	18728	224	1206366	0	0	0	nan	0	0	0	0.047555	0.000278	0.047555	0.000278	0.859711	0.005026
111	U	6932	657673	633143	0.010949	458745	156	657673	796	1206082	1124529	0.000708	18722	221	1205835	0	0	0	nan	0	0	0	0.010241	0.000134	0.010241	0.000134	0.185139	0.002422
112	G	4695	657673	632692	0.007421	458464	156	657673	2134	1205735	1114009	0.001916	18719	219	1205486	0	0	0	nan	0	0	0	0.005505	0.000116	0.005505	0.000116	0.099521	0.002097
113	G	3932	657673	632015	0.006221	458125	154	657673	1879	1205180	1122680	0.001674	18704	216	1204925	0	0	0	nan	0	0	0	0.004548	0.000106	0.004548	0.000106	0.082220	0.001916
114	U	3612	657673	629522	0.005738	456677	135	657673	1902	1203756	1123719	0.001693	15658	152	1203501	0	0	0	nan	0	0	0	0.004045	0.000103	0.004045	0.000103	0.073127	0.001862
115	C	6294	657673	631773	0.009962	456379	135	657673	2556	1203496	1153156	0.002217	15647	149	1203237	0	0	0	nan	0	0	0	0.007746	0.000133	0.007746	0.000133	0.140034	0.002404
116	U	2853	657673	629265	0.004534	456184	135	657673	1213	1203198	1146061	0.001058	15608	142	1202932	0	0	0	nan	0	0	0	0.003475	0.000090	0.003475	0.000090	0.062822	0.001627
117	U	3607	657673	603515	0.005977	455922	135	657673	1756	1202667	1149209	0.001528	15607	142	1202393	0	0	0	nan	0	0	0	0.004449	0.000106	0.004449	0.000106	0.080430	0.001916
118	C	8160	657673	590203	0.013826	455486	135	657673	880	1202065	1148188	0.000766	15606	142	1201777	0	0	0	nan	0	0	0	0.013059	0.000155	0.013059	0.000155	0.236084	0.002802
119	A	40666	657673	586791	0.069302	454947	135	657673	1054	1201640	1148625	0.000918	15603	142	1201337	0	0	0	nan	0	0	0	0.068385	0.000345	0.068385	0.000345	1.236281	0.006237
120	C	61663	657673	581272	0.106083	455412	136	657673	673	1201281	1151678	0.000584	15594	142	1200973	0	0	0	nan	0	0	0	0.105499	0.000428	0.105499	0.000428	1.907237	0.007737
121	A	37787	657673	584778	0.064618	454974	136	657673	648	1200942	1144618	0.000566	15593	134	1200628	0	0	0	nan	0	0	0	0.064052	0.000333	0.064052	0.000333	1.157948	0.006020
122	C	52938	657673	587440	0.090116	454572	135	657673	558	1200574	1140947	0.000489	15593	134	1200258	0	0	0	nan	0	0	0	0.089627	0.000392	0.089627	0.000392	1.620299	0.007087
123	U	12635	657673	602275	0.020979	454093	134	657673	1067	1200176	1138955	0.000937	15592	132	1199856	0	0	0	nan	0	0	0	0.020042	0.000189	0.020042	0.000189	0.362324	0.003417
124	C	51426	657673	612037	0.084024	453640	134	657673	1975	1199356	1134263	0.001741	15567	122	1199030	0	0	0	nan	0	0	0	0.082283	0.000373	0.082283	0.000373	1.487532	0.006743
125	G	2560	657673	605145	0.004230	452812	133	657673	1241	1197756	1117787	0.001110	15565	121	1197422	0	0	0	nan	0	0	0	0.003120	0.000089	0.003120	0.000089	0.056404	0.001609
126	A	14084	657673	605541	0.023259	452417	133	657673	822	1197309	1101602	0.000746	15564	121	1196964	0	0	0	nan	0	0	0	0.022512	0.000198	0.022512	0.000198	0.406977	0.003579
127	A	15084	657673	613157	0.024601	452325	135	657673	1094	1197035	1099445	0.000995	15560	119	1196687	0	0	0	nan	0	0	0	0.023606	0.000203	0.023606	0.000203	0.426755	0.003670
128	G	2997	657673	611918	0.004898	452215	135	657673	1027	1196818	1098352	0.000935	15559	79	1196463	0	0	0	nan	0	0	0	0.003963	0.000094	0.003963	0.000094	0.071644	0.001699
129	A	24800	657673	619001	0.040065	452014	134	657673	2154	1196373	1109914	0.001941	15549	76	1196013	0	0	0	nan	0	0	0	0.038124	0.000258	0.038124	0.000258	0.689215	0.004664
130	U	5031	657673	623089	0.008074	451890	127	657673	1171	1196083	1113500	0.001052	15540	64	1195722	0	0	0	nan	0	0	0	0.007023	0.000118	0.007023	0.000118	0.126964	0.002133
131	U	9806	657673	633915	0.015469	451726	127	657673	762	1195781	1139253	0.000669	15465	63	1195418	0	0	0	nan	0	0	0	0.014800	0.000158	0.014800	0.000158	0.267558	0.002856
132	U	11247	657673	626642	0.017948	451493	127	657673	1143	1195459	1131461	0.001010	15463	61	1195092	0	0	0	nan	0	0	0	0.016938	0.000172	0.016938	0.000172	0.306209	0.003109
133	C	32755	657673	623947	0.052496	451035	117	657673	932	1195081	1123014	0.000830	15460	57	1194708	0	0	0	nan	0	0	0	0.051667	0.000291	0.051667	0.000291	0.934049	0.005261
134	G	8615	657673	626699	0.013747	450724	117	657673	1017	1194887	1112238	0.000914	15460	57	1194505	0	0	0	nan	0	0	0	0.012832	0.000151	0.012832	0.000151	0.231980	0.002730
135	U	6087	657673	629219	0.009674	450544	117	657673	817	1194667	1121280	0.000729	15430	54	1194281	0	0	0	nan	0	0	0	0.008945	0.000127	0.008945	0.000127	0.161710	0.002296
136	U	5920	657673	623431	0.009496	450281	117	657673	688	1194269	1122276	0.000613	15430	54	1193880	0	0	0	nan	0	0	0	0.008883	0.000126	0.008883	0.000126	0.160589	0.002278
137	G	8849	657673	620127	0.014270	449686	115	657673	3695	1193461	1121909	0.003293	15420	43	1193070	0	0	0	nan	0	0	0	0.010976	0.000161	0.010976	0.000161	0.198427	0.002911
138	G	4448	657673	620963	0.007163	449288	115	657673	1987	1192884	1115441	0.001781	15416	40	1192488	0	0	0	nan	0	0	0	0.005382	0.000115	0.005382	0.000115	0.097297	0.002079
139	G	2823	657673	623939	0.004524	448856	114	657673	1491	1191955	1110070	0.001343	15411	37	1191555	0	0	0	nan	0	0	0	0.003181	0.000092	0.003181	0.000092	0.057507	0.001663
140	G	2985	657673	612885	0.004870	448379	112	657673	1505	1191128	1088124	0.001383	15409	31	1190729	0	0	0	nan	0	0	0	0.003487	0.000096	0.003487	0.000096	0.063039	0.001736
141	A	30132	657673	613819	0.049089	447707	100	657673	1114	1190347	1085507	0.001026	15405	28	1189948	0	0	0	nan	0	0	0	0.048063	0.000284	0.048063	0.000284	0.868895	0.005134
142	C	35421	657673	613488	0.057737	447483	100	657673	556	1189976	1090824	0.000510	15398	9	1189574	0	0	0	nan	0	0	0	0.057227	0.000308	0.057227	0.000308	1.034564	0.005568
143	U	5296	657673	616526	0.008590	447290	100	657673	810	1189610	1105943	0.000732	15397	9	1189205	0	0	0	nan	0	0	0	0.007858	0.000121	0.007858	0.000121	0.142059	0.002187
144	G	3082	657673	613611	0.005023	446758	100	657673	1620	1188781	1102834	0.001469	15396	9	1188374	0	0	0	nan	0	0	0	0.003554	0.000098	0.003554	0.000098	0.064250	0.001772
145	G	7637	657673	610549	0.012508	446235	98	657673	7458	1188084	1108426	0.006728	15396	9	1187668	0	0	0	nan	0	0	0	0.005780	0.000163	0.005780	0.000163	0.104492	0.002947
146	C	13534	657673	602127	0.022477	445614	96	657673	1781	1187452	1102771	0.001615	15390	9	1187028	0	0	0	nan	0	0	0	0.020862	0.000197	0.020862	0.000197	0.377148	0.003561
147	G	2870	657673	586599	0.004893	445025	95	657673	1616	1186606	1068316	0.001513	15389	9	1186170	0	0	0	nan	0	0	0	0.003380	0.000099	0.003380	0.000099	0.061104	0.001790
148	A	28616	657673	581009	0.049252	444323	94	657673	933	1185780	1067627	0.000874	15387	9	1185332	0	0	0	nan	0	0	0	0.048378	0.000293	0.048378	0.000293	0.874589	0.005297
149	C	28801	657673	572881	0.050274	444922	102	657673	737	1185533	1071210	0.000688	15385	9	1185076	0	0	0	nan	0	0	0	0.049586	0.000297	0.049586	0.000297	0.896428	0.005369
150	A	37242	657673	580124	0.064197	444319	98	657673	1001	1185104	1106344	0.000905	15371	9	1184642	0	0	0	nan	0	0	0	0.063292	0.000334	0.063292	0.000334	1.144208	0.006038
151	G	3232	657673	571087	0.005659	443944	94	657673	1232	1184664	1102030	0.001118	15367	8	1184200	0	0	0	nan	0	0	0	0.004541	0.000105	0.004541	0.000105	0.082093	0.001898
152	A	28593	657673	558430	0.051202	443210	94	657673	777	1184330	1103287	0.000704	15367	8	1183864	0	0	0	nan	0	0	0	0.050498	0.000304	0.050498	0.000304	0.912915	0.005496
153	C	30061	657673	539749	0.055694	442340	95	657673	807	1184012	1106777	0.000729	15362	6	1183544	0	0	0	nan	0	0	0	0.054965	0.000322	0.054965	0.000322	0.993671	0.005821
154	A	24374	657673	522575	0.046642	441545	94	657673	529	1183632	1109771	0.000477	15351	5	1183160	0	0	0	nan	0	0	0	0.046165	0.000299	0.046165	0.000299	0.834582	0.005405
155	G	5142	657673	511434	0.010054	440735	92	657673	8426	1183029	1116030	0.007550	15347	5	1182552	0	0	0	nan	0	0	0	0.002504	0.000163	0.002504	0.000163	0.045268	0.002947
156	C	10220	657673	457509	0.022338	439011	91	657673	2418	1182333	1103238	0.002192	15346	2	1181843	0	0	0	nan	0	0	0	0.020147	0.000225	0.020147	0.000225	0.364222	0.004068
157	C	8189	657673	447457	0.018301	437687	93	657673	1094	1181446	1092611	0.001001	15347	2	1180951	0	0	0	nan	0	0	0	0.017300	0.000204	0.017300	0.000204	0.312754	0.003688
158	G	2610	657673	400469	0.006517	436117	88	657673	1799	1180700	1071794	0.001678	15348	2	1180194	0	0	0	nan	0	0	0	0.004839	0.000134	0.004839	0.000134	0.087481	0.002422
159	G	4826	657673	338729	0.014247	433700	89	657673	7403	1179832	1072719	0.006901	15340	2	1179316	0	0	0	nan	0	0	0	0.007346	0.000220	0.007346	0.000220	0.132803	0.003977
160	C	46578	657673	331396	0.140551	432421	86	657673	4629	1179490	1083669	0.004272	15337	2	1178967	0	0	0	nan	0	0	0	0.136279	0.000654	0.136279	0.000654	2.463685	0.011823
161	U	3814	657673	350242	0.010890	431882	88	657673	678	1179121	1085354	0.000625	15333	2	1178593	0	0	0	nan	0	0	0	0.010265	0.000178	0.010265	0.000178	0.185573	0.003218
162	A	10771	657673	376264	0.028626	430947	89	657673	918	1178504	1092896	0.000840	15334	2	1177973	0	0	0	nan	0	0	0	0.027786	0.000277	0.027786	0.000277	0.502322	0.005008
163	C	5993	657673	397728	0.015068	430211	100	657673	495	1178057	1088985	0.000455	15333	2	1177521	0	0	0	nan	0	0	0	0.014614	0.000196	0.014614	0.000196	0.264195	0.003543
164	A	6403	657673	388255	0.016492	429306	101	657673	566	1177544	1083214	0.000523	15331	2	1177005	0	0	0	nan	0	0	0	0.015969	0.000207	0.015969	0.000207	0.288692	0.003742
165	A	9338	657673	471602	0.019801	427848	101	657673	734	1177001	1071270	0.000685	15329	2	1176461	0	0	0	nan	0	0	0	0.019115	0.000206	0.019115	0.000206	0.345566	0.003724
166	C	11390	657673	410323	0.027759	426249	101	657673	873	1176374	1064840	0.000820	15325	2	1175829	0	0	0	nan	0	0	0	0.026939	0.000262	0.026939	0.000262	0.487010	0.004737
167	C	7294	657673	412025	0.017703	423939	100	657673	604	1175827	1077958	0.000560	15325	2	1175279	0	0	0	nan	0	0	0	0.017142	0.000209	0.017142	0.000209	0.309897	0.003778
168	U	1581	657673	413308	0.003825	422619	97	657673	882	1175421	1088063	0.000811	15322	2	1174872	0	0	0	nan	0	0	0	0.003015	0.000100	0.003015	0.000100	0.054506	0.001808
169	G	1440	657673	434985	0.003310	421032	97	657673	1478	1175023	1079219	0.001370	15322	2	1174469	0	0	0	nan	0	0	0	0.001941	0.000094	0.001941	0.000094	0.035090	0.001699
170	G	1779	657673	421803	0.004218	419558	97	657673	1580	1174417	1063977	0.001485	15320	2	1173858	0	0	0	nan	0	0	0	0.002733	0.000107	0.002733	0.000107	0.049408	0.001934
171	A	4770	657673	435554	0.010952	418112	96	657673	932	1173905	1060737	0.000879	15314	2	1173342	0	0	0	nan	0	0	0	0.010073	0.000161	0.010073	0.000161	0.182102	0.002911
172	C	2562	657673	418153	0.006127	417285	97	657673	715	1173413	1067678	0.000670	15315	2	1172848	0	0	0	nan	0	0	0	0.005457	0.000124	0.005457	0.000124	0.098653	0.002242
173	C	7253	657673	447415	0.016211	416060	94	657673	732	1173009	1081963	0.000677	15313	2	1172436	0	0	0	nan	0	0	0	0.015534	0.000192	0.015534	0.000192	0.280827	0.003471
174	A	18195	657673	413377	0.044016	414961	92	657673	652	1172376	1076620	0.000606	15308	2	1171793	0	0	0	nan	0	0	0	0.043410	0.000327	0.043410	0.000327	0.784777	0.005912
175	A	29468	657673	456937	0.064490	413757	91	657673	744	1171578	1067203	0.000697	15307	1	1170987	0	0	0	nan	0	0	0	0.063793	0.000377	0.063793	0.000377	1.153266	0.006815
176	G	1462	657673	426624	0.003427	412825	88	657673	701	1170694	1068482	0.000656	15304	1	1170098	0	0	0	nan	0	0	0	0.002771	0.000093	0.002771	0.000093	0.050095	0.001681
177	U	6067	657673	465994	0.013019	411123	87	657673	3874	1169934	1064664	0.003639	15303	1	1169334	0	0	0	nan	0	0	0	0.009381	0.000177	0.009381	0.000177	0.169592	0.003200
178	C	2702	657673	434719	0.006216	409760	81	657673	870	1169005	1070435	0.000813	15302	1	1168401	0	0	0	nan	0	0	0	0.005403	0.000123	0.005403	0.000123	0.097677	0.002224
179	C	11566	657673	461821	0.025044	407801	68	657673	7261	1168133	1040900	0.006976	15307	1	1167524	0	0	0	nan	0	0	0	0.018069	0.000247	0.018069	0.000247	0.326656	0.004465
180	U	1542	657673	410726	0.003754	406322	70	657673	1006	1167608	1042016	0.000965	15307	1	1166990	0	0	0	nan	0	0	0	0.002789	0.000100	0.002789	0.000100	0.050420	0.001808
181	U	2505	657673	433731	0.005775	403603	70	657673	986	1166886	1032362	0.000955	15303	1	1166261	0	0	0	nan	0	0	0	0.004820	0.000119	0.004820	0.000119	0.087137	0.002151
182	G	3897	657673	416178	0.009364	401074	69	657673	1138	1165850	1035082	0.001099	15297	1	1165214	0	0	0	nan	0	0	0	0.008264	0.000153	0.008264	0.000153	0.149399	0.002766
183	A	31166	657673	466521	0.066805	399871	70	657673	791	1165063	1038776	0.000761	15297	1	1164417	0	0	0	nan	0	0	0	0.066044	0.000379	0.066044	0.000379	1.193960	0.006852
184	A	23288	657673	445872	0.052230	399164	71	657673	733	1164473	1049906	0.000698	15292	1	1163823	0	0	0	nan	0	0	0	0.051532	0.000343	0.051532	0.000343	0.931608	0.006201
185	C	47485	657673	435666	0.108994	398299	71	657673	591	1163720	1059212	0.000558	15286	1	1163069	0	0	0	nan	0	0	0	0.108436	0.000501	0.108436	0.000501	1.960333	0.009057
186	A	29922	657673	462901	0.064640	396960	71	657673	732	1162181	1064287	0.000688	15284	1	1161526	0	0	0	nan	0	0	0	0.063952	0.000375	0.063952	0.000375	1.156140	0.006779
187	G	3303	657673	520546	0.006345	396170	73	657673	2268	1160586	1046998	0.002166	15292	1	1159924	0	0	0	nan	0	0	0	0.004179	0.000119	0.004179	0.000119	0.075549	0.002151
188	G	2484	657673	573947	0.004328	394999	75	657673	1600	1158550	1041126	0.001537	15299	2	1157876	0	0	0	nan	0	0	0	0.002791	0.000095	0.002791	0.000095	0.050456	0.001717
189	G	2575	657673	430912	0.005976	392222	73	657673	2879	1156129	968477	0.002973	15293	2	1155444	0	0	0	nan	0	0	0	0.003003	0.000130	0.003003	0.000130	0.054289	0.002350
190	A	16661	657673	436738	0.038149	389058	73	657673	722	1153300	967390	0.000746	15292	2	1152601	0	0	0	nan	0	0	0	0.037402	0.000297	0.037402	0.000297	0.676163	0.005369
191	G	4512	657673	433170	0.010416	387565	70	657673	2653	1152120	965360	0.002748	15292	2	1151408	0	0	0	nan	0	0	0	0.007668	0.000164	0.007668	0.000164	0.138624	0.002965
192	G	3818	657673	467217	0.008172	384956	67	657673	1336	1149980	936697	0.001426	15299	2	1149257	0	0	0	nan	0	0	0	0.006746	0.000138	0.006746	0.000138	0.121956	0.002495
193	U	8571	657673	468098	0.018310	382380	67	657673	1696	1147989	946037	0.001793	15294	2	1147263	0	0	0	nan	0	0	0	0.016518	0.000203	0.016518	0.000203	0.298616	0.003670
194	G	1574	657673	438705	0.003588	381223	67	657673	783	1146659	951936	0.000823	15279	2	1145929	0	0	0	nan	0	0	0	0.002765	0.000095	0.002765	0.000095	0.049986	0.001717
195	U	16091	657673	501577	0.032081	379962	67	657673	1633	1145348	1005949	0.001623	14252	1	1144626	0	0	0	nan	0	0	0	0.030457	0.000256	0.030457	0.000256	0.550609	0.004628
196	G	2133	657673	504524	0.004228	378892	66	657673	856	1143564	1017585	0.000841	14270	1	1142840	0	0	0	nan	0	0	0	0.003387	0.000096	0.003387	0.000096	0.061231	0.001736
197	U	8705	657673	540459	0.016107	377770	65	657673	5047	1141538	1004358	0.005025	14275	1	1140806	0	0	0	nan	0	0	0	0.011082	0.000187	0.011082	0.000187	0.200343	0.003381
198	C	6160	657673	547907	0.011243	375927	66	657673	1324	1139355	990072	0.001337	14242	1	1138620	0	0	0	nan	0	0	0	0.009906	0.000148	0.009906	0.000148	0.179083	0.002676
199	C	4909	657673	553227	0.008873	380231	78	657673	905	1137870	980518	0.000923	19094	57	1136755	0	0	0	nan	0	0	0	0.007950	0.000130	0.007950	0.000130	0.143722	0.002350
200	A	7197	657673	555662	0.012952	379253	81	657673	911	1136903	975946	0.000933	19384	59	1135762	0	0	0	nan	0	0	0	0.012019	0.000156	0.012019	0.000156	0.217282	0.002820
201	G	22500	657673	531315	0.042348	378819	81	657673	12017	1136205	933063	0.012879	19475	60	1135057	0	0	0	nan	0	0	0	0.029469	0.000306	0.029469	0.000306	0.532748	0.005532
202	U	2917	657673	535643	0.005446	378697	83	657673	1245	1135723	936149	0.001330	20954	68	1134473	0	0	0	nan	0	0	0	0.004116	0.000108	0.004116	0.000108	0.074410	0.001952
203	U	2975	657673	523722	0.005680	378386	80	657673	834	1135303	950146	0.000878	20954	68	1134049	0	0	0	nan	0	0	0	0.004803	0.000108	0.004803	0.000108	0.086830	0.001952
204	U	3082	657673	557259	0.005531	378193	80	657673	715	1134850	999988	0.000715	20968	68	1133591	0	0	0	nan	0	0	0	0.004816	0.000103	0.004816	0.000103	0.087065	0.001862
205	G	5636	657673	556769	0.010123	377823	80	657673	2180	1134338	1034929	0.002106	20969	68	1133077	0	0	0	nan	0	0	0	0.008016	0.000142	0.008016	0.000142	0.144915	0.002567
206	U	4603	657673	579689	0.007940	377413	80	657673	1325	1133888	1052074	0.001259	20969	68	1132626	0	0	0	nan	0	0	0	0.006681	0.000122	0.006681	0.000122	0.120781	0.002206
207	U	4442	657673	588561	0.007547	376765	80	657673	609	1132997	1058637	0.000575	20970	68	1131728	0	0	0	nan	0	0	0	0.006972	0.000116	0.006972	0.000116	0.126042	0.002097
208	U	6894	657673	584357	0.011798	375529	80	657673	865	1131095	1045249	0.000828	20969	68	1129807	0	0	0	nan	0	0	0	0.010970	0.000145	0.010970	0.000145	0.198318	0.002621
209	C	25002	657673	496805	0.050326	372722	78	657673	830	1128242	1016418	0.000817	20970	68	1126945	0	0	0	nan	0	0	0	0.049509	0.000320	0.049509	0.000320	0.895036	0.005785
210	A	36616	657673	485815	0.075370	370931	78	657673	1172	1125876	983821	0.001191	20969	68	1124571	0	0	0	nan	0	0	0	0.074179	0.000395	0.074179	0.000395	1.341026	0.007141
211	G	6177	657673	480003	0.012869	369459	78	657673	957	1123508	957684	0.000999	20971	68	1122197	0	0	0	nan	0	0	0	0.011869	0.000167	0.011869	0.000167	0.214571	0.003019
212	A	35584	657673	521589	0.068222	366913	78	657673	486	1119826	941267	0.000516	20971	68	1118511	0	0	0	nan	0	0	0	0.067706	0.000362	0.067706	0.000362	1.224006	0.006544
213	A	28795	657673	503448	0.057196	364979	77	657673	447	1115691	932994	0.000479	20971	68	1114374	0	0	0	nan	0	0	0	0.056716	0.000338	0.056716	0.000338	1.025326	0.006110
214	U	8917	657673	510843	0.017455	362959	77	657673	1745	1112810	930830	0.001875	20971	68	1111492	0	0	0	nan	0	0	0	0.015581	0.000190	0.015581	0.000190	0.281677	0.003435
215	C	47213	657673	492379	0.095888	361117	76	657673	823	1109512	910629	0.000904	20967	68	1108187	0	0	0	nan	0	0	0	0.094984	0.000442	0.094984	0.000442	1.717144	0.007991
216	U	4679	657673	526500	0.008887	359266	76	657673	705	1106374	909974	0.000775	20966	68	1105045	0	0	0	nan	0	0	0	0.008112	0.000133	0.008112	0.000133	0.146651	0.002404
217	C	12847	657673	524779	0.024481	357680	75	657673	1495	1103619	903985	0.001654	20967	68	1102272	0	0	0	nan	0	0	0	0.022827	0.000220	0.022827	0.000220	0.412672	0.003977
218	G	7788	657673	535661	0.014539	354890	72	657673	3148	1100711	889255	0.003540	20966	68	1099345	0	0	0	nan	0	0	0	0.010999	0.000176	0.010999	0.000176	0.198843	0.003182
219	G	3777	657673	520896	0.007251	352255	72	657673	1753	1095799	855111	0.002050	20963	68	1094417	0	0	0	nan	0	0	0	0.005201	0.000128	0.005201	0.000128	0.094025	0.002314
220	G	2560	657673	505211	0.005067	349748	72	657673	1485	1091635	814902	0.001822	20962	68	1090244	0	0	0	nan	0	0	0	0.003245	0.000111	0.003245	0.000111	0.058664	0.002007
221	G	2496	657673	462888	0.005392	347602	72	657673	1182	1087654	813778	0.001452	20956	68	1086249	0	0	0	nan	0	0	0	0.003940	0.000116	0.003940	0.000116	0.071228	0.002097
222	U	3610	657673	467150	0.007728	345883	72	657673	722	1084350	797627	0.000905	20957	69	1082941	0	0	0	nan	0	0	0	0.006823	0.000133	0.006823	0.000133	0.123348	0.002404
223	G	2581	657673	463201	0.005572	344913	72	657673	828	1081885	844236	0.000981	20952	69	1080451	0	0	0	nan	0	0	0	0.004591	0.000115	0.004591	0.000115	0.082997	0.002079
224	U	10030	657673	517612	0.019377	343717	72	657673	5302	1079821	852308	0.006221	20954	69	1078372	0	0	0	nan	0	0	0	0.013157	0.000212	0.013157	0.000212	0.237855	0.003833
225	C	30344	657673	524040	0.057904	342560	72	657673	1003	1076757	901166	0.001113	20955	70	1075268	0	0	0	nan	0	0	0	0.056791	0.000334	0.056791	0.000334	1.026682	0.006038
226	C	39332	657673	545263	0.072134	341305	71	657673	987	1072886	881422	0.001120	20957	70	1071362	0	0	0	nan	0	0	0	0.071014	0.000365	0.071014	0.000365	1.283809	0.006599
227	G	4088	657673	528946	0.007729	339662	71	657673	1096	1069123	877541	0.001249	20956	70	1067563	0	0	0	nan	0	0	0	0.006480	0.000127	0.006480	0.000127	0.117147	0.002296
228	U	7366	657673	524263	0.014050	337674	71	657673	659	1064918	848182	0.000777	20957	70	1063339	0	0	0	nan	0	0	0	0.013273	0.000166	0.013273	0.000166	0.239953	0.003001
229	A	20342	657673	507089	0.040115	335814	71	657673	506	1059491	805500	0.000628	20958	70	1057902	0	0	0	nan	0	0	0	0.039487	0.000283	0.039487	0.000283	0.713856	0.005116
230	A	21809	657673	505522	0.043142	333997	69	657673	398	1054343	789163	0.000504	20959	71	1052752	0	0	0	nan	0	0	0	0.042637	0.000293	0.042637	0.000293	0.770802	0.005297
231	C	16120	657673	497391	0.032409	332466	69	657673	248	1050568	779376	0.000318	20956	71	1048976	0	0	0	nan	0	0	0	0.032091	0.000256	0.032091	0.000256	0.580149	0.004628
232	U	4211	657673	504918	0.008340	329854	69	657673	1830	1044054	790775	0.002314	20959	70	1042461	0	0	0	nan	0	0	0	0.006026	0.000139	0.006026	0.000139	0.108940	0.002513
233	C	13694	657673	526188	0.026025	326166	67	657673	1877	1035277	807012	0.002326	20959	69	1033682	0	0	0	nan	0	0	0	0.023699	0.000229	0.023699	0.000229	0.428436	0.004140
234	C	15117	657673	520311	0.029054	322707	67	657673	980	1025949	783911	0.001250	20962	69	1024349	0	0	0	nan	0	0	0	0.027804	0.000240	0.027804	0.000240	0.502648	0.004339
235	G	2702	657673	429445	0.006292	318864	64	657673	1306	1016935	622186	0.002099	20964	67	1015329	0	0	0	nan	0	0	0	0.004193	0.000134	0.004193	0.000134	0.075802	0.002422
236	A	16630	657673	400033	0.041572	314686	64	657673	452	1008839	571119	0.000791	20968	67	1007232	0	0	0	nan	0	0	0	0.040780	0.000325	0.040780	0.000325	0.737231	0.005875
237	U	6862	657673	384472	0.017848	313088	64	657673	2156	1006085	552739	0.003901	20967	67	1004474	0	0	0	nan	0	0	0	0.013947	0.000231	0.013947	0.000231	0.252137	0.004176
238	C	26700	657673	426980	0.062532	311477	63	657673	595	1004357	649440	0.000916	20971	67	1002736	0	0	0	nan	0	0	0	0.061616	0.000385	0.061616	0.000385	1.113909	0.006960
239	C	32513	657673	457430	0.071078	309904	62	657673	945	1002403	714980	0.001322	20953	67	1000763	0	0	0	nan	0	0	0	0.069756	0.000397	0.069756	0.000397	1.261066	0.007177
240	A	29342	657673	467772	0.062727	308420	62	657673	824	999332	780009	0.001056	20951	66	997677	0	0	0	nan	0	0	0	0.061671	0.000368	0.061671	0.000368	1.114904	0.006653
241	A	30019	657673	486393	0.061718	305676	60	657673	431	993418	759597	0.000567	20949	66	991746	0	0	0	nan	0	0	0	0.061150	0.000357	0.061150	0.000357	1.105485	0.006454
242	A	18457	657673	491678	0.037539	303150	56	657673	625	987542	759768	0.000823	20949	66	985849	0	0	0	nan	0	0	0	0.036716	0.000278	0.036716	0.000278	0.663761	0.005026
243	G	2957	657673	490560	0.006028	301293	56	657673	833	981868	725101	0.001149	20948	65	980168	0	0	0	nan	0	0	0	0.004879	0.000118	0.004879	0.000118	0.088204	0.002133
244	G	2865	657673	463535	0.006181	298559	56	657673	894	972685	670993	0.001332	20948	63	970980	0	0	0	nan	0	0	0	0.004848	0.000124	0.004848	0.000124	0.087643	0.002242
245	A	19105	657673	457818	0.041731	295233	59	657673	617	965112	658714	0.000937	20947	62	963404	0	0	0	nan	0	0	0	0.040794	0.000304	0.040794	0.000304	0.737484	0.005496
246	U	6070	657673	455417	0.013328	293519	57	657673	604	959546	630637	0.000958	20947	62	957823	0	0	0	nan	0	0	0	0.012371	0.000175	0.012371	0.000175	0.223646	0.003164
247	U	7170	657673	472471	0.015176	291686	56	657673	533	952973	646696	0.000824	20927	60	951245	0	0	0	nan	0	0	0	0.014351	0.000183	0.014351	0.000183	0.259441	0.003308
248	G	2977	657673	477841	0.006230	289536	55	657673	654	947982	638922	0.001024	20928	60	946226	0	0	0	nan	0	0	0	0.005207	0.000121	0.005207	0.000121	0.094133	0.002187
249	U	7661	657673	472439	0.016216	286918	55	657673	1788	943238	637604	0.002804	20928	59	941476	0	0	0	nan	0	0	0	0.013412	0.000197	0.013412	0.000197	0.242465	0.003561
250	C	11026	657673	468914	0.023514	280984	52	657673	752	936162	627383	0.001199	20929	58	934396	0	0	0	nan	0	0	0	0.022315	0.000228	0.022315	0.000228	0.403416	0.004122
251	C	19269	657673	459681	0.041918	275670	51	657673	402	927797	620784	0.000648	20924	56	926025	0	0	0	nan	0	0	0	0.041271	0.000304	0.041271	0.000304	0.746107	0.005496
252	U	4624	657673	437258	0.010575	270608	50	657673	451	921294	612126	0.000737	20930	54	919522	0	0	0	nan	0	0	0	0.009838	0.000159	0.009838	0.000159	0.177854	0.002874
253	G	2748	657673	329518	0.008339	266835	49	657673	1476	912485	559076	0.002640	20929	53	910712	0	0	0	nan	0	0	0	0.005699	0.000173	0.005699	0.000173	0.103028	0.003128
254	A	26525	657673	327621	0.080962	263008	48	657673	404	901302	543809	0.000743	20929	51	899534	0	0	0	nan	0	0	0	0.080220	0.000498	0.080220	0.000498	1.450237	0.009003
255	G	3998	657673	324779	0.012310	260372	48	657673	4273	894587	548578	0.007789	20929	51	892814	0	0	0	nan	0	0	0	0.004521	0.000228	0.004521	0.000228	0.081732	0.004122
256	C	18396	657673	401385	0.045831	257919	48	657673	1270	885454	583660	0.002176	20930	51	883670	0	0	0	nan	0	0	0	0.043655	0.000343	0.043655	0.000343	0.789206	0.006201
257	G	6614	657673	412590	0.016030	255223	48	657673	2182	877743	570219	0.003827	20928	52	875960	0	0	0	nan	0	0	0	0.012204	0.000213	0.012204	0.000213	0.220627	0.003851
258	G	2517	657673	390305	0.006449	252646	48	657673	592	868251	521234	0.001136	20930	52	866470	0	0	0	nan	0	0	0	0.005313	0.000137	0.005313	0.000137	0.096050	0.002477
259	U	7301	657673	404437	0.018052	250203	49	657673	448	861442	510115	0.000878	20931	52	859663	0	0	0	nan	0	0	0	0.017174	0.000215	0.017174	0.000215	0.310476	0.003887
260	G	14059	657673	387149	0.036314	248891	50	657673	5612	856687	506739	0.011075	20922	52	854909	0	0	0	nan	0	0	0	0.025239	0.000340	0.025239	0.000340	0.456277	0.006147
261	A	18143	657673	417638	0.043442	247165	49	657673	582	856636	528232	0.001102	20925	52	854861	0	0	0	nan	0	0	0	0.042340	0.000326	0.042340	0.000326	0.765433	0.005894
262	A	16118	657673	430573	0.037434	245845	49	657673	283	857761	557692	0.000507	20922	52	855985	0	0	0	nan	0	0	0	0.036926	0.000296	0.036926	0.000296	0.667557	0.005351
263	A	10408	657673	435167	0.023917	244858	49	657673	224	858209	572805	0.000391	20923	52	856435	0	0	0	nan	0	0	0	0.023526	0.000236	0.023526	0.000236	0.425309	0.004266
264	A	23322	657673	439402	0.053077	244047	76	657673	370	858896	599387	0.000617	20926	52	857121	0	0	0	nan	0	0	0	0.052459	0.000349	0.052459	0.000349	0.948367	0.006309
265	U	5971	657673	453743	0.013159	243393	79	657673	323	858802	635000	0.000509	20927	52	857028	0	0	0	nan	0	0	0	0.012651	0.000173	0.012651	0.000173	0.228708	0.003128
266	G	4809	657673	472851	0.010170	242630	82	657673	1569	857750	660160	0.002377	20928	52	855976	0	0	0	nan	0	0	0	0.007794	0.000158	0.007794	0.000158	0.140902	0.002856
267	G	3174	657673	484491	0.006551	241554	83	657673	1161	853200	646125	0.001797	20930	52	851426	0	0	0	nan	0	0	0	0.004754	0.000128	0.004754	0.000128	0.085944	0.002314
268	G	4556	657673	485446	0.009385	240217	83	657673	3045	851934	622478	0.004892	20933	52	850160	0	0	0	nan	0	0	0	0.004493	0.000165	0.004493	0.000165	0.081226	0.002983
269	C	35730	657673	482511	0.074050	238671	84	657673	2512	850316	607250	0.004137	20939	52	848545	0	0	0	nan	0	0	0	0.069913	0.000400	0.069913	0.000400	1.263904	0.007231
270	U	4506	657673	484978	0.009291	237536	92	657673	542	848873	607509	0.000892	20939	52	847103	0	0	0	nan	0	0	0	0.008399	0.000144	0.008399	0.000144	0.151839	0.002603
271	G	2386	657673	473530	0.005039	235649	179	657673	546	845428	612225	0.000892	20940	53	843663	0	0	0	nan	0	0	0	0.004147	0.000110	0.004147	0.000110	0.074970	0.001989
272	A	22561	657673	467742	0.048234	233166	178	657673	391	842357	605654	0.000646	20940	53	840590	0	0	0	nan	0	0	0	0.047588	0.000323	0.047588	0.000323	0.860308	0.005839
273	A	25691	657673	467993	0.054896	231344	179	657673	379	837607	601230	0.000630	20940	53	835843	0	0	0	nan	0	0	0	0.054266	0.000344	0.054266	0.000344	0.981034	0.006219
274	G	2190	657673	427461	0.005123	230078	181	657673	416	836153	549341	0.000757	20941	53	834395	0	0	0	nan	0	0	0	0.004366	0.000116	0.004366	0.000116	0.078930	0.002097
275	A	19930	657673	409494	0.048670	228434	182	657673	437	833505	543773	0.000804	20943	53	831750	0	0	0	nan	0	0	0	0.047866	0.000347	0.047866	0.000347	0.865333	0.006273
276	U	4614	657673	403675	0.011430	227096	188	657673	587	838959	543778	0.001079	20946	53	837207	0	0	0	nan	0	0	0	0.010351	0.000174	0.010351	0.000174	0.187128	0.003146
277	C	31988	657673	440505	0.072617	225768	192	657673	611	842198	588803	0.001038	20947	53	840445	0	0	0	nan	0	0	0	0.071579	0.000408	0.071579	0.000408	1.294023	0.007376
278	G	3382	657673	476903	0.007092	224001	204	657673	892	851646	627411	0.001422	20946	53	849893	0	0	0	nan	0	0	0	0.005670	0.000131	0.005670	0.000131	0.102504	0.002368
279	A	11711	657673	457718	0.025586	222860	218	657673	346	865052	615380	0.000562	20944	53	863296	0	0	0	nan	0	0	0	0.025023	0.000238	0.025023	0.000238	0.452372	0.004303
280	C	11764	657673	448227	0.026246	221561	222	657673	347	876024	616406	0.000563	20886	49	874300	0	0	0	nan	0	0	0	0.025683	0.000244	0.025683	0.000244	0.464304	0.004411
281	A	19550	657673	432834	0.045167	140261	226	657673	401	883550	596223	0.000673	8443	3	882919	0	0	0	nan	0	0	0	0.044495	0.000325	0.044495	0.000325	0.804392	0.005875
282	U	7374	657673	461084	0.015993	139221	236	657673	2182	888196	641313	0.003402	8440	3	887567	0	0	0	nan	0	0	0	0.012590	0.000200	0.012590	0.000200	0.227605	0.003616
283	C	38676	657673	462734	0.083581	138300	237	657673	603	898674	648344	0.000930	8435	3	898043	0	0	0	nan	0	0	0	0.082651	0.000427	0.082651	0.000427	1.494185	0.007719
284	C	40843	657673	497032	0.082174	137426	238	657673	463	908879	699645	0.000662	8429	4	908248	0	0	0	nan	0	0	0	0.081512	0.000408	0.081512	0.000408	1.473594	0.007376
285	A	32841	657673	495563	0.066270	136852	245	657673	337	918265	672653	0.000501	8426	6	917630	0	0	0	nan	0	0	0	0.065769	0.000367	0.065769	0.000367	1.188988	0.006635
286	U	7051	657673	509325	0.013844	136332	272	657673	725	922010	681162	0.001064	8430	6	921377	0	0	0	nan	0	0	0	0.012779	0.000170	0.012779	0.000170	0.231022	0.003073
287	G	2685	657673	506984	0.005296	135632	282	657673	540	930946	682527	0.000791	8431	7	930314	0	0	0	nan	0	0	0	0.004505	0.000108	0.004505	0.000108	0.081442	0.001952
288	U	5923	657673	513709	0.011530	135096	284	657673	1537	934338	706684	0.002175	8427	10	933703	0	0	0	nan	0	0	0	0.009355	0.000160	0.009355	0.000160	0.169122	0.002893
289	C	9766	657673	509308	0.019175	134553	284	657673	506	940856	705927	0.000717	8428	10	940223	0	0	0	nan	0	0	0	0.018458	0.000197	0.018458	0.000197	0.333688	0.003561
290	A	29031	657673	517596	0.056088	133683	284	657673	469	946788	693418	0.000676	8426	10	946155	0	0	0	nan	0	0	0	0.055412	0.000331	0.055412	0.000331	1.001752	0.005984
291	U	4433	657673	518882	0.008543	133172	291	657673	821	954049	682320	0.001203	8426	10	953417	0	0	0	nan	0	0	0	0.007340	0.000135	0.007340	0.000135	0.132694	0.002441
292	C	10640	657673	506520	0.021006	132653	291	657673	508	960911	671553	0.000756	8430	10	960282	0	0	0	nan	0	0	0	0.020250	0.000206	0.020250	0.000206	0.366084	0.003724
293	A	17963	657673	487951	0.036813	131915	292	657673	366	967779	649251	0.000564	8434	10	967150	0	0	0	nan	0	0	0	0.036249	0.000276	0.036249	0.000276	0.655318	0.004990
294	U	5685	657673	485783	0.011703	131218	295	657673	1408	971824	652866	0.002157	8435	10	971195	0	0	0	nan	0	0	0	0.009546	0.000166	0.009546	0.000166	0.172575	0.003001
295	C	14759	657673	479396	0.030787	129698	296	657673	1501	975525	655820	0.002289	8441	10	974898	0	0	0	nan	0	0	0	0.028498	0.000260	0.028498	0.000260	0.515194	0.004700
296	C	11326	657673	520231	0.021771	127422	297	657673	530	863283	675754	0.000784	8446	10	862666	0	0	0	nan	0	0	0	0.020987	0.000207	0.020987	0.000207	0.379408	0.003742
297	C	18651	657673	528312	0.035303	124094	300	657673	1017	867863	708467	0.001435	8447	12	867252	0	0	0	nan	0	0	0	0.033868	0.000262	0.033868	0.000262	0.612274	0.004737
298	G	2756	657673	512973	0.005373	120900	303	657673	602	871310	719118	0.000837	8451	12	870697	0	0	0	nan	0	0	0	0.004535	0.000108	0.004535	0.000108	0.081985	0.001952
299	U	5824	657673	482574	0.012069	117169	302	657673	454	873584	704189	0.000645	8451	13	872968	0	0	0	nan	0	0	0	0.011424	0.000161	0.011424	0.000161	0.206526	0.002911
300	A	35944	657673	472045	0.076145	113212	302	657673	363	875398	674287	0.000538	8449	14	874782	0	0	0	nan	0	0	0	0.075607	0.000403	0.075607	0.000403	1.366842	0.007286
301	U	7414	657673	483843	0.015323	110151	305	657673	441	876708	693498	0.000636	8454	16	876092	0	0	0	nan	0	0	0	0.014687	0.000181	0.014687	0.000181	0.265515	0.003272
302	G	4737	657673	471499	0.010047	107227	304	657673	510	878197	661766	0.000771	8455	16	877579	0	0	0	nan	0	0	0	0.009276	0.000150	0.009276	0.000150	0.167694	0.002712
303	A	39056	657673	476658	0.081937	100917	304	657673	4794	880078	667883	0.007178	8456	17	879459	0	0	0	nan	0	0	0	0.074759	0.000427	0.074759	0.000427	1.351512	0.007719
304	A	25921	657673	485277	0.053415	96281	305	657673	333	883534	679773	0.000490	8458	17	882916	0	0	0	nan	0	0	0	0.052925	0.000333	0.052925	0.000333	0.956791	0.006020
305	G	3324	657673	488332	0.006807	91523	306	657673	914	887140	698597	0.001308	8459	18	886523	0	0	0	nan	0	0	0	0.005499	0.000126	0.005499	0.000126	0.099412	0.002278
306	G	1904	657673	450476	0.004227	86351	306	657673	685	890279	646128	0.001060	8465	18	889664	0	0	0	nan	0	0	0	0.003166	0.000105	0.003166	0.000105	0.057236	0.001898
307	U	3540	657673	435520	0.008128	78275	306	657673	1064	892722	614976	0.001730	8465	18	892111	0	0	0	nan	0	0	0	0.006398	0.000147	0.006398	0.000147	0.115665	0.002658
308	C	8669	657673	395573	0.021915	73907	307	657673	379	897478	552960	0.000685	8469	18	896865	0	0	0	nan	0	0	0	0.021230	0.000238	0.021230	0.000238	0.383801	0.004303
309	U	3314	657673	398811	0.008310	70748	308	657673	391	902062	551574	0.000709	8446	19	901453	0	0	0	nan	0	0	0	0.007601	0.000149	0.007601	0.000149	0.137413	0.002694
310	G	1803	657673	348713	0.005170	67336	308	657673	742	905994	464955	0.001596	8445	19	905390	0	0	0	nan	0	0	0	0.003575	0.000135	0.003575	0.000135	0.064630	0.002441
311	A	25122	657673	355487	0.070669	65649	308	657673	285	910913	451687	0.000631	8445	20	910310	0	0	0	nan	0	0	0	0.070038	0.000447	0.070038	0.000447	1.266164	0.008081
312	G	4353	657673	348263	0.012499	64679	312	657673	3815	921009	432709	0.008817	8454	20	920406	0	0	0	nan	0	0	0	0.003683	0.000237	0.003683	0.000237	0.066582	0.004285
313	C	10629	657673	393261	0.027028	63873	312	657673	1078	932448	480330	0.002244	8469	27	931846	0	0	0	nan	0	0	0	0.024784	0.000271	0.024784	0.000271	0.448051	0.004899
314	G	5212	657673	413346	0.012609	63240	313	657673	947	944303	529997	0.001787	8475	29	943701	0	0	0	nan	0	0	0	0.010822	0.000184	0.010822	0.000184	0.195643	0.003326
315	G	5165	657673	443351	0.011650	62709	313	657673	3274	960056	590052	0.005549	8479	33	959458	0	0	0	nan	0	0	0	0.006101	0.000189	0.006101	0.000189	0.110295	0.003417
316	C	12829	657673	498207	0.025750	62291	314	657673	2317	976439	727164	0.003186	8485	33	975843	0	0	0	nan	0	0	0	0.022564	0.000237	0.022564	0.000237	0.407918	0.004285
317	G	2186	657673	522249	0.004186	61734	314	657673	814	987185	779943	0.001044	8485	33	986591	0	0	0	nan	0	0	0	0.003142	0.000097	0.003142	0.000097	0.056802	0.001754
318	A	28340	657673	533917	0.053079	61181	314	657673	576	993403	826531	0.000697	8486	34	992818	0	0	0	nan	0	0	0	0.052383	0.000317	0.052383	0.000317	0.946993	0.005731
319	C	20863	657673	531327	0.039266	60440	315	657673	527	997846	812266	0.000649	8485	36	997265	0	0	0	nan	0	0	0	0.038617	0.000273	0.038617	0.000273	0.698128	0.004935
320	C	34624	657673	521157	0.066437	59774	315	657673	2709	1001082	796599	0.003401	8490	36	1000508	0	0	0	nan	0	0	0	0.063036	0.000363	0.063036	0.000363	1.139580	0.006562
321	A	7089	657673	501371	0.014139	58976	315	657673	582	1003698	751072	0.000775	8494	36	1003130	0	0	0	nan	0	0	0	0.013364	0.000171	0.013364	0.000171	0.241598	0.003091
322	A	25681	657673	511720	0.050186	58036	315	657673	374	1006089	733989	0.000510	8494	36	1005529	0	0	0	nan	0	0	0	0.049676	0.000314	0.049676	0.000314	0.898055	0.005677
323	A	32679	657673	518677	0.063005	57417	315	657673	352	1008358	720952	0.000488	8495	37	1007803	0	0	0	nan	0	0	0	0.062516	0.000349	0.062516	0.000349	1.130180	0.006309
324	U	7429	657673	531967	0.013965	56821	315	657673	419	1010840	771660	0.000543	8511	41	1010291	0	0	0	nan	0	0	0	0.013422	0.000164	0.013422	0.000164	0.242646	0.002965
325	G	5284	657673	519105	0.010179	56363	315	657673	1770	1014735	787200	0.002248	8518	42	1014189	0	0	0	nan	0	0	0	0.007931	0.000150	0.007931	0.000150	0.143379	0.002712
326	G	3752	657673	526109	0.007132	55916	315	657673	1539	1019567	826480	0.001862	8521	42	1019026	0	0	0	nan	0	0	0	0.005269	0.000126	0.005269	0.000126	0.095254	0.002278
327	G	5147	657673	514891	0.009996	55550	315	657673	3334	1024483	818147	0.004075	8535	43	1023943	0	0	0	nan	0	0	0	0.005921	0.000156	0.005921	0.000156	0.107041	0.002820
328	C	18452	657673	536630	0.034385	55085	315	657673	4284	1028640	834452	0.005134	8543	48	1028106	0	0	0	nan	0	0	0	0.029251	0.000265	0.029251	0.000265	0.528807	0.004791
329	C	16240	657673	547163	0.029680	54506	315	657673	709	1032456	846945	0.000837	8631	49	1031927	0	0	0	nan	0	0	0	0.028843	0.000235	0.028843	0.000235	0.521431	0.004248
330	A	22025	657673	557746	0.039489	54051	315	657673	491	1034771	857758	0.000572	8628	51	1034244	0	0	0	nan	0	0	0	0.038917	0.000267	0.038917	0.000267	0.703551	0.004827
331	G	2121	657673	548085	0.003870	53808	315	657673	690	1036458	834862	0.000826	8633	51	1035933	0	0	0	nan	0	0	0	0.003043	0.000090	0.003043	0.000090	0.055012	0.001627
332	A	18428	657673	522949	0.035239	53602	315	657673	446	1037921	789360	0.000565	8634	51	1037398	0	0	0	nan	0	0	0	0.034674	0.000261	0.034674	0.000261	0.626845	0.004718
333	U	3783	657673	505589	0.007482	53478	316	657673	1818	1040238	778560	0.002335	8636	51	1039716	0	0	0	nan	0	0	0	0.005147	0.000133	0.005147	0.000133	0.093049	0.002404
334	C	20668	657673	521868	0.039604	53320	315	657673	2549	1043601	807409	0.003157	8637	53	1043080	0	0	0	nan	0	0	0	0.036447	0.000282	0.036447	0.000282	0.658898	0.005098
335	G	90588	657673	550804	0.164465	53110	315	657673	74207	1047176	872048	0.085095	8634	54	1046657	0	0	0	nan	0	0	0	0.079370	0.000629	nan	nan	nan	nan
336	A	26501	657673	531594	0.049852	52914	316	657673	2809	1055493	899834	0.003122	9235	70	1054971	0	0	0	nan	0	0	0	0.046730	0.000312	0.046730	0.000312	0.844796	0.005640
337	A	39162	657673	565949	0.069197	45599	316	657673	527	1060269	907740	0.000581	8049	72	1059989	0	0	0	nan	0	0	0	0.068616	0.000351	0.068616	0.000351	1.240457	0.006345
338	A	10446	657673	581473	0.017965	45241	317	657673	384	1063165	922621	0.000416	8049	73	1062887	0	0	0	nan	0	0	0	0.017549	0.000177	0.017549	0.000177	0.317255	0.003200
339	A	4180	657673	573534	0.007288	44807	317	657673	294	1064432	916392	0.000321	8053	73	1064158	0	0	0	nan	0	0	0	0.006967	0.000114	0.006967	0.000114	0.125951	0.002061
340	A	10758	657673	565345	0.019029	43568	317	657673	328	1065582	915367	0.000358	8058	74	1065311	0	0	0	nan	0	0	0	0.018671	0.000185	0.018671	0.000185	0.337539	0.003344
341	A	41325	657673	552615	0.074781	43180	317	657673	1998	1066707	885365	0.002257	8048	79	1066450	0	0	0	nan	0	0	0	0.072524	0.000371	0.072524	0.000371	1.311107	0.006707
342	U	17401	657673	538283	0.032327	42817	317	657673	3424	1067873	881253	0.003885	8041	91	1067623	0	0	0	nan	0	0	0	0.028441	0.000254	0.028441	0.000254	0.514163	0.004592
343	U	8828	657673	535863	0.016474	42325	317	657673	1072	1069029	871326	0.001230	8029	100	1068788	0	0	0	nan	0	0	0	0.015244	0.000179	0.015244	0.000179	0.275585	0.003236
344	U	8307	657673	558091	0.014885	42043	317	657673	597	1069900	912566	0.000654	8033	108	1069663	0	0	0	nan	0	0	0	0.014230	0.000165	0.014230	0.000165	0.257253	0.002983
345	U	8232	657673	563576	0.014607	41676	317	657673	501	1071140	930396	0.000538	8029	114	1070909	0	0	0	nan	0	0	0	0.014068	0.000163	0.014068	0.000163	0.254325	0.002947
346	U	8236	657673	568560	0.014486	41532	318	657673	455	1071979	932486	0.000488	8033	118	1071755	0	0	0	nan	0	0	0	0.013998	0.000161	0.013998	0.000161	0.253059	0.002911
347	A	44693	657673	579840	0.077078	41230	318	657673	978	1072949	931873	0.001049	8034	119	1072726	0	0	0	nan	0	0	0	0.076029	0.000366	0.076029	0.000366	1.374471	0.006617
348	A	37330	657673	593764	0.062870	40830	318	657673	1096	1073998	918980	0.001193	8021	124	1073780	0	0	0	nan	0	0	0	0.061677	0.000327	0.061677	0.000327	1.115012	0.005912
349	G	6220	657673	598320	0.010396	40546	318	657673	2108	1074527	947695	0.002224	8012	127	1074310	0	0	0	nan	0	0	0	0.008171	0.000140	0.008171	0.000140	0.147717	0.002531
350	G	4467	657673	575891	0.007757	40025	318	657673	848	1075121	880186	0.000963	8024	129	1074910	0	0	0	nan	0	0	0	0.006793	0.000121	0.006793	0.000121	0.122806	0.002187
351	U	11631	657673	566469	0.020532	38949	318	657673	648	1075680	848208	0.000764	8018	132	1075477	0	0	0	nan	0	0	0	0.019768	0.000193	0.019768	0.000193	0.357371	0.003489
352	G	4585	657673	563240	0.008140	38497	318	657673	2653	1076730	840771	0.003155	8019	137	1076529	0	0	0	nan	0	0	0	0.004985	0.000135	0.004985	0.000135	0.090120	0.002441
353	G	3120	657673	579451	0.005384	37921	318	657673	947	1078688	873239	0.001084	8018	140	1078495	0	0	0	nan	0	0	0	0.004300	0.000103	0.004300	0.000103	0.077736	0.001862
354	U	4514	657673	607610	0.007429	37647	318	657673	1186	1080818	945599	0.001254	8018	145	1080625	0	0	0	nan	0	0	0	0.006175	0.000116	0.006175	0.000116	0.111633	0.002097
355	G	1989	657673	601629	0.003306	37496	318	657673	636	1082675	942729	0.000675	8018	150	1082484	0	0	0	nan	0	0	0	0.002631	0.000079	0.002631	0.000079	0.047564	0.001428
356	U	6029	657673	598631	0.010071	37123	320	657673	1028	1084773	950089	0.001082	8019	150	1084582	0	0	0	nan	0	0	0	0.008989	0.000134	0.008989	0.000134	0.162505	0.002422
357	A	20237	657673	585720	0.034551	36987	321	657673	539	1087017	936579	0.000575	8019	151	1086828	0	0	0	nan	0	0	0	0.033975	0.000244	0.033975	0.000244	0.614208	0.004411
358	C	12817	657673	586429	0.021856	36849	321	657673	1389	1088901	934248	0.001487	8018	161	1088713	0	0	0	nan	0	0	0	0.020369	0.000197	0.020369	0.000197	0.368236	0.003561
359	C	17234	657673	586468	0.029386	36607	321	657673	1070	1091155	934711	0.001145	8021	163	1090970	0	0	0	nan	0	0	0	0.028241	0.000227	0.028241	0.000227	0.510548	0.004104
360	C	32310	657673	592062	0.054572	36509	321	657673	1078	1092815	932733	0.001156	8027	164	1092632	0	0	0	nan	0	0	0	0.053416	0.000306	0.053416	0.000306	0.965668	0.005532
361	U	5035	657673	606299	0.008304	36456	321	657673	1080	1094329	964299	0.001120	8030	166	1094147	0	0	0	nan	0	0	0	0.007184	0.000122	0.007184	0.000122	0.129874	0.002206
362	G	4617	657673	608844	0.007583	36405	321	657673	894	1096136	961925	0.000929	8036	175	1095957	0	0	0	nan	0	0	0	0.006654	0.000116	0.006654	0.000116	0.120293	0.002097
363	U	4471	657673	611706	0.007309	36283	322	657673	1187	1097433	989838	0.001199	8044	176	1097255	0	0	0	nan	0	0	0	0.006110	0.000115	0.006110	0.000115	0.110458	0.002079
364	G	2762	657673	608328	0.004540	36189	322	657673	1014	1098962	986031	0.001028	8048	176	1098785	0	0	0	nan	0	0	0	0.003512	0.000092	0.003512	0.000092	0.063491	0.001663
365	G	3122	657673	603449	0.005174	36012	322	657673	1152	1100448	992850	0.001160	8050	176	1100273	0	0	0	nan	0	0	0	0.004013	0.000099	0.004013	0.000099	0.072548	0.001790
366	A	14809	657673	603256	0.024548	35750	322	657673	637	1101823	975302	0.000653	8051	176	1101648	0	0	0	nan	0	0	0	0.023895	0.000203	0.023895	0.000203	0.431980	0.003670
367	U	5268	657673	604520	0.008714	35615	322	657673	912	1102550	964126	0.000946	8054	178	1102378	0	0	0	nan	0	0	0	0.007768	0.000124	0.007768	0.000124	0.140432	0.002242
368	G	2275	657673	595564	0.003820	35513	322	657673	888	1103744	960719	0.000924	8055	181	1103575	0	0	0	nan	0	0	0	0.002896	0.000086	0.002896	0.000086	0.052355	0.001555
369	A	14379	657673	580179	0.024784	35330	322	657673	739	1104791	953608	0.000775	8077	181	1104623	0	0	0	nan	0	0	0	0.024009	0.000209	0.024009	0.000209	0.434041	0.003778
370	U	3436	657673	571453	0.006013	35235	322	657673	1118	1105613	939697	0.001190	8082	182	1105449	0	0	0	nan	0	0	0	0.004823	0.000109	0.004823	0.000109	0.087191	0.001971
371	C	20557	657673	580518	0.035411	35170	322	657673	879	1107429	957657	0.000918	8083	183	1107265	0	0	0	nan	0	0	0	0.034494	0.000249	0.034494	0.000249	0.623591	0.004501
372	A	3319	657673	570470	0.005818	35119	322	657673	677	1109369	921318	0.000735	8103	189	1109205	0	0	0	nan	0	0	0	0.005083	0.000105	0.005083	0.000105	0.091892	0.001898
373	U	2606	657673	574479	0.004536	35033	322	657673	1115	1110267	940843	0.001185	8105	192	1110107	0	0	0	nan	0	0	0	0.003351	0.000096	0.003351	0.000096	0.060580	0.001736
374	C	8210	657673	563697	0.014565	34961	322	657673	830	1112105	948053	0.000875	8112	192	1111947	0	0	0	nan	0	0	0	0.013689	0.000164	0.013689	0.000164	0.247473	0.002965
375	A	34869	657673	596534	0.058453	34818	322	657673	532	1114064	1032915	0.000515	8116	194	1113907	0	0	0	nan	0	0	0	0.057938	0.000314	0.057938	0.000314	1.047417	0.005677
376	C	62895	657673	575334	0.109319	34734	322	657673	7582	1115146	1006875	0.007530	8169	197	1114981	0	0	0	nan	0	0	0	0.101789	0.000444	0.101789	0.000444	1.840167	0.008027
377	U	12670	657673	569437	0.022250	34685	322	657673	2355	1115892	990453	0.002378	8310	200	1115719	0	0	0	nan	0	0	0	0.019872	0.000204	0.019872	0.000204	0.359251	0.003688
378	U	10640	657673	569479	0.018684	34546	322	657673	599	1117619	977081	0.000613	8480	201	1117430	0	0	0	nan	0	0	0	0.018071	0.000183	0.018071	0.000183	0.326692	0.003308
379	U	9417	657673	567698	0.016588	34371	322	657673	505	1118583	989230	0.000510	8639	205	1118378	0	0	0	nan	0	0	0	0.016078	0.000172	0.016078	0.000172	0.290662	0.003109
380	A	48197	657673	584452	0.082465	33661	320	657673	1584	1119216	999274	0.001585	9105	212	1118975	0	0	0	nan	0	0	0	0.080880	0.000378	0.080880	0.000378	1.462169	0.006834
381	A	29263	657673	609130	0.048041	33513	320	657673	638	1120784	1017417	0.000627	11315	226	1120339	0	0	0	nan	0	0	0	0.047414	0.000282	0.047414	0.000282	0.857162	0.005098
382	G	4812	657673	622094	0.007735	33456	320	657673	2558	1121576	1039381	0.002461	11320	235	1121136	0	0	0	nan	0	0	0	0.005274	0.000122	0.005274	0.000122	0.095345	0.002206
383	G	2811	657673	625249	0.004496	33300	320	657673	1071	1122129	1039056	0.001031	11328	237	1121689	0	0	0	nan	0	0	0	0.003465	0.000090	0.003465	0.000090	0.062641	0.001627
384	U	2410	657673	626212	0.003849	33193	320	657673	883	1122744	1050043	0.000841	11329	239	1122305	0	0	0	nan	0	0	0	0.003008	0.000083	0.003008	0.000083	0.054379	0.001500
385	G	1555	657673	614933	0.002529	33063	320	657673	1308	1123527	1031407	0.001268	11326	239	1123091	0	0	0	nan	0	0	0	0.001261	0.000073	0.001261	0.000073	0.022797	0.001320
386	A	9133	657673	603761	0.015127	33000	320	657673	494	1124015	1000895	0.000494	11326	242	1123579	0	0	0	nan	0	0	0	0.014633	0.000160	0.014633	0.000160	0.264539	0.002893
387	U	3861	657673	599247	0.006443	32876	320	657673	2005	1124583	986972	0.002031	11329	248	1124148	0	0	0	nan	0	0	0	0.004412	0.000113	0.004412	0.000113	0.079761	0.002043
388	C	13877	657673	598046	0.023204	32792	320	657673	1507	1125059	993713	0.001517	11331	254	1124630	0	0	0	nan	0	0	0	0.021687	0.000201	0.021687	0.000201	0.392063	0.003634
389	C	45668	657673	603359	0.075690	32701	322	657673	806	1125782	1026767	0.000785	11336	266	1125354	0	0	0	nan	0	0	0	0.074905	0.000355	0.074905	0.000355	1.354151	0.006418
390	U	4492	657673	604012	0.007437	32644	322	657673	953	1126269	1031033	0.000924	11335	267	1125841	0	0	0	nan	0	0	0	0.006513	0.000115	0.006513	0.000115	0.117744	0.002079
391	G	4804	657673	596346	0.008056	32597	322	657673	3256	1127025	1031703	0.003156	11338	270	1126597	0	0	0	nan	0	0	0	0.004900	0.000129	0.004900	0.000129	0.088583	0.002332
392	C	20553	657673	594264	0.034586	32539	322	657673	1528	1127881	1036436	0.001474	11342	275	1127453	0	0	0	nan	0	0	0	0.033111	0.000244	0.033111	0.000244	0.598589	0.004411
393	A	31308	657673	598224	0.052335	32492	322	657673	738	1128810	1052409	0.000701	11343	277	1128385	0	0	0	nan	0	0	0	0.051634	0.000297	0.051634	0.000297	0.933452	0.005369
394	C	42223	657673	601535	0.070192	32399	322	657673	510	1129728	1044818	0.000488	11337	281	1129304	0	0	0	nan	0	0	0	0.069704	0.000342	0.069704	0.000342	1.260126	0.006183
395	U	9472	657673	592881	0.015976	32354	322	657673	529	1130238	1043989	0.000507	11343	281	1129817	0	0	0	nan	0	0	0	0.015470	0.000166	0.015470	0.000166	0.279670	0.003001
396	A	38334	657673	608208	0.063028	32133	322	657673	760	1130711	1043747	0.000728	11345	284	1130293	0	0	0	nan	0	0	0	0.062300	0.000323	0.062300	0.000323	1.126275	0.005839
397	U	8343	657673	613501	0.013599	32104	322	657673	857	1131123	1059981	0.000809	11352	286	1130707	0	0	0	nan	0	0	0	0.012790	0.000151	0.012790	0.000151	0.231221	0.002730
398	G	3556	657673	615276	0.005780	32030	322	657673	1309	1131379	1060235	0.001235	11351	294	1130965	0	0	0	nan	0	0	0	0.004545	0.000103	0.004545	0.000103	0.082166	0.001862
399	G	6378	657673	600700	0.010618	31904	322	657673	4056	1131708	1053346	0.003851	11351	295	1131296	0	0	0	nan	0	0	0	0.006767	0.000146	0.006767	0.000146	0.122335	0.002639
400	C	12195	657673	583978	0.020883	31869	322	657673	2235	1132470	1059245	0.002110	11353	298	1132059	0	0	0	nan	0	0	0	0.018773	0.000194	0.018773	0.000194	0.339383	0.003507
401	A	26352	657673	596661	0.044166	31720	322	657673	931	1133043	1055580	0.000882	11349	308	1132633	0	0	0	nan	0	0	0	0.043284	0.000274	0.043284	0.000274	0.782499	0.004953
402	C	42774	657673	602528	0.070991	31650	322	657673	562	1133550	1061308	0.000530	11350	313	1133143	0	0	0	nan	0	0	0	0.070461	0.000344	0.070461	0.000344	1.273811	0.006219
403	A	25482	657673	600229	0.042454	31438	322	657673	525	1134092	1035427	0.000507	11289	316	1133685	0	0	0	nan	0	0	0	0.041947	0.000267	0.041947	0.000267	0.758328	0.004827
404	C	33998	657673	598773	0.056779	31377	322	657673	714	1134443	1017983	0.000701	11294	322	1134037	0	0	0	nan	0	0	0	0.056078	0.000309	0.056078	0.000309	1.013792	0.005586
405	U	7737	657673	600202	0.012891	31326	322	657673	930	1134862	1002643	0.000928	11294	325	1134459	0	0	0	nan	0	0	0	0.011963	0.000150	0.011963	0.000150	0.216270	0.002712
406	G	5598	657673	608666	0.009197	31211	322	657673	2030	1135389	1031984	0.001967	11268	325	1134991	0	0	0	nan	0	0	0	0.007230	0.000130	0.007230	0.000130	0.130706	0.002350
407	G	3376	657673	610488	0.005530	30988	322	657673	901	1136444	1032061	0.000873	11264	330	1136049	0	0	0	nan	0	0	0	0.004657	0.000100	0.004657	0.000100	0.084190	0.001808
408	U	7204	657673	608360	0.011842	30876	322	657673	1043	1136847	1045885	0.000997	11265	332	1136463	0	0	0	nan	0	0	0	0.010844	0.000143	0.010844	0.000143	0.196041	0.002585
409	A	38039	657673	605303	0.062843	30755	322	657673	837	1137854	1024358	0.000817	11265	333	1137480	0	0	0	nan	0	0	0	0.062026	0.000323	0.062026	0.000323	1.121321	0.005839
410	A	29033	657673	606669	0.047856	30460	322	657673	615	1138258	1012441	0.000607	11179	337	1138066	0	0	0	nan	0	0	0	0.047249	0.000282	0.047249	0.000282	0.854179	0.005098
411	U	5724	657673	607141	0.009428	30359	322	657673	906	1138740	1020075	0.000888	11179	343	1138556	0	0	0	nan	0	0	0	0.008540	0.000128	0.008540	0.000128	0.154388	0.002314
412	C	19433	657673	607863	0.031969	30330	322	657673	757	1139430	1043614	0.000725	11179	344	1139265	0	0	0	nan	0	0	0	0.031244	0.000231	0.031244	0.000231	0.564837	0.004176
413	G	2925	657673	621275	0.004708	30285	322	657673	1161	1140256	1094110	0.001061	11179	345	1140109	0	0	0	nan	0	0	0	0.003647	0.000092	0.003647	0.000092	0.065931	0.001663
414	A	28486	657673	629885	0.045224	30018	322	657673	535	1140633	1088200	0.000492	11121	345	1140493	0	0	0	nan	0	0	0	0.044732	0.000269	0.044732	0.000269	0.808676	0.004863
415	C	17924	657673	632268	0.028349	29961	322	657673	706	1141290	1081795	0.000653	11121	345	1141159	0	0	0	nan	0	0	0	0.027696	0.000213	0.027696	0.000213	0.500695	0.003851
416	G	6744	657673	634566	0.010628	29912	322	657673	2456	1142093	1078202	0.002278	11122	349	1141970	0	0	0	nan	0	0	0	0.008350	0.000137	0.008350	0.000137	0.150953	0.002477
417	G	3252	657673	634620	0.005124	29692	322	657673	1650	1142729	1069537	0.001543	11122	350	1142609	0	0	0	nan	0	0	0	0.003582	0.000098	0.003582	0.000098	0.064756	0.001772
418	G	2027	657673	632885	0.003203	29569	322	657673	1464	1143104	1055484	0.001387	11123	351	1142988	0	0	0	nan	0	0	0	0.001816	0.000080	0.001816	0.000080	0.032830	0.001446
419	G	4178	657673	621206	0.006726	29338	322	657673	1441	1143484	1011493	0.001425	11124	351	1143376	0	0	0	nan	0	0	0	0.005301	0.000111	0.005301	0.000111	0.095833	0.002007
420	U	6020	657673	584671	0.010296	29248	322	657673	917	1143877	910292	0.001007	11123	351	1143777	0	0	0	nan	0	0	0	0.009289	0.000137	0.009289	0.000137	0.167929	0.002477
421	U	7467	657673	583283	0.012802	28851	322	657673	667	1144352	912648	0.000731	11121	351	1144255	0	0	0	nan	0	0	0	0.012071	0.000151	0.012071	0.000151	0.218223	0.002730
422	A	23875	657673	590965	0.040400	28784	322	657673	397	1146960	943052	0.000421	11121	351	1146866	0	0	0	nan	0	0	0	0.039979	0.000262	0.039979	0.000262	0.722750	0.004737
423	C	17394	657673	626163	0.027779	28713	322	657673	634	1149403	1070556	0.000592	11121	351	1149313	0	0	0	nan	0	0	0	0.027186	0.000212	0.027186	0.000212	0.491475	0.003833
424	G	5186	657673	622388	0.008332	28532	322	657673	4364	1151299	1057776	0.004126	11122	351	1151223	0	0	0	nan	0	0	0	0.004207	0.000131	0.004207	0.000131	0.076055	0.002368
425	C	14918	657673	614552	0.024275	28382	322	657673	3514	1152437	1032762	0.003403	11122	351	1152367	0	0	0	nan	0	0	0	0.020872	0.000207	0.020872	0.000207	0.377329	0.003742
426	C	10455	657673	620231	0.016857	28044	322	657673	1165	1154547	1039180	0.001121	11118	352	1154485	0	0	0	nan	0	0	0	0.015736	0.000168	0.015736	0.000168	0.284479	0.003037
427	G	1426	657673	617614	0.002309	28012	322	657673	931	1155399	1046995	0.000889	11118	352	1155347	0	0	0	nan	0	0	0	0.001420	0.000068	0.001420	0.000068	0.025671	0.001229
428	A	13907	657673	622445	0.022343	27957	322	657673	552	1156289	1077945	0.000512	11118	352	1156242	0	0	0	nan	0	0	0	0.021830	0.000191	0.021830	0.000191	0.394648	0.003453
429	A	34571	657673	626729	0.055161	27676	322	657673	465	1157445	1091755	0.000426	11118	353	1157401	0	0	0	nan	0	0	0	0.054735	0.000297	0.054735	0.000297	0.989513	0.005369
430	C	56169	657673	638315	0.087996	27121	322	657673	551	1158326	1119576	0.000492	11115	353	1158286	0	0	0	nan	0	0	0	0.087504	0.000372	0.087504	0.000372	1.581919	0.006725
431	A	36500	657673	646638	0.056446	27016	322	657673	889	1158325	1100880	0.000808	11115	353	1158286	0	0	0	nan	0	0	0	0.055638	0.000297	0.055638	0.000297	1.005837	0.005369
432	U	0	657673	646263	0.000000	26965	322	657673	0	1158325	1098727	0.000000	11115	353	1158286	0	0	0	nan	0	0	0	0.000000	0.000000	0.000000	0.000000	0.000000	0.000000
433	g	0	657673	0	nan	26619	322	657673	0	1158322	0	nan	11115	353	1158286	0	0	0	nan	0	0	0	nan	nan	nan	nan	nan	nan
434	a	0	657673	0	nan	26605	322	657673	0	1158316	0	nan	11115	353	1158286	0	0	0	nan	0	0	0	nan	nan	nan	nan	nan	nan
435	u	0	657673	0	nan	26351	322	657673	0	1158313	0	nan	11114	353	1158286	0	0	0	nan	0	0	0	nan	nan	nan	nan	nan	nan
436	c	0	657673	0	nan	26019	322	657673	0	1158308	0	nan	11114	353	1158286	0	0	0	nan	0	0	0	nan	nan	nan	nan	nan	nan
437	g	0	657673	0	nan	25380	322	657673	0	1158307	0	nan	11111	353	1158286	0	0	0	nan	0	0	0	nan	nan	nan	nan	nan	nan
438	a	0	657673	0	nan	25148	322	657673	0	1158302	0	nan	11111	353	1158286	0	0	0	nan	0	0	0	nan	nan	nan	nan	nan	nan
439	c	0	657673	0	nan	24328	321	657673	0	1158294	0	nan	11108	353	1158286	0	0	0	nan	0	0	0	nan	nan	nan	nan	nan	nan
440	u	0	657673	0	nan	23833	321	657673	0	1158291	0	nan	11107	353	1158286	0	0	0	nan	0	0	0	nan	nan	nan	nan	nan	nan
441	a	0	657673	0	nan	23331	321	657673	0	1158290	0	nan	11101	353	1158286	0	0	0	nan	0	0	0	nan	nan	nan	nan	nan	nan
442	u	0	657673	0	nan	23166	320	657673	0	1158286	0	nan	11100	353	1158286	0	0	0	nan	0	0	0	nan	nan	nan	nan	nan	nan
443	u	0	657445	0	nan	23156	320	657445	0	1158280	0	nan	11100	353	1158280	0	0	0	nan	0	0	0	nan	nan	nan	nan	nan	nan
444	u	0	656886	0	nan	23153	320	656886	0	1158263	0	nan	11100	353	1158263	0	0	0	nan	0	0	0	nan	nan	nan	nan	nan	nan
445	c	0	656873	0	nan	23151	320	656873	0	1158254	0	nan	11100	353	1158254	0	0	0	nan	0	0	0	nan	nan	nan	nan	nan	nan
446	g	0	656857	0	nan	23150	320	656857	0	1158239	0	nan	11100	353	1158239	0	0	0	nan	0	0	0	nan	nan	nan	nan	nan	nan
447	g	0	655521	0	nan	23146	320	655521	0	1158217	0	nan	11100	353	1158217	0	0	0	nan	0	0	0	nan	nan	nan	nan	nan	nan
448	a	0	655492	0	nan	23143	320	655492	0	1158179	0	nan	11100	353	1158179	0	0	0	nan	0	0	0	nan	nan	nan	nan	nan	nan
449	c	0	655458	0	nan	23141	320	655458	0	1158156	0	nan	11100	353	1158156	0	0	0	nan	0	0	0	nan	nan	nan	nan	nan	nan
450	g	0	655392	0	nan	23139	320	655392	0	1158106	0	nan	11100	353	1158106	0	0	0	nan	0	0	0	nan	nan	nan	nan	nan	nan
451	g	0	653419	0	nan	23078	319	653419	0	1156906	0	nan	11047	350	1156906	0	0	0	nan	0	0	0	nan	nan	nan	nan	nan	nan
452	c	0	649317	0	nan	22934	319	649317	0	1151916	0	nan	11007	346	1151916	0	0	0	nan	0	0	0	nan	nan	nan	nan	nan	nan