Nucleotide	Sequence	Modified_mutations	Modified_read_depth	Modified_effective_depth	Modified_rate	Modified_off_target_mapped_depth	Modified_low_mapq_mapped_depth	Modified_primer_pair_1_mapped_depth	Untreated_mutations	Untreated_read_depth	Untreated_effective_depth	Untreated_rate	Untreated_off_target_mapped_depth	Untreated_low_mapq_mapped_depth	Untreated_primer_pair_1_mapped_depth	Denatured_mutations	Denatured_read_depth	Denatured_effective_depth	Denatured_rate	Denatured_off_target_mapped_depth	Denatured_low_mapq_mapped_depth	Denatured_primer_pair_1_mapped_depth	Reactivity_profile	Std_err	HQ_profile	HQ_stderr	Norm_profile	Norm_stderr
1	c	0	1047545	0	nan	247156	150	1047545	0	1071284	0	nan	3981	144	1071284	0	0	0	nan	0	0	0	nan	nan	nan	nan	nan	nan
2	c	0	1051534	0	nan	248011	150	1051534	0	1073372	0	nan	3989	145	1073372	0	0	0	nan	0	0	0	nan	nan	nan	nan	nan	nan
3	g	0	1083784	0	nan	254268	150	1083784	0	1103019	0	nan	4098	145	1103019	0	0	0	nan	0	0	0	nan	nan	nan	nan	nan	nan
4	a	0	1084391	0	nan	254354	150	1084391	0	1103379	0	nan	4102	145	1103379	0	0	0	nan	0	0	0	nan	nan	nan	nan	nan	nan
5	g	0	1085080	0	nan	254481	150	1085080	0	1103989	0	nan	4106	145	1103989	0	0	0	nan	0	0	0	nan	nan	nan	nan	nan	nan
6	u	0	1085455	0	nan	254549	150	1085455	0	1104036	0	nan	4106	145	1104036	0	0	0	nan	0	0	0	nan	nan	nan	nan	nan	nan
7	a	0	1085579	0	nan	254562	150	1085579	0	1104077	0	nan	4106	145	1104077	0	0	0	nan	0	0	0	nan	nan	nan	nan	nan	nan
8	a	0	1085828	0	nan	254568	150	1085828	0	1104111	0	nan	4106	145	1104111	0	0	0	nan	0	0	0	nan	nan	nan	nan	nan	nan
9	c	0	1086106	0	nan	254596	150	1086106	0	1104193	0	nan	4106	145	1104193	0	0	0	nan	0	0	0	nan	nan	nan	nan	nan	nan
10	c	0	1086341	0	nan	254600	150	1086341	0	1104205	0	nan	4106	146	1104205	0	0	0	nan	0	0	0	nan	nan	nan	nan	nan	nan
11	a	0	1086543	0	nan	254602	150	1086543	0	1104213	0	nan	4106	146	1104213	0	0	0	nan	0	0	0	nan	nan	nan	nan	nan	nan
12	u	0	1086543	0	nan	254877	150	1086543	0	1104214	0	nan	4109	146	1104213	0	0	0	nan	0	0	0	nan	nan	nan	nan	nan	nan
13	c	0	1086543	0	nan	255194	150	1086543	0	1104215	0	nan	4109	146	1104213	0	0	0	nan	0	0	0	nan	nan	nan	nan	nan	nan
14	a	0	1086543	0	nan	255379	150	1086543	0	1104215	0	nan	4109	146	1104213	0	0	0	nan	0	0	0	nan	nan	nan	nan	nan	nan
15	a	0	1086543	0	nan	255784	150	1086543	0	1104215	0	nan	4114	146	1104213	0	0	0	nan	0	0	0	nan	nan	nan	nan	nan	nan
16	c	0	1086543	0	nan	255972	150	1086543	0	1104215	0	nan	4117	146	1104213	0	0	0	nan	0	0	0	nan	nan	nan	nan	nan	nan
17	g	0	1086543	0	nan	256316	150	1086543	0	1104215	0	nan	4121	146	1104213	0	0	0	nan	0	0	0	nan	nan	nan	nan	nan	nan
18	g	0	1086543	0	nan	256495	150	1086543	0	1104215	0	nan	4131	146	1104213	0	0	0	nan	0	0	0	nan	nan	nan	nan	nan	nan
19	a	0	1086543	0	nan	256619	150	1086543	0	1104224	0	nan	4168	146	1104213	0	0	0	nan	0	0	0	nan	nan	nan	nan	nan	nan
20	g	0	1086543	0	nan	256699	150	1086543	0	1104227	0	nan	4254	146	1104213	0	0	0	nan	0	0	0	nan	nan	nan	nan	nan	nan
21	U	2	1086543	1047731	0.000002	256742	150	1086543	2	1104229	1048485	0.000002	4324	146	1104213	0	0	0	nan	0	0	0	0.000000	0.000002	0.000000	0.000002	0.000000	0.000036
22	G	5689	1086543	1057814	0.005378	256890	150	1086543	1742	1104237	1081007	0.001611	4546	146	1104213	0	0	0	nan	0	0	0	0.003767	0.000081	0.003767	0.000081	0.068051	0.001463
23	A	60424	1086543	1061372	0.056930	256973	150	1086543	1130	1104245	1080579	0.001046	4778	146	1104213	0	0	0	nan	0	0	0	0.055884	0.000234	0.055884	0.000234	1.009551	0.004227
24	C	65000	1086543	1050427	0.061880	257052	150	1086543	1201	1103847	1065311	0.001127	5133	146	1103801	0	0	0	nan	0	0	0	0.060752	0.000245	0.060752	0.000245	1.097492	0.004426
25	C	43479	1086543	1043186	0.041679	257059	150	1086543	1393	1103521	1064054	0.001309	5200	146	1103475	0	0	0	nan	0	0	0	0.040370	0.000203	0.040370	0.000203	0.729289	0.003667
26	G	5728	1086543	1039469	0.005511	256791	150	1086543	2775	1102275	1058287	0.002622	5352	146	1102227	0	0	0	nan	0	0	0	0.002888	0.000088	0.002888	0.000088	0.052172	0.001590
27	G	11377	1086543	1038449	0.010956	251218	67	1086543	8692	1099043	1058911	0.008208	5553	141	1098989	0	0	0	nan	0	0	0	0.002747	0.000135	0.002747	0.000135	0.049625	0.002439
28	C	39308	1086543	1041207	0.037752	249533	33	1086543	4308	1097787	1060666	0.004062	5582	141	1097731	0	0	0	nan	0	0	0	0.033691	0.000200	0.033691	0.000200	0.608632	0.003613
29	U	11998	1086543	1021905	0.011741	249596	32	1086543	1240	1096265	1035884	0.001197	5621	141	1096209	0	0	0	nan	0	0	0	0.010544	0.000112	0.010544	0.000112	0.190479	0.002023
30	G	5100	1086543	1012279	0.005038	248894	29	1086543	2607	1093188	1003649	0.002598	5682	141	1093128	0	0	0	nan	0	0	0	0.002441	0.000087	0.002441	0.000087	0.044097	0.001572
31	G	12865	1086543	1005321	0.012797	248975	13	1086543	11729	1092132	993434	0.011807	5754	141	1092065	0	0	0	nan	0	0	0	0.000990	0.000157	0.000990	0.000157	0.017884	0.002836
32	C	149504	1086543	1019092	0.146703	249273	12	1086543	2532	1091246	1001900	0.002527	5759	141	1091178	0	0	0	nan	0	0	0	0.144176	0.000383	0.144176	0.000383	2.604556	0.006919
33	G	5190	1086543	1047208	0.004956	249859	12	1086543	2499	1090278	1025005	0.002438	5760	140	1090209	0	0	0	nan	0	0	0	0.002518	0.000084	0.002518	0.000084	0.045488	0.001517
34	G	11152	1086543	1049178	0.010629	250414	12	1086543	8184	1089997	1029750	0.007948	5761	139	1089927	0	0	0	nan	0	0	0	0.002682	0.000134	0.002682	0.000134	0.048451	0.002421
35	C	17586	1086543	1049526	0.016756	251045	12	1086543	3790	1089812	1027903	0.003687	5767	139	1089742	0	0	0	nan	0	0	0	0.013069	0.000140	0.013069	0.000140	0.236093	0.002529
36	U	4986	1086543	1057506	0.004715	252412	12	1086543	1472	1089468	1043637	0.001410	5785	139	1089397	0	0	0	nan	0	0	0	0.003304	0.000076	0.003304	0.000076	0.059687	0.001373
37	G	7688	1086543	1061907	0.007240	253231	12	1086543	1934	1089110	1049771	0.001842	5801	139	1089037	0	0	0	nan	0	0	0	0.005397	0.000093	0.005397	0.000093	0.097497	0.001680
38	U	6341	1086543	1062215	0.005970	253929	12	1086543	1852	1088908	1060228	0.001747	5805	139	1088833	0	0	0	nan	0	0	0	0.004223	0.000085	0.004223	0.000085	0.076289	0.001536
39	G	6443	1086543	1049492	0.006139	254207	12	1086543	5120	1088275	1036156	0.004941	5806	139	1088200	0	0	0	nan	0	0	0	0.001198	0.000103	0.001198	0.000103	0.021642	0.001861
40	C	51507	1086543	1046400	0.049223	254336	12	1086543	1591	1087776	1020057	0.001560	5807	139	1087701	0	0	0	nan	0	0	0	0.047663	0.000220	0.047663	0.000220	0.861037	0.003974
41	G	5032	1086543	1033931	0.004867	254540	11	1086543	1538	1087250	1017430	0.001512	5808	139	1087175	0	0	0	nan	0	0	0	0.003355	0.000079	0.003355	0.000079	0.060608	0.001427
42	A	23425	1086543	1031076	0.022719	254490	11	1086543	713	1086982	1041691	0.000684	5808	136	1086906	0	0	0	nan	0	0	0	0.022035	0.000151	0.022035	0.000151	0.398065	0.002728
43	A	39040	1086543	1021910	0.038203	254479	11	1086543	852	1086475	1046026	0.000815	5808	132	1086399	0	0	0	nan	0	0	0	0.037388	0.000195	0.037388	0.000195	0.675418	0.003523
44	C	25930	1086543	1020082	0.025420	254500	11	1086543	739	1086171	1031753	0.000716	5808	132	1086095	0	0	0	nan	0	0	0	0.024703	0.000160	0.024703	0.000160	0.446262	0.002890
45	G	12375	1086543	1015203	0.012190	254486	9	1086543	7089	1085937	1029476	0.006886	5809	127	1085861	0	0	0	nan	0	0	0	0.005304	0.000137	0.005304	0.000137	0.095817	0.002475
46	C	16275	1086543	1008892	0.016132	254525	9	1086543	1992	1085736	1032312	0.001930	5811	120	1085660	0	0	0	nan	0	0	0	0.014202	0.000134	0.014202	0.000134	0.256561	0.002421
47	A	68183	1086543	1018435	0.066949	254424	9	1086543	1418	1085513	1048636	0.001352	5811	116	1085437	0	0	0	nan	0	0	0	0.065597	0.000259	0.065597	0.000259	1.185017	0.004679
48	U	17338	1086543	1028691	0.016854	254519	9	1086543	1703	1085383	1039805	0.001638	5811	110	1085307	0	0	0	nan	0	0	0	0.015217	0.000134	0.015217	0.000134	0.274897	0.002421
49	U	23023	1086543	999906	0.023025	254551	9	1086543	3135	1085177	1042088	0.003008	5813	108	1085101	0	0	0	nan	0	0	0	0.020017	0.000161	0.020017	0.000161	0.361609	0.002908
50	C	109543	1086543	1040468	0.105282	254462	9	1086543	644	1084888	1036581	0.000621	5819	107	1084812	0	0	0	nan	0	0	0	0.104661	0.000319	0.104661	0.000319	1.890713	0.005763
51	U	16669	1086543	1038004	0.016059	254591	9	1086543	1224	1084592	1037432	0.001180	5850	101	1084516	0	0	0	nan	0	0	0	0.014879	0.000129	0.014879	0.000129	0.268791	0.002330
52	G	7380	1086543	1034434	0.007134	254509	9	1086543	2615	1083747	1034798	0.002527	5867	92	1083671	0	0	0	nan	0	0	0	0.004607	0.000097	0.004607	0.000097	0.083226	0.001752
53	G	9693	1086543	1034456	0.009370	254210	9	1086543	7253	1082725	1030612	0.007038	5869	87	1082649	0	0	0	nan	0	0	0	0.002333	0.000126	0.002333	0.000126	0.042146	0.002276
54	C	15885	1086543	1036280	0.015329	253983	9	1086543	1964	1081802	1031494	0.001904	5897	84	1081725	0	0	0	nan	0	0	0	0.013425	0.000129	0.013425	0.000129	0.242524	0.002330
55	G	6613	1086543	1027110	0.006438	253828	9	1086543	2831	1081132	1008639	0.002807	5909	79	1081053	0	0	0	nan	0	0	0	0.003632	0.000095	0.003632	0.000095	0.065612	0.001716
56	A	56262	1086543	1025161	0.054881	253203	9	1086543	612	1079559	985022	0.000621	5916	55	1079480	0	0	0	nan	0	0	0	0.054260	0.000233	0.054260	0.000233	0.980213	0.004209
57	A	81144	1086543	1033719	0.078497	252920	9	1086543	818	1078817	979054	0.000836	5921	47	1078738	0	0	0	nan	0	0	0	0.077662	0.000277	0.077662	0.000277	1.402973	0.005004
58	U	9816	1086543	1035721	0.009477	252531	9	1086543	1831	1077864	991033	0.001848	5921	47	1077784	0	0	0	nan	0	0	0	0.007630	0.000105	0.007630	0.000105	0.137837	0.001897
59	U	8849	1086543	1042144	0.008491	251808	9	1086543	2977	1076730	1006362	0.002958	5922	47	1076650	0	0	0	nan	0	0	0	0.005533	0.000105	0.005533	0.000105	0.099954	0.001897
60	C	12732	1086543	1044623	0.012188	251277	9	1086543	948	1076049	1017854	0.000931	5926	47	1075966	0	0	0	nan	0	0	0	0.011257	0.000112	0.011257	0.000112	0.203359	0.002023
61	U	4969	1086543	1041737	0.004770	250994	9	1086543	1712	1075596	1016148	0.001685	5927	45	1075513	0	0	0	nan	0	0	0	0.003085	0.000079	0.003085	0.000079	0.055731	0.001427
62	C	17908	1086543	1037306	0.017264	250759	9	1086543	972	1075235	1020467	0.000953	5928	44	1075151	0	0	0	nan	0	0	0	0.016311	0.000133	0.016311	0.000133	0.294660	0.002403
63	A	20210	1086543	1039204	0.019448	250584	9	1086543	831	1074907	1019996	0.000815	5928	41	1074822	0	0	0	nan	0	0	0	0.018633	0.000140	0.018633	0.000140	0.336607	0.002529
64	C	46841	1086543	1028497	0.045543	250430	9	1086543	991	1074667	1007432	0.000984	5929	40	1074582	0	0	0	nan	0	0	0	0.044559	0.000213	0.044559	0.000213	0.804963	0.003848
65	G	5251	1086543	1022947	0.005133	250138	9	1086543	2302	1074223	988293	0.002329	5925	37	1074135	0	0	0	nan	0	0	0	0.002804	0.000086	0.002804	0.000086	0.050655	0.001554
66	G	10353	1086543	1018617	0.010164	249886	9	1086543	9364	1073886	988441	0.009474	5986	34	1073784	0	0	0	nan	0	0	0	0.000690	0.000140	0.000690	0.000140	0.012465	0.002529
67	C	63221	1086543	1011875	0.062479	249707	9	1086543	45756	1073634	995615	0.045958	5982	34	1073529	0	0	0	nan	0	0	0	0.016522	0.000328	0.016522	0.000328	0.298472	0.005925
68	U	8650	1086543	1022879	0.008457	249602	9	1086543	2200	1073438	1012724	0.002172	5986	33	1073331	0	0	0	nan	0	0	0	0.006284	0.000102	0.006284	0.000102	0.113521	0.001843
69	U	15898	1086543	1023705	0.015530	249373	9	1086543	1533	1073153	1009623	0.001518	5984	33	1073046	0	0	0	nan	0	0	0	0.014011	0.000129	0.014011	0.000129	0.253110	0.002330
70	U	15652	1086543	1018694	0.015365	249254	9	1086543	5552	1072945	1013503	0.005478	5984	33	1072835	0	0	0	nan	0	0	0	0.009887	0.000143	0.009887	0.000143	0.178610	0.002583
71	C	69692	1086543	1027439	0.067831	249340	11	1086543	1227	1072704	1024724	0.001197	5986	33	1072593	0	0	0	nan	0	0	0	0.066633	0.000259	0.066633	0.000259	1.203733	0.004679
72	C	53034	1086543	1040575	0.050966	249080	11	1086543	831	1072328	1017819	0.000816	5986	33	1072217	0	0	0	nan	0	0	0	0.050150	0.000223	0.050150	0.000223	0.905965	0.004029
73	G	12930	1086543	1042146	0.012407	248979	11	1086543	11363	1071820	1017909	0.011163	5986	33	1071708	0	0	0	nan	0	0	0	0.001244	0.000151	0.001244	0.000151	0.022473	0.002728
74	C	14978	1086543	1038816	0.014418	249393	16	1086543	2726	1071460	1008811	0.002702	5986	33	1071348	0	0	0	nan	0	0	0	0.011716	0.000129	0.011716	0.000129	0.211651	0.002330
75	C	13748	1086543	1037792	0.013247	249174	16	1086543	1772	1071067	1024106	0.001730	5986	32	1070955	0	0	0	nan	0	0	0	0.011517	0.000120	0.011517	0.000120	0.208056	0.002168
76	U	9577	1086543	1037409	0.009232	249895	16	1086543	1494	1070531	1021235	0.001463	5990	32	1070412	0	0	0	nan	0	0	0	0.007769	0.000102	0.007769	0.000102	0.140348	0.001843
77	G	4231	1086543	1005316	0.004209	250427	16	1086543	3316	1070133	996619	0.003327	5993	29	1070010	0	0	0	nan	0	0	0	0.000881	0.000087	0.000881	0.000087	0.015915	0.001572
78	A	57318	1086543	1013361	0.056562	249877	16	1086543	1141	1069451	983609	0.001160	5994	29	1069328	0	0	0	nan	0	0	0	0.055402	0.000239	0.055402	0.000239	1.000843	0.004318
79	G	6074	1086543	1006010	0.006038	251656	19	1086543	2692	1069059	975808	0.002759	5994	29	1068934	0	0	0	nan	0	0	0	0.003279	0.000094	0.003279	0.000094	0.059236	0.001698
80	G	8898	1086543	1018236	0.008739	251508	19	1086543	4089	1068831	981712	0.004165	5997	28	1068699	0	0	0	nan	0	0	0	0.004573	0.000113	0.004573	0.000113	0.082612	0.002041
81	U	10322	1086543	1006985	0.010250	251201	19	1086543	7865	1068551	990685	0.007939	5999	28	1068418	0	0	0	nan	0	0	0	0.002311	0.000135	0.002311	0.000135	0.041748	0.002439
82	U	7388	1086543	1005343	0.007349	251040	19	1086543	1121	1068189	998840	0.001122	6000	27	1068056	0	0	0	nan	0	0	0	0.006226	0.000092	0.006226	0.000092	0.112473	0.001662
83	G	5846	1086543	990173	0.005904	250931	19	1086543	1407	1067556	999954	0.001407	5999	26	1067423	0	0	0	nan	0	0	0	0.004497	0.000086	0.004497	0.000086	0.081239	0.001554
84	A	45713	1086543	978116	0.046736	250495	19	1086543	945	1067034	983592	0.000961	5996	26	1066901	0	0	0	nan	0	0	0	0.045775	0.000221	0.045775	0.000221	0.826931	0.003992
85	A	47912	1086543	973272	0.049228	250764	19	1086543	869	1066513	984324	0.000883	5993	26	1066379	0	0	0	nan	0	0	0	0.048345	0.000227	0.048345	0.000227	0.873358	0.004101
86	G	14481	1086543	967084	0.014974	253449	36	1086543	2840	1066050	984141	0.002886	6016	26	1065912	0	0	0	nan	0	0	0	0.012088	0.000136	0.012088	0.000136	0.218371	0.002457
87	A	67785	1086543	969211	0.069938	253042	36	1086543	1079	1065487	988191	0.001092	6016	26	1065348	0	0	0	nan	0	0	0	0.068846	0.000271	0.068846	0.000271	1.243711	0.004896
88	G	7088	1086543	972988	0.007285	253025	36	1086543	4088	1065030	993103	0.004116	6017	24	1064890	0	0	0	nan	0	0	0	0.003168	0.000108	0.003168	0.000108	0.057230	0.001951
89	C	24702	1086543	970308	0.025458	252811	36	1086543	1984	1064724	1000822	0.001982	6017	24	1064583	0	0	0	nan	0	0	0	0.023476	0.000168	0.023476	0.000168	0.424097	0.003035
90	A	57972	1086543	976910	0.059342	252477	36	1086543	628	1064324	998826	0.000629	6017	24	1064180	0	0	0	nan	0	0	0	0.058713	0.000248	0.058713	0.000248	1.060657	0.004480
91	A	52169	1086543	980007	0.053233	252724	36	1086543	633	1063800	982617	0.000644	6326	23	1063587	0	0	0	nan	0	0	0	0.052589	0.000234	0.052589	0.000234	0.950026	0.004227
92	G	9105	1086543	982500	0.009267	252545	36	1086543	8055	1063227	976371	0.008250	6327	21	1063011	0	0	0	nan	0	0	0	0.001017	0.000134	0.001017	0.000134	0.018372	0.002421
93	C	22110	1086543	981607	0.022524	252400	36	1086543	4154	1062546	958358	0.004334	6408	21	1062307	0	0	0	nan	0	0	0	0.018190	0.000166	0.018190	0.000166	0.328604	0.002999
94	C	39593	1086543	983503	0.040257	251917	36	1086543	1095	1061821	965487	0.001134	6410	20	1061580	0	0	0	nan	0	0	0	0.039123	0.000205	0.039123	0.000205	0.706761	0.003703
95	G	35879	1086543	978624	0.036663	251533	36	1086543	66693	1061296	964986	0.069113	6423	20	1061052	0	0	0	nan	0	0	0	-0.032450	0.000330	nan	nan	nan	nan
96	C	20694	1086543	973759	0.021252	361786	676	1086543	4806	1071870	983961	0.004884	63722	101	1060703	0	0	0	nan	0	0	0	0.016367	0.000164	0.016367	0.000164	0.295672	0.002963
97	C	23901	1086543	977636	0.024448	361884	676	1086543	1309	1071379	990329	0.001322	63770	101	1060196	0	0	0	nan	0	0	0	0.023126	0.000162	0.023126	0.000162	0.417774	0.002927
98	G	3498	1086543	946921	0.003694	363607	677	1086543	1729	1070811	984273	0.001757	63906	101	1059607	0	0	0	nan	0	0	0	0.001937	0.000075	0.001937	0.000075	0.034992	0.001355
99	A	17802	1086543	938355	0.018971	363034	677	1086543	930	1070334	1001995	0.000928	63918	101	1059124	0	0	0	nan	0	0	0	0.018043	0.000145	0.018043	0.000145	0.325949	0.002619
100	U	8017	1086543	921833	0.008697	363390	678	1086543	1120	1070105	1000066	0.001120	63919	101	1058894	0	0	0	nan	0	0	0	0.007577	0.000103	0.007577	0.000103	0.136879	0.001861
101	A	53934	1086543	915647	0.058903	368381	692	1086543	1036	1069879	1012404	0.001023	63921	101	1058666	0	0	0	nan	0	0	0	0.057879	0.000256	0.057879	0.000256	1.045591	0.004625
102	C	89445	1086543	896741	0.099745	370665	695	1086543	658	1069397	1010883	0.000651	63922	101	1058184	0	0	0	nan	0	0	0	0.099094	0.000334	0.099094	0.000334	1.790144	0.006034
103	A	68424	1086543	890959	0.076798	371929	699	1086543	1002	1068955	1014545	0.000988	63926	101	1057742	0	0	0	nan	0	0	0	0.075811	0.000295	0.075811	0.000295	1.369534	0.005329
104	U	11603	1086543	828251	0.014009	372866	699	1086543	1647	1068683	1004664	0.001639	63920	101	1057468	0	0	0	nan	0	0	0	0.012370	0.000136	0.012370	0.000136	0.223465	0.002457
105	U	9946	1086543	780346	0.012746	372221	699	1086543	1167	1068377	992179	0.001176	63918	101	1057160	0	0	0	nan	0	0	0	0.011569	0.000132	0.011569	0.000132	0.208995	0.002385
106	G	8159	1086543	751570	0.010856	370404	698	1086543	8367	1068127	988053	0.008468	63906	101	1056909	0	0	0	nan	0	0	0	0.002388	0.000152	0.002388	0.000152	0.043139	0.002746
107	C	21709	1086543	691442	0.031397	368856	697	1086543	2170	1067972	1001794	0.002166	63900	101	1056754	0	0	0	nan	0	0	0	0.029231	0.000218	0.029231	0.000218	0.528061	0.003938
108	C	18274	1086543	665590	0.027455	366543	695	1086543	845	1067617	1018037	0.000830	63898	101	1056399	0	0	0	nan	0	0	0	0.026625	0.000205	0.026625	0.000205	0.480984	0.003703
109	U	5283	1086543	485532	0.010881	364425	694	1086543	1154	1067403	1018254	0.001133	63881	101	1056181	0	0	0	nan	0	0	0	0.009748	0.000153	0.009748	0.000153	0.176099	0.002764
110	A	49874	1086543	473208	0.105396	361815	692	1086543	843	1067101	1017442	0.000829	63875	101	1055879	0	0	0	nan	0	0	0	0.104567	0.000473	0.104567	0.000473	1.889015	0.008545
111	U	7956	1086543	465665	0.017085	360655	692	1086543	1530	1066836	1015576	0.001507	63875	99	1055614	0	0	0	nan	0	0	0	0.015579	0.000195	0.015579	0.000195	0.281436	0.003523
112	G	2149	1086543	532101	0.004039	358849	691	1086543	1448	1066395	1019788	0.001420	63872	98	1055171	0	0	0	nan	0	0	0	0.002619	0.000095	0.002619	0.000095	0.047313	0.001716
113	U	7522	1086543	576113	0.013056	356828	691	1086543	5573	1065941	994104	0.005606	63870	98	1054715	0	0	0	nan	0	0	0	0.007450	0.000168	0.007450	0.000168	0.134585	0.003035
114	C	18972	1086543	540938	0.035072	354510	690	1086543	1074	1065439	986772	0.001088	63868	98	1054214	0	0	0	nan	0	0	0	0.033984	0.000257	0.033984	0.000257	0.613925	0.004643
115	C	12735	1086543	527604	0.024137	352048	690	1086543	815	1064857	980745	0.000831	63867	98	1053631	0	0	0	nan	0	0	0	0.023306	0.000216	0.023306	0.000216	0.421026	0.003902
116	U	4754	1086543	504033	0.009432	350086	689	1086543	1835	1064445	981692	0.001869	63862	98	1053218	0	0	0	nan	0	0	0	0.007563	0.000144	0.007563	0.000144	0.136626	0.002601
117	G	5193	1086543	524565	0.009900	348459	688	1086543	10050	1063862	986276	0.010190	63862	98	1052634	0	0	0	nan	0	0	0	-0.000290	0.000171	-0.000290	0.000171	-0.005239	0.003089
118	C	31177	1086543	521601	0.059772	346529	688	1086543	1438	1063479	981901	0.001465	63861	98	1052250	0	0	0	nan	0	0	0	0.058307	0.000341	0.058307	0.000341	1.053323	0.006160
119	G	4691	1086543	468481	0.010013	345147	686	1086543	5914	1063159	998261	0.005924	63858	98	1051927	0	0	0	nan	0	0	0	0.004089	0.000165	0.004089	0.000165	0.073868	0.002981
120	C	13699	1086543	483256	0.028347	343341	685	1086543	2497	1062914	993457	0.002513	63858	98	1051681	0	0	0	nan	0	0	0	0.025834	0.000247	0.025834	0.000247	0.466694	0.004462
121	A	24501	1086543	486784	0.050332	342316	684	1086543	1180	1062588	1005323	0.001174	63858	97	1051355	0	0	0	nan	0	0	0	0.049159	0.000323	0.049159	0.000323	0.888063	0.005835
122	C	29215	1086543	555680	0.052575	340261	658	1086543	486	1062381	1002868	0.000485	63858	92	1051147	0	0	0	nan	0	0	0	0.052091	0.000308	0.052091	0.000308	0.941030	0.005564
123	A	17675	1086543	513833	0.034398	338188	618	1086543	724	1061975	992148	0.000730	63858	80	1050752	0	0	0	nan	0	0	0	0.033669	0.000260	0.033669	0.000260	0.608234	0.004697
124	A	40569	1086543	600269	0.067585	334707	513	1086543	1093	1061485	985486	0.001109	63855	67	1050269	0	0	0	nan	0	0	0	0.066476	0.000337	0.066476	0.000337	1.200896	0.006088
125	G	20115	1086543	638907	0.031483	334461	494	1086543	3440	1061093	986998	0.003485	63855	63	1049882	0	0	0	nan	0	0	0	0.027998	0.000230	0.027998	0.000230	0.505787	0.004155
126	A	36049	1086543	702173	0.051339	331899	397	1086543	1091	1060699	1004068	0.001087	63852	53	1049501	0	0	0	nan	0	0	0	0.050253	0.000272	0.050253	0.000272	0.907826	0.004914
127	A	22571	1086543	658039	0.034300	331200	363	1086543	705	1060355	1007837	0.000700	63849	47	1049183	0	0	0	nan	0	0	0	0.033601	0.000230	0.033601	0.000230	0.607006	0.004155
128	A	17366	1086543	658509	0.026372	330288	322	1086543	917	1059495	995026	0.000922	63849	26	1048378	0	0	0	nan	0	0	0	0.025450	0.000202	0.025450	0.000202	0.459757	0.003649
129	G	5197	1086543	576970	0.009007	329482	281	1086543	9675	1058482	975037	0.009923	63848	13	1047393	0	0	0	nan	0	0	0	-0.000915	0.000161	-0.000915	0.000161	-0.016530	0.002908
130	C	5077	1086543	704274	0.007209	327858	178	1086543	2389	1057192	971298	0.002460	63849	12	1046249	0	0	0	nan	0	0	0	0.004749	0.000113	0.004749	0.000113	0.085791	0.002041
131	G	6908	1086543	690452	0.010005	326824	121	1086543	4337	1056731	970423	0.004469	63847	12	1045851	0	0	0	nan	0	0	0	0.005536	0.000138	0.005536	0.000138	0.100008	0.002493
132	G	1921	1086543	682282	0.002816	325602	84	1086543	1684	1056083	965780	0.001744	63845	12	1045346	0	0	0	nan	0	0	0	0.001072	0.000077	0.001072	0.000077	0.019366	0.001391
133	U	4551	1086543	560527	0.008119	324170	62	1086543	942	1055646	949475	0.000992	63844	12	1044969	0	0	0	nan	0	0	0	0.007127	0.000125	0.007127	0.000125	0.128750	0.002258
134	A	28486	1086543	479370	0.059424	322779	21	1086543	1001	1055208	956687	0.001046	63843	11	1044633	0	0	0	nan	0	0	0	0.058378	0.000354	0.058378	0.000354	1.054605	0.006395
135	U	7222	1086543	580755	0.012436	322368	17	1086543	1112	1054980	969881	0.001147	63842	8	1044427	0	0	0	nan	0	0	0	0.011289	0.000150	0.011289	0.000150	0.203937	0.002710
136	G	2589	1086543	645891	0.004008	321942	15	1086543	1980	1054685	989204	0.002002	63842	7	1044170	0	0	0	nan	0	0	0	0.002007	0.000091	0.002007	0.000091	0.036257	0.001644
137	G	2424	1086543	699266	0.003466	321488	13	1086543	2468	1054233	990321	0.002492	63865	7	1043780	0	0	0	nan	0	0	0	0.000974	0.000086	0.000974	0.000086	0.017595	0.001554
138	A	24068	1086543	695089	0.034626	320810	3	1086543	1408	1053521	990101	0.001422	63865	7	1043140	0	0	0	nan	0	0	0	0.033204	0.000226	0.033204	0.000226	0.599834	0.004083
139	C	16544	1086543	735864	0.022482	320368	3	1086543	3349	1052582	988061	0.003389	63865	7	1042224	0	0	0	nan	0	0	0	0.019093	0.000184	0.019093	0.000184	0.344917	0.003324
140	C	50161	1086543	843724	0.059452	319375	3	1086543	1663	1051552	981614	0.001694	63865	6	1041248	0	0	0	nan	0	0	0	0.057758	0.000269	0.057758	0.000269	1.043405	0.004860
141	G	4285	1086543	767553	0.005583	318922	2	1086543	3804	1050682	959218	0.003966	63866	6	1040403	0	0	0	nan	0	0	0	0.001617	0.000107	0.001617	0.000107	0.029211	0.001933
142	G	6317	1086543	721579	0.008754	318428	2	1086543	8333	1050162	946969	0.008800	63865	6	1039895	0	0	0	nan	0	0	0	-0.000045	0.000146	-0.000045	0.000146	-0.000813	0.002638
143	C	22684	1086543	661421	0.034296	318030	2	1086543	2744	1049689	942627	0.002911	63864	6	1039432	0	0	0	nan	0	0	0	0.031385	0.000234	0.031385	0.000234	0.566974	0.004227
144	A	58636	1086543	729969	0.080327	317449	2	1086543	1385	1049306	954912	0.001450	63862	6	1039056	0	0	0	nan	0	0	0	0.078876	0.000334	0.078876	0.000334	1.424904	0.006034
145	C	69519	1086543	799458	0.086958	317119	2	1086543	2979	1048888	966976	0.003081	63861	5	1038643	0	0	0	nan	0	0	0	0.083877	0.000335	0.083877	0.000335	1.515247	0.006052
146	C	37823	1086543	892404	0.042383	316738	2	1086543	834	1048421	978813	0.000852	63861	5	1038194	0	0	0	nan	0	0	0	0.041531	0.000220	0.041531	0.000220	0.750262	0.003974
147	C	16173	1086543	782890	0.020658	316283	2	1086543	1240	1047836	991022	0.001251	63862	5	1037621	0	0	0	nan	0	0	0	0.019407	0.000166	0.019407	0.000166	0.350590	0.002999
148	A	25865	1086543	750294	0.034473	315604	2	1086543	787	1047060	974070	0.000808	63860	5	1036851	0	0	0	nan	0	0	0	0.033665	0.000216	0.033665	0.000216	0.608162	0.003902
149	G	9002	1086543	775473	0.011608	315144	2	1086543	10711	1046252	967477	0.011071	63859	4	1036053	0	0	0	nan	0	0	0	0.000537	0.000163	0.000537	0.000163	0.009701	0.002945
150	C	7550	1086543	888235	0.008500	314723	1	1086543	3144	1045612	962398	0.003267	63858	4	1035433	0	0	0	nan	0	0	0	0.005233	0.000114	0.005233	0.000114	0.094535	0.002059
151	C	18466	1086543	911544	0.020258	313928	1	1086543	991	1044816	966453	0.001025	63858	4	1034686	0	0	0	nan	0	0	0	0.019233	0.000153	0.019233	0.000153	0.347446	0.002764
152	G	11916	1086543	841040	0.014168	312985	1	1086543	10998	1043975	968832	0.011352	63860	4	1033892	0	0	0	nan	0	0	0	0.002816	0.000169	0.002816	0.000169	0.050871	0.003053
153	C	53173	1086543	837635	0.063480	311645	1	1086543	25591	1043347	964378	0.026536	63863	4	1033291	0	0	0	nan	0	0	0	0.036944	0.000321	0.036944	0.000321	0.667398	0.005799
154	U	4022	1086543	794277	0.005064	310689	1	1086543	1884	1042552	959272	0.001964	63867	4	1032532	0	0	0	nan	0	0	0	0.003100	0.000092	0.003100	0.000092	0.056002	0.001662
155	U	4847	1086543	842898	0.005750	309872	1	1086543	1791	1041738	947169	0.001891	63867	4	1031725	0	0	0	nan	0	0	0	0.003860	0.000094	0.003860	0.000094	0.069731	0.001698
156	G	5701	1086543	747645	0.007625	309132	1	1086543	1997	1040907	929492	0.002148	63867	3	1030917	0	0	0	nan	0	0	0	0.005477	0.000112	0.005477	0.000112	0.098943	0.002023
157	U	7436	1086543	799238	0.009304	308411	1	1086543	1768	1040116	931596	0.001898	63867	3	1030145	0	0	0	nan	0	0	0	0.007406	0.000117	0.007406	0.000117	0.133790	0.002114
158	G	6549	1086543	777926	0.008419	307831	1	1086543	5814	1039396	939171	0.006191	63867	3	1029446	0	0	0	nan	0	0	0	0.002228	0.000132	0.002228	0.000132	0.040249	0.002385
159	C	23684	1086543	903669	0.026209	307005	1	1086543	16439	1038817	956459	0.017187	63866	3	1028892	0	0	0	nan	0	0	0	0.009021	0.000217	0.009021	0.000217	0.162965	0.003920
160	U	7310	1086543	870797	0.008395	306186	1	1086543	1591	1038164	962815	0.001652	63865	3	1028264	0	0	0	nan	0	0	0	0.006742	0.000107	0.006742	0.000107	0.121795	0.001933
161	U	9687	1086543	878948	0.011021	305202	1	1086543	1807	1037207	964420	0.001874	63864	3	1027321	0	0	0	nan	0	0	0	0.009147	0.000120	0.009147	0.000120	0.165242	0.002168
162	C	38998	1086543	850482	0.045854	303720	1	1086543	1017	1035554	946723	0.001074	63865	2	1025688	0	0	0	nan	0	0	0	0.044780	0.000235	0.044780	0.000235	0.808956	0.004245
163	A	31917	1086543	873493	0.036540	302485	1	1086543	725	1034636	933796	0.000776	63864	2	1024781	0	0	0	nan	0	0	0	0.035763	0.000207	0.035763	0.000207	0.646063	0.003739
164	G	7049	1086543	878216	0.008026	301535	1	1086543	7138	1033576	926100	0.007708	63866	2	1023740	0	0	0	nan	0	0	0	0.000319	0.000132	0.000319	0.000132	0.005763	0.002385
165	C	31748	1086543	821916	0.038627	300588	0	1086543	2754	1032787	922757	0.002985	63868	2	1022960	0	0	0	nan	0	0	0	0.035642	0.000224	0.035642	0.000224	0.643877	0.004047
166	U	9572	1086543	790035	0.012116	299555	0	1086543	2426	1032248	936007	0.002592	63869	2	1022438	0	0	0	nan	0	0	0	0.009524	0.000135	0.009524	0.000135	0.172052	0.002439
167	C	33135	1086543	790079	0.041939	298767	0	1086543	1797	1031629	934566	0.001923	63869	2	1021835	0	0	0	nan	0	0	0	0.040016	0.000235	0.040016	0.000235	0.722894	0.004245
168	G	10937	1086543	819438	0.013347	298063	0	1086543	6051	1031031	953026	0.006349	63869	2	1021270	0	0	0	nan	0	0	0	0.006998	0.000151	0.006998	0.000151	0.126420	0.002728
169	C	55569	1086543	838866	0.066243	297425	0	1086543	1588	1030527	954778	0.001663	63870	1	1020777	0	0	0	nan	0	0	0	0.064580	0.000284	0.064580	0.000284	1.166645	0.005130
170	A	49318	1086543	803324	0.061392	296827	0	1086543	842	1030045	957185	0.000880	63870	1	1020305	0	0	0	nan	0	0	0	0.060513	0.000278	0.060513	0.000278	1.093174	0.005022
171	U	13316	1086543	830673	0.016030	296385	0	1086543	2604	1029570	959888	0.002713	63870	1	1019848	0	0	0	nan	0	0	0	0.013318	0.000149	0.013318	0.000149	0.240591	0.002692
172	C	34825	1086543	843105	0.041306	296092	0	1086543	700	1029147	949297	0.000737	63869	1	1019442	0	0	0	nan	0	0	0	0.040568	0.000223	0.040568	0.000223	0.732865	0.004029
173	A	21247	1086543	895672	0.023722	295617	0	1086543	791	1028829	956314	0.000827	63869	1	1019131	0	0	0	nan	0	0	0	0.022895	0.000165	0.022895	0.000165	0.413601	0.002981
174	A	39764	1086543	925868	0.042948	294913	0	1086543	616	1028304	953079	0.000646	63868	1	1018617	0	0	0	nan	0	0	0	0.042301	0.000217	0.042301	0.000217	0.764172	0.003920
175	C	35567	1086543	932350	0.038148	294222	0	1086543	627	1027736	959750	0.000653	63866	1	1018057	0	0	0	nan	0	0	0	0.037494	0.000204	0.037494	0.000204	0.677333	0.003685
176	G	4625	1086543	877868	0.005268	293212	0	1086543	1481	1026922	962128	0.001539	63866	1	1017258	0	0	0	nan	0	0	0	0.003729	0.000087	0.003729	0.000087	0.067365	0.001572
177	U	11942	1086543	862485	0.013846	291543	0	1086543	5633	1026010	964413	0.005841	63865	1	1016366	0	0	0	nan	0	0	0	0.008005	0.000149	0.008005	0.000149	0.144611	0.002692
178	C	39893	1086543	816642	0.048850	290197	0	1086543	648	1024828	948068	0.000683	63863	1	1015241	0	0	0	nan	0	0	0	0.048167	0.000246	0.048167	0.000246	0.870142	0.004444
179	U	10043	1086543	842595	0.011919	288274	0	1086543	562	1022358	865198	0.000650	63863	1	1012934	0	0	0	nan	0	0	0	0.011270	0.000122	0.011270	0.000122	0.203594	0.002204
180	A	36349	1086543	816840	0.044500	286614	0	1086543	657	1020420	830050	0.000792	63863	1	1011130	0	0	0	nan	0	0	0	0.043708	0.000235	0.043708	0.000235	0.789590	0.004245
181	A	78355	1086543	862756	0.090819	285424	0	1086543	1167	1019756	829681	0.001407	63861	1	1010561	0	0	0	nan	0	0	0	0.089413	0.000327	0.089413	0.000327	1.615256	0.005907
182	G	3705	1086543	875397	0.004232	284845	0	1086543	1672	1019115	870905	0.001920	63862	1	1009967	0	0	0	nan	0	0	0	0.002313	0.000084	0.002313	0.000084	0.041785	0.001517
183	G	8834	1086543	910328	0.009704	284131	0	1086543	6407	1018121	911810	0.007027	63862	2	1009006	0	0	0	nan	0	0	0	0.002678	0.000136	0.002678	0.000136	0.048378	0.002457
184	C	25253	1086543	906316	0.027863	283645	0	1086543	3949	1017228	922534	0.004281	63863	2	1008147	0	0	0	nan	0	0	0	0.023583	0.000188	0.023583	0.000188	0.426030	0.003396
185	C	39356	1086543	930487	0.042296	282864	0	1086543	728	1015770	925168	0.000787	63863	2	1006761	0	0	0	nan	0	0	0	0.041509	0.000215	0.041509	0.000215	0.749865	0.003884
186	G	12746	1086543	896453	0.014218	282256	0	1086543	8668	1014310	923422	0.009387	63859	2	1005318	0	0	0	nan	0	0	0	0.004831	0.000161	0.004831	0.000161	0.087273	0.002908
187	C	11563	1086543	912506	0.012672	281207	0	1086543	1838	1012819	911327	0.002017	63857	2	1003867	0	0	0	nan	0	0	0	0.010655	0.000127	0.010655	0.000127	0.192484	0.002294
188	G	3487	1086543	883181	0.003948	280216	0	1086543	1476	1011191	889939	0.001659	63856	2	1002268	0	0	0	nan	0	0	0	0.002290	0.000080	0.002290	0.000080	0.041369	0.001445
189	A	14185	1086543	908049	0.015621	279038	0	1086543	769	1009838	890542	0.000864	63856	2	1000956	0	0	0	nan	0	0	0	0.014758	0.000135	0.014758	0.000135	0.266605	0.002439
190	C	11676	1086543	833937	0.014001	278138	0	1086543	555	1008825	875368	0.000634	63856	2	999957	0	0	0	nan	0	0	0	0.013367	0.000132	0.013367	0.000132	0.241476	0.002385
191	U	12559	1086543	846883	0.014830	277231	0	1086543	6037	1007664	897324	0.006728	63855	2	998833	0	0	0	nan	0	0	0	0.008102	0.000158	0.008102	0.000158	0.146364	0.002854
192	C	60415	1086543	843550	0.071620	276361	0	1086543	1505	1006884	903922	0.001665	63855	2	998060	0	0	0	nan	0	0	0	0.069955	0.000295	0.069955	0.000295	1.263745	0.005329
193	U	15581	1086543	882719	0.017651	275551	0	1086543	1218	1005535	916605	0.001329	63855	2	996726	0	0	0	nan	0	0	0	0.016322	0.000146	0.016322	0.000146	0.294859	0.002638
194	A	84189	1086543	891976	0.094385	274522	0	1086543	1513	1003665	904184	0.001673	63855	2	994867	0	0	0	nan	0	0	0	0.092711	0.000328	0.092711	0.000328	1.674835	0.005925
195	G	17579	1086543	874955	0.020091	274015	0	1086543	3370	1002554	886959	0.003799	63857	2	993775	0	0	0	nan	0	0	0	0.016292	0.000165	0.016292	0.000165	0.294317	0.002981
196	A	26517	1086543	908961	0.029173	273177	0	1086543	960	1001347	875576	0.001096	63855	2	992579	0	0	0	nan	0	0	0	0.028076	0.000183	0.028076	0.000183	0.507196	0.003306
197	G	3291	1086543	894925	0.003677	272656	0	1086543	970	999907	880015	0.001102	63855	2	991170	0	0	0	nan	0	0	0	0.002575	0.000073	0.002575	0.000073	0.046518	0.001319
198	U	4029	1086543	948663	0.004247	271698	0	1086543	3060	998458	896837	0.003412	63856	2	989771	0	0	0	nan	0	0	0	0.000835	0.000091	0.000835	0.000091	0.015084	0.001644
199	C	3341	1086543	940609	0.003552	270382	0	1086543	743	996863	890180	0.000835	63856	2	988213	0	0	0	nan	0	0	0	0.002717	0.000069	0.002717	0.000069	0.049083	0.001246
200	G	10283	1086543	919288	0.011186	269026	0	1086543	5710	994398	859221	0.006646	63854	2	985769	0	0	0	nan	0	0	0	0.004540	0.000141	0.004540	0.000141	0.082016	0.002547
201	C	9391	1086543	857024	0.010958	265814	0	1086543	2745	991548	823588	0.003333	63837	2	983013	0	0	0	nan	0	0	0	0.007625	0.000130	0.007625	0.000130	0.137746	0.002348
202	U	11656	1086543	835434	0.013952	264130	0	1086543	1961	989883	818024	0.002397	63828	2	981399	0	0	0	nan	0	0	0	0.011555	0.000140	0.011555	0.000140	0.208742	0.002529
203	C	43734	1086543	848229	0.051559	263185	0	1086543	1096	987421	823986	0.001330	63825	2	979014	0	0	0	nan	0	0	0	0.050229	0.000250	0.050229	0.000250	0.907393	0.004516
204	G	6583	1086543	781275	0.008426	262392	0	1086543	2529	985160	809463	0.003124	63824	2	976834	0	0	0	nan	0	0	0	0.005302	0.000121	0.005302	0.000121	0.095781	0.002186
205	A	74109	1086543	816385	0.090777	261420	0	1086543	737	983771	819444	0.000899	63824	2	975516	0	0	0	nan	0	0	0	0.089878	0.000335	0.089878	0.000335	1.623656	0.006052
206	G	12848	1086543	823536	0.015601	261156	0	1086543	4222	983977	819750	0.005150	63822	2	975746	0	0	0	nan	0	0	0	0.010451	0.000159	0.010451	0.000159	0.188798	0.002872
207	G	5542	1086543	945082	0.005864	260838	0	1086543	2342	984765	851035	0.002752	63824	2	976554	0	0	0	nan	0	0	0	0.003112	0.000097	0.003112	0.000097	0.056219	0.001752
208	G	9540	1086543	952885	0.010012	260519	0	1086543	5937	984568	853536	0.006956	63825	2	976382	0	0	0	nan	0	0	0	0.003056	0.000137	0.003056	0.000137	0.055207	0.002475
209	C	10545	1086543	940607	0.011211	259999	0	1086543	3306	983801	844907	0.003913	63829	2	975639	0	0	0	nan	0	0	0	0.007298	0.000129	0.007298	0.000129	0.131839	0.002330
210	U	4298	1086543	936783	0.004588	259556	0	1086543	1105	982677	854717	0.001293	63830	2	974535	0	0	0	nan	0	0	0	0.003295	0.000080	0.003295	0.000080	0.059525	0.001445
211	G	7327	1086543	940639	0.007789	259052	0	1086543	4371	981271	854995	0.005112	63831	2	973136	0	0	0	nan	0	0	0	0.002677	0.000119	0.002677	0.000119	0.048360	0.002150
212	G	4406	1086543	930170	0.004737	258457	0	1086543	1772	978161	854128	0.002075	63831	2	970050	0	0	0	nan	0	0	0	0.002662	0.000087	0.002662	0.000087	0.048089	0.001572
213	U	8683	1086543	917296	0.009466	257708	0	1086543	1120	974674	825009	0.001358	63831	2	966574	0	0	0	nan	0	0	0	0.008108	0.000109	0.008108	0.000109	0.146472	0.001969
214	A	41956	1086543	898698	0.046685	256873	0	1086543	913	971795	809027	0.001129	63834	2	963716	0	0	0	nan	0	0	0	0.045557	0.000231	0.045557	0.000231	0.822992	0.004173
215	C	112338	1086543	914792	0.122802	255836	0	1086543	902	968851	797475	0.001131	63834	2	960817	0	0	0	nan	0	0	0	0.121671	0.000368	0.121671	0.000368	2.198000	0.006648
216	C	59653	1086543	919145	0.064901	255162	0	1086543	575	966605	792859	0.000725	63834	2	958605	0	0	0	nan	0	0	0	0.064175	0.000267	0.064175	0.000267	1.159329	0.004823
217	G	7778	1086543	892518	0.008715	254428	0	1086543	1343	964698	778317	0.001726	63834	3	956758	0	0	0	nan	0	0	0	0.006989	0.000109	0.006989	0.000109	0.126257	0.001969
218	U	9657	1086543	855213	0.011292	253496	0	1086543	1770	963555	755911	0.002342	63838	3	955666	0	0	0	nan	0	0	0	0.008950	0.000128	0.008950	0.000128	0.161683	0.002312
219	U	7573	1086543	853732	0.008870	252617	0	1086543	1041	962248	763940	0.001363	63836	3	954397	0	0	0	nan	0	0	0	0.007508	0.000110	0.007508	0.000110	0.135633	0.001987
220	G	6115	1086543	877174	0.006971	252122	0	1086543	4247	963546	774525	0.005483	63836	3	955710	0	0	0	nan	0	0	0	0.001488	0.000123	0.001488	0.000123	0.026881	0.002222
221	C	50570	1086543	913980	0.055329	251077	0	1086543	1223	964061	817739	0.001496	63834	3	956232	0	0	0	nan	0	0	0	0.053834	0.000250	0.053834	0.000250	0.972517	0.004516
222	U	5525	1086543	887227	0.006227	250169	0	1086543	1099	963744	808416	0.001359	63834	3	955933	0	0	0	nan	0	0	0	0.004868	0.000093	0.004868	0.000093	0.087941	0.001680
223	A	41033	1086543	890024	0.046103	249099	4	1086543	684	962917	815459	0.000839	63881	18	955120	0	0	0	nan	0	0	0	0.045264	0.000230	0.045264	0.000230	0.817699	0.004155
224	G	10123	1086543	862944	0.011731	248287	4	1086543	4523	961726	805129	0.005618	63883	18	953954	0	0	0	nan	0	0	0	0.006113	0.000143	0.006113	0.000143	0.110432	0.002583
225	C	12717	1086543	839388	0.015150	246363	4	1086543	1287	959213	798466	0.001612	63884	18	951481	0	0	0	nan	0	0	0	0.013538	0.000142	0.013538	0.000142	0.244565	0.002565
226	A	64404	1086543	880887	0.073113	244879	5	1086543	550	955920	801169	0.000686	63886	18	948252	0	0	0	nan	0	0	0	0.072426	0.000290	0.072426	0.000290	1.308384	0.005239
227	C	29710	1086543	898304	0.033073	243643	5	1086543	597	956994	789825	0.000756	63886	18	949399	0	0	0	nan	0	0	0	0.032318	0.000194	0.032318	0.000194	0.583828	0.003505
228	G	6831	1086543	822268	0.008308	241903	5	1086543	2407	953641	755787	0.003185	63338	18	946286	0	0	0	nan	0	0	0	0.005123	0.000120	0.005123	0.000120	0.092548	0.002168
229	A	15144	1086543	799673	0.018938	240569	5	1086543	699	949325	725948	0.000963	63147	18	942223	0	0	0	nan	0	0	0	0.017975	0.000158	0.017975	0.000158	0.324720	0.002854
230	G	10493	1086543	793809	0.013219	239951	5	1086543	8855	957600	719450	0.012308	63050	18	950627	0	0	0	nan	0	0	0	0.000911	0.000184	0.000911	0.000184	0.016457	0.003324
231	C	7486	1086543	853542	0.008771	239488	5	1086543	4228	961111	723449	0.005844	63081	18	954214	0	0	0	nan	0	0	0	0.002926	0.000135	0.002926	0.000135	0.052859	0.002439
232	G	5161	1086543	872460	0.005915	238967	5	1086543	1735	964133	721166	0.002406	63067	18	957340	0	0	0	nan	0	0	0	0.003510	0.000101	0.003510	0.000101	0.063409	0.001825
233	G	12567	1086543	883079	0.014231	238311	6	1086543	8082	968882	723506	0.011171	63044	19	962168	0	0	0	nan	0	0	0	0.003060	0.000178	0.003060	0.000178	0.055279	0.003216
234	C	4678	1086543	878760	0.005323	237375	8	1086543	3550	971810	724354	0.004901	63466	19	965197	0	0	0	nan	0	0	0	0.000422	0.000113	0.000422	0.000113	0.007623	0.002041
235	C	6144	1086543	881177	0.006972	236338	8	1086543	745	971020	720503	0.001034	63471	20	964521	0	0	0	nan	0	0	0	0.005938	0.000097	0.005938	0.000097	0.107271	0.001752
236	G	9421	1086543	868919	0.010842	235074	9	1086543	5807	971941	722204	0.008041	63484	20	965627	0	0	0	nan	0	0	0	0.002802	0.000154	0.002802	0.000154	0.050618	0.002782
237	C	20086	1086543	810636	0.024778	234066	9	1086543	3764	974069	708497	0.005313	63493	20	967848	0	0	0	nan	0	0	0	0.019465	0.000195	0.019465	0.000195	0.351637	0.003523
238	U	5146	1086543	770832	0.006676	233483	9	1086543	836	976319	718196	0.001164	63506	20	970176	0	0	0	nan	0	0	0	0.005512	0.000101	0.005512	0.000101	0.099575	0.001825
239	U	8771	1086543	757038	0.011586	233001	9	1086543	941	979758	738596	0.001274	63512	20	973688	0	0	0	nan	0	0	0	0.010312	0.000130	0.010312	0.000130	0.186287	0.002348
240	A	65180	1086543	819065	0.079579	232684	10	1086543	797	982109	779447	0.001023	63549	19	976139	0	0	0	nan	0	0	0	0.078556	0.000314	0.078556	0.000314	1.419123	0.005672
241	C	76578	1086543	861302	0.088910	232425	10	1086543	747	984338	802076	0.000931	63554	19	978411	0	0	0	nan	0	0	0	0.087978	0.000323	0.087978	0.000323	1.589332	0.005835
242	C	61214	1086543	893266	0.068528	232201	10	1086543	868	986186	811547	0.001070	63585	19	980325	0	0	0	nan	0	0	0	0.067459	0.000279	0.067459	0.000279	1.218654	0.005040
243	G	4555	1086543	899491	0.005064	231880	10	1086543	2261	985450	795411	0.002843	63586	20	979685	0	0	0	nan	0	0	0	0.002221	0.000096	0.002221	0.000096	0.040123	0.001734
244	G	16469	1086543	885083	0.018607	231530	10	1086543	7408	983819	775050	0.009558	63592	21	978103	0	0	0	nan	0	0	0	0.009049	0.000183	0.009049	0.000183	0.163471	0.003306
245	C	50107	1086543	903413	0.055464	230990	11	1086543	3768	982027	773738	0.004870	63640	52	976342	0	0	0	nan	0	0	0	0.050594	0.000260	0.050594	0.000260	0.913986	0.004697
246	C	21370	1086543	912435	0.023421	230470	11	1086543	4252	980344	771706	0.005510	63671	52	974699	0	0	0	nan	0	0	0	0.017911	0.000181	0.017911	0.000181	0.323564	0.003270
247	G	6823	1086543	904872	0.007540	229757	11	1086543	1791	976160	766788	0.002336	63702	125	970571	0	0	0	nan	0	0	0	0.005205	0.000107	0.005205	0.000107	0.094029	0.001933
248	G	14417	1086543	866126	0.016645	228617	11	1086543	9000	972189	757324	0.011884	63721	133	966668	0	0	0	nan	0	0	0	0.004761	0.000187	0.004761	0.000187	0.086008	0.003378
249	C	5529	1086543	844177	0.006550	226689	11	1086543	2822	966230	746621	0.003780	63814	212	960805	0	0	0	nan	0	0	0	0.002770	0.000113	0.002770	0.000113	0.050040	0.002041
250	C	4375	1086543	813715	0.005377	224553	12	1086543	2644	958695	730554	0.003619	64520	602	953378	0	0	0	nan	0	0	0	0.001757	0.000108	0.001757	0.000108	0.031740	0.001951
251	G	9688	1086543	768196	0.012611	222491	13	1086543	5379	950979	714686	0.007526	64714	608	945826	0	0	0	nan	0	0	0	0.005085	0.000164	0.005085	0.000164	0.091861	0.002963
252	C	46830	1086543	729596	0.064186	220687	16	1086543	18072	944851	688043	0.026266	64988	645	939838	0	0	0	nan	0	0	0	0.037920	0.000355	0.037920	0.000355	0.685029	0.006413
253	U	6696	1086543	711485	0.009411	217703	17	1086543	1215	933669	681093	0.001784	65796	660	928859	0	0	0	nan	0	0	0	0.007627	0.000126	0.007627	0.000126	0.137783	0.002276
254	U	6851	1086543	747883	0.009161	215958	17	1086543	809	926581	675653	0.001197	65857	665	921926	0	0	0	nan	0	0	0	0.007963	0.000118	0.007963	0.000118	0.143852	0.002132
255	C	13379	1086543	801680	0.016689	214693	17	1086543	702	922195	713823	0.000983	65870	670	917660	0	0	0	nan	0	0	0	0.015705	0.000149	0.015705	0.000149	0.283713	0.002692
256	G	4547	1086543	821030	0.005538	213662	17	1086543	2791	918392	722873	0.003861	65874	673	914077	0	0	0	nan	0	0	0	0.001677	0.000110	0.001677	0.000110	0.030295	0.001987
257	A	23005	1086543	845849	0.027198	212782	17	1086543	632	920101	760509	0.000831	65875	674	915879	0	0	0	nan	0	0	0	0.026367	0.000182	0.026367	0.000182	0.476323	0.003288
258	G	10986	1086543	845636	0.012991	212252	18	1086543	4575	923486	747253	0.006122	65876	675	919302	0	0	0	nan	0	0	0	0.006869	0.000153	0.006869	0.000153	0.124089	0.002764
259	C	13135	1086543	878622	0.014950	211470	19	1086543	1753	926120	756741	0.002317	65876	676	921982	0	0	0	nan	0	0	0	0.012633	0.000142	0.012633	0.000142	0.228217	0.002565
260	A	50165	1086543	901818	0.055627	210840	20	1086543	774	925847	761618	0.001016	65877	676	921769	0	0	0	nan	0	0	0	0.054610	0.000251	0.054610	0.000251	0.986536	0.004534
261	G	5483	1086543	897772	0.006107	210056	20	1086543	919	926584	772615	0.001189	65877	676	922538	0	0	0	nan	0	0	0	0.004918	0.000091	0.004918	0.000091	0.088844	0.001644
262	A	34435	1086543	867984	0.039672	209507	21	1086543	949	929178	746345	0.001272	65878	679	925165	0	0	0	nan	0	0	0	0.038401	0.000218	0.038401	0.000218	0.693718	0.003938
263	C	41185	1086543	857829	0.048011	208961	21	1086543	377	930046	757615	0.000498	65878	680	926083	0	0	0	nan	0	0	0	0.047513	0.000238	0.047513	0.000238	0.858328	0.004299
264	A	45855	1086543	854030	0.053692	208431	21	1086543	482	932691	749285	0.000643	65878	680	928794	0	0	0	nan	0	0	0	0.053049	0.000252	0.053049	0.000252	0.958336	0.004552
265	U	14919	1086543	893472	0.016698	207977	23	1086543	1156	934449	806505	0.001433	65880	680	930625	0	0	0	nan	0	0	0	0.015264	0.000143	0.015264	0.000143	0.275746	0.002583
266	G	14645	1086543	882606	0.016593	207661	23	1086543	1136	935871	800701	0.001419	65881	680	932192	0	0	0	nan	0	0	0	0.015174	0.000143	0.015174	0.000143	0.274120	0.002583
267	A	54655	1086543	887801	0.061562	207330	23	1086543	944	935617	791052	0.001193	65881	684	932082	0	0	0	nan	0	0	0	0.060369	0.000266	0.060369	0.000266	1.090573	0.004805
268	U	13883	1086543	875707	0.015853	206956	23	1086543	619	936763	778414	0.000795	65881	687	933284	0	0	0	nan	0	0	0	0.015058	0.000138	0.015058	0.000138	0.272024	0.002493
269	A	32568	1086543	864567	0.037670	206531	23	1086543	675	937460	773847	0.000872	65882	688	934055	0	0	0	nan	0	0	0	0.036797	0.000211	0.036797	0.000211	0.664742	0.003812
270	A	49608	1086543	892290	0.055596	206191	23	1086543	921	939130	799239	0.001152	65884	688	935803	0	0	0	nan	0	0	0	0.054444	0.000252	0.054444	0.000252	0.983537	0.004552
271	G	8597	1086543	876660	0.009807	205805	27	1086543	953	940173	798354	0.001194	65885	697	936884	0	0	0	nan	0	0	0	0.008613	0.000113	0.008613	0.000113	0.155595	0.002041
272	A	45550	1086543	859410	0.053001	205510	27	1086543	692	941001	784051	0.000883	65885	699	937754	0	0	0	nan	0	0	0	0.052119	0.000251	0.052119	0.000251	0.941536	0.004534
273	U	16433	1086543	858966	0.019131	205130	27	1086543	825	942220	790296	0.001044	65885	699	939007	0	0	0	nan	0	0	0	0.018087	0.000154	0.018087	0.000154	0.326744	0.002782
274	A	50227	1086543	836893	0.060016	204898	27	1086543	648	944422	783751	0.000827	65885	700	941229	0	0	0	nan	0	0	0	0.059189	0.000270	0.059189	0.000270	1.069256	0.004878
275	C	78621	1086543	890126	0.088326	204500	27	1086543	510	945552	813411	0.000627	65886	700	942383	0	0	0	nan	0	0	0	0.087699	0.000316	0.087699	0.000316	1.584292	0.005709
276	A	58655	1086543	883131	0.066417	204177	27	1086543	492	946807	772416	0.000637	65886	700	943668	0	0	0	nan	0	0	0	0.065780	0.000276	0.065780	0.000276	1.188323	0.004986
277	U	14471	1086543	890980	0.016242	203842	27	1086543	916	947489	765765	0.001196	65877	700	944389	0	0	0	nan	0	0	0	0.015045	0.000141	0.015045	0.000141	0.271790	0.002547
278	U	14917	1086543	877662	0.016996	203398	27	1086543	796	949453	767963	0.001037	65879	700	946395	0	0	0	nan	0	0	0	0.015960	0.000144	0.015960	0.000144	0.288319	0.002601
279	G	10540	1086543	887256	0.011879	202690	27	1086543	999	949817	800809	0.001247	65880	701	946839	0	0	0	nan	0	0	0	0.010632	0.000122	0.010632	0.000122	0.192068	0.002204
280	A	67940	1086543	916558	0.074125	202033	27	1086543	654	950989	816695	0.000801	65880	701	948065	0	0	0	nan	0	0	0	0.073324	0.000286	0.073324	0.000286	1.324606	0.005167
281	U	12427	1086543	904169	0.013744	201459	27	1086543	741	951954	791837	0.000936	65880	701	949068	0	0	0	nan	0	0	0	0.012808	0.000128	0.012808	0.000128	0.231378	0.002312
282	G	6140	1086543	879508	0.006981	201106	27	1086543	2489	953429	779752	0.003192	65880	702	950584	0	0	0	nan	0	0	0	0.003789	0.000110	0.003789	0.000110	0.068449	0.001987
283	A	64255	1086543	902639	0.071186	200863	27	1086543	654	955096	786545	0.000831	65880	704	952300	0	0	0	nan	0	0	0	0.070354	0.000283	0.070354	0.000283	1.270953	0.005112
284	G	19302	1086543	900685	0.021430	200617	27	1086543	8627	957478	796200	0.010835	65879	704	954741	0	0	0	nan	0	0	0	0.010595	0.000193	0.010595	0.000193	0.191400	0.003487
285	U	9927	1086543	915305	0.010846	200399	27	1086543	9995	961234	823513	0.012137	65880	704	958553	0	0	0	nan	0	0	0	-0.001291	0.000163	-0.001291	0.000163	-0.023322	0.002945
286	U	11022	1086543	923089	0.011940	200264	27	1086543	1211	965166	827710	0.001463	65881	704	962546	0	0	0	nan	0	0	0	0.010477	0.000121	0.010477	0.000121	0.189268	0.002186
287	U	11237	1086543	938288	0.011976	200014	27	1086543	778	967452	829226	0.000938	65882	707	964897	0	0	0	nan	0	0	0	0.011038	0.000118	0.011038	0.000118	0.199403	0.002132
288	G	6701	1086543	944260	0.007097	199739	27	1086543	2023	968161	838383	0.002413	65882	708	965698	0	0	0	nan	0	0	0	0.004684	0.000102	0.004684	0.000102	0.084617	0.001843
289	G	4008	1086543	915471	0.004378	199544	27	1086543	1549	969014	841920	0.001840	65884	708	966649	0	0	0	nan	0	0	0	0.002538	0.000083	0.002538	0.000083	0.045849	0.001499
290	A	26091	1086543	889864	0.029320	199284	27	1086543	1272	969329	841593	0.001511	65884	709	967059	0	0	0	nan	0	0	0	0.027809	0.000186	0.027809	0.000186	0.502373	0.003360
291	C	60382	1086543	864428	0.069852	199059	27	1086543	2665	969848	833814	0.003196	65884	709	967617	0	0	0	nan	0	0	0	0.066656	0.000291	0.066656	0.000291	1.204148	0.005257
292	A	27046	1086543	860434	0.031433	198890	27	1086543	670	971065	834917	0.000802	65884	709	968884	0	0	0	nan	0	0	0	0.030630	0.000194	0.030630	0.000194	0.553334	0.003505
293	A	45503	1086543	875309	0.051985	198676	27	1086543	519	972242	857893	0.000605	65884	709	970108	0	0	0	nan	0	0	0	0.051380	0.000245	0.051380	0.000245	0.928185	0.004426
294	A	36140	1086543	866724	0.041697	198264	27	1086543	597	972749	838943	0.000712	65885	709	970641	0	0	0	nan	0	0	0	0.040986	0.000221	0.040986	0.000221	0.740417	0.003992
295	C	40284	1086543	839775	0.047970	197912	27	1086543	618	972854	804098	0.000769	65886	710	970771	0	0	0	nan	0	0	0	0.047201	0.000241	0.047201	0.000241	0.852691	0.004354
296	C	31749	1086543	841518	0.037728	197580	27	1086543	582	963329	816476	0.000713	65887	710	961267	0	0	0	nan	0	0	0	0.037015	0.000214	0.037015	0.000214	0.668680	0.003866
297	A	37271	1086543	849712	0.043863	197078	27	1086543	735	963904	815178	0.000902	65887	710	961861	0	0	0	nan	0	0	0	0.042961	0.000230	0.042961	0.000230	0.776095	0.004155
298	C	59809	1086543	860566	0.069500	196105	27	1086543	532	964373	858371	0.000620	65888	712	962362	0	0	0	nan	0	0	0	0.068880	0.000285	0.068880	0.000285	1.244325	0.005149
299	A	47590	1086543	873635	0.054474	195704	27	1086543	567	965490	866900	0.000654	65888	713	963519	0	0	0	nan	0	0	0	0.053819	0.000251	0.053819	0.000251	0.972246	0.004534
300	A	39925	1086543	873920	0.045685	195057	27	1086543	450	966815	852695	0.000528	65888	713	964902	0	0	0	nan	0	0	0	0.045157	0.000230	0.045157	0.000230	0.815766	0.004155
301	C	54678	1086543	862654	0.063383	194358	27	1086543	436	967258	828012	0.000527	65894	712	965420	0	0	0	nan	0	0	0	0.062857	0.000272	0.062857	0.000272	1.135519	0.004914
302	U	10857	1086543	862505	0.012588	193950	27	1086543	790	967722	822576	0.000960	65894	717	965930	0	0	0	nan	0	0	0	0.011627	0.000126	0.011627	0.000126	0.210043	0.002276
303	A	62910	1086543	896378	0.070182	193467	27	1086543	839	968941	851433	0.000985	65894	718	967174	0	0	0	nan	0	0	0	0.069197	0.000282	0.069197	0.000282	1.250052	0.005094
304	G	13697	1086543	928612	0.014750	192754	27	1086543	1271	969316	888379	0.001431	65894	719	967584	0	0	0	nan	0	0	0	0.013319	0.000132	0.013319	0.000132	0.240609	0.002385
305	A	35329	1086543	916778	0.038536	191988	27	1086543	701	969841	874097	0.000802	65894	720	968143	0	0	0	nan	0	0	0	0.037734	0.000207	0.037734	0.000207	0.681669	0.003739
306	A	59405	1086543	924712	0.064242	191229	27	1086543	486	970948	851494	0.000571	65894	720	969278	0	0	0	nan	0	0	0	0.063671	0.000265	0.063671	0.000265	1.150224	0.004787
307	U	14428	1086543	932714	0.015469	190579	27	1086543	785	971566	851765	0.000922	65897	723	969912	0	0	0	nan	0	0	0	0.014547	0.000133	0.014547	0.000133	0.262793	0.002403
308	G	5886	1086543	923537	0.006373	190132	27	1086543	3195	972145	837709	0.003814	65896	723	970511	0	0	0	nan	0	0	0	0.002559	0.000107	0.002559	0.000107	0.046229	0.001933
309	C	21178	1086543	928206	0.022816	189591	27	1086543	1050	972814	844941	0.001243	65896	723	971194	0	0	0	nan	0	0	0	0.021573	0.000161	0.021573	0.000161	0.389719	0.002908
310	A	25445	1086543	920084	0.027655	189166	27	1086543	710	973735	837531	0.000848	65896	724	972127	0	0	0	nan	0	0	0	0.026807	0.000176	0.026807	0.000176	0.484271	0.003179
311	G	4632	1086543	906415	0.005110	188868	27	1086543	850	975443	858136	0.000991	65896	725	973843	0	0	0	nan	0	0	0	0.004120	0.000082	0.004120	0.000082	0.074428	0.001481
312	U	13143	1086543	895395	0.014678	188457	27	1086543	1614	978042	855237	0.001887	65898	725	976459	0	0	0	nan	0	0	0	0.012791	0.000136	0.012791	0.000136	0.231071	0.002457
313	G	122661	1086543	905811	0.135416	187894	27	1086543	87954	979728	860876	0.102168	65898	725	978154	0	0	0	nan	0	0	0	0.033248	0.000518	nan	nan	nan	nan
314	A	70437	1086543	821025	0.085792	187327	27	1086543	10098	984611	871415	0.011588	65901	725	983059	0	0	0	nan	0	0	0	0.074203	0.000343	0.074203	0.000343	1.340486	0.006196
315	A	96832	1086543	922036	0.105020	186855	27	1086543	852	988321	893501	0.000954	65901	725	986797	0	0	0	nan	0	0	0	0.104066	0.000339	0.104066	0.000339	1.879964	0.006124
316	A	20531	1086543	953030	0.021543	186413	27	1086543	446	990145	906551	0.000492	65901	725	988674	0	0	0	nan	0	0	0	0.021051	0.000152	0.021051	0.000152	0.380289	0.002746
317	A	11949	1086543	953926	0.012526	186037	27	1086543	413	990928	895710	0.000461	65901	725	989499	0	0	0	nan	0	0	0	0.012065	0.000117	0.012065	0.000117	0.217956	0.002114
318	A	13708	1086543	953108	0.014382	185754	27	1086543	532	992054	892096	0.000596	65902	726	990698	0	0	0	nan	0	0	0	0.013786	0.000126	0.013786	0.000126	0.249046	0.002276
319	A	22029	1086543	956667	0.023027	182779	27	1086543	451	992754	889247	0.000507	65896	726	991486	0	0	0	nan	0	0	0	0.022520	0.000157	0.022520	0.000157	0.406826	0.002836
320	A	47765	1086543	959225	0.049795	182598	27	1086543	813	993170	870496	0.000934	65897	726	991956	0	0	0	nan	0	0	0	0.048861	0.000230	0.048861	0.000230	0.882679	0.004155
321	U	12835	1086543	965060	0.013300	182398	27	1086543	551	994083	879183	0.000627	65899	726	992904	0	0	0	nan	0	0	0	0.012673	0.000120	0.012673	0.000120	0.228939	0.002168
322	G	8049	1086543	964375	0.008346	182270	28	1086543	5396	995342	891454	0.006053	65897	726	994191	0	0	0	nan	0	0	0	0.002293	0.000124	0.002293	0.000124	0.041423	0.002240
323	C	59459	1086543	976482	0.060891	182138	28	1086543	16034	996554	930225	0.017237	65898	726	995431	0	0	0	nan	0	0	0	0.043654	0.000284	0.043654	0.000284	0.788614	0.005130
324	U	26884	1086543	962716	0.027925	181866	28	1086543	5435	997174	940002	0.005782	65900	726	996066	0	0	0	nan	0	0	0	0.022143	0.000188	0.022143	0.000188	0.400016	0.003396
325	U	21462	1086543	947884	0.022642	181393	28	1086543	1413	997756	920587	0.001535	65900	727	996666	0	0	0	nan	0	0	0	0.021107	0.000160	0.021107	0.000160	0.381300	0.002890
326	U	15962	1086543	915367	0.017438	181001	28	1086543	667	998596	916114	0.000728	65900	728	997521	0	0	0	nan	0	0	0	0.016710	0.000141	0.016710	0.000141	0.301868	0.002547
327	A	80510	1086543	935405	0.086070	180602	28	1086543	1197	998926	893781	0.001339	65888	728	997861	0	0	0	nan	0	0	0	0.084730	0.000306	0.084730	0.000306	1.530657	0.005528
328	U	15005	1086543	924568	0.016229	180178	28	1086543	2462	999135	875858	0.002811	65888	728	998079	0	0	0	nan	0	0	0	0.013418	0.000144	0.013418	0.000144	0.242398	0.002601
329	U	16633	1086543	924890	0.017984	179757	28	1086543	784	999508	875392	0.000896	65881	729	998469	0	0	0	nan	0	0	0	0.017088	0.000143	0.017088	0.000143	0.308697	0.002583
330	U	15404	1086543	932159	0.016525	179081	28	1086543	707	1000381	889962	0.000794	65869	729	999362	0	0	0	nan	0	0	0	0.015731	0.000136	0.015731	0.000136	0.284182	0.002457
331	G	26030	1086543	942448	0.027620	178334	28	1086543	1013	1001242	903709	0.001121	65870	729	1000240	0	0	0	nan	0	0	0	0.026499	0.000175	0.026499	0.000175	0.478707	0.003161
332	U	12434	1086543	938508	0.013249	177801	28	1086543	1191	1001800	894805	0.001331	65781	730	1000806	0	0	0	nan	0	0	0	0.011918	0.000125	0.011918	0.000125	0.215300	0.002258
333	G	17797	1086543	908243	0.019595	177339	29	1086543	4216	1002374	874421	0.004821	65780	731	1001392	0	0	0	nan	0	0	0	0.014774	0.000165	0.014774	0.000165	0.266894	0.002981
334	A	19898	1086543	885972	0.022459	177008	29	1086543	756	1002875	874143	0.000865	65780	731	1001898	0	0	0	nan	0	0	0	0.021594	0.000162	0.021594	0.000162	0.390098	0.002927
335	A	71812	1086543	923328	0.077775	176687	29	1086543	380	1003593	884899	0.000429	65739	731	1002618	0	0	0	nan	0	0	0	0.077346	0.000291	0.077346	0.000291	1.397264	0.005257
336	A	71597	1086543	940723	0.076108	176422	29	1086543	1261	1005433	890123	0.001417	65538	731	1004462	0	0	0	nan	0	0	0	0.074692	0.000287	0.074692	0.000287	1.349319	0.005185
337	U	11797	1086543	959340	0.012297	176095	29	1086543	2469	1007272	910786	0.002711	65534	731	1006304	0	0	0	nan	0	0	0	0.009586	0.000126	0.009586	0.000126	0.173172	0.002276
338	U	18028	1086543	971974	0.018548	175879	29	1086543	529	1009492	919817	0.000575	65220	735	1008534	0	0	0	nan	0	0	0	0.017973	0.000140	0.017973	0.000140	0.324684	0.002529
339	U	17137	1086543	980040	0.017486	175613	29	1086543	906	1011538	919611	0.000985	64962	739	1010594	0	0	0	nan	0	0	0	0.016501	0.000138	0.016501	0.000138	0.298092	0.002493
340	G	16905	1086543	979458	0.017260	175317	29	1086543	1111	1012182	913276	0.001216	64961	739	1011249	0	0	0	nan	0	0	0	0.016043	0.000138	0.016043	0.000138	0.289819	0.002493
341	U	11813	1086543	974712	0.012119	175113	29	1086543	1020	1012649	904413	0.001128	64713	739	1011724	0	0	0	nan	0	0	0	0.010992	0.000117	0.010992	0.000117	0.198572	0.002114
342	G	6981	1086543	974307	0.007165	174963	29	1086543	1189	1013282	917139	0.001296	64714	740	1012374	0	0	0	nan	0	0	0	0.005869	0.000094	0.005869	0.000094	0.106024	0.001698
343	A	57656	1086543	990073	0.058234	174801	29	1086543	670	1013762	936019	0.000716	64590	742	1012863	0	0	0	nan	0	0	0	0.057518	0.000244	0.057518	0.000244	1.039069	0.004408
344	U	13063	1086543	992271	0.013165	174701	29	1086543	972	1014338	944483	0.001029	64593	742	1013446	0	0	0	nan	0	0	0	0.012136	0.000120	0.012136	0.000120	0.219238	0.002168
345	G	7607	1086543	987632	0.007702	174531	29	1086543	3941	1015546	951184	0.004143	64569	743	1014664	0	0	0	nan	0	0	0	0.003559	0.000110	0.003559	0.000110	0.064294	0.001987
346	C	54816	1086543	973792	0.056291	174278	29	1086543	1192	1016464	941688	0.001266	64569	743	1015588	0	0	0	nan	0	0	0	0.055025	0.000243	0.055025	0.000243	0.994033	0.004390
347	U	13535	1086543	966203	0.014008	173919	29	1086543	508	1017092	948611	0.000536	64570	743	1016223	0	0	0	nan	0	0	0	0.013473	0.000123	0.013473	0.000123	0.243391	0.002222
348	A	62129	1086543	967559	0.064212	173705	29	1086543	1038	1017729	927281	0.001119	64568	747	1016870	0	0	0	nan	0	0	0	0.063093	0.000260	0.063093	0.000260	1.139782	0.004697
349	U	17246	1086543	974544	0.017696	173412	29	1086543	1134	1018277	920693	0.001232	64568	747	1017430	0	0	0	nan	0	0	0	0.016465	0.000140	0.016465	0.000140	0.297442	0.002529
350	U	12695	1086543	968835	0.013103	173197	29	1086543	640	1018880	908951	0.000704	64553	747	1018035	0	0	0	nan	0	0	0	0.012399	0.000120	0.012399	0.000120	0.223989	0.002168
351	G	6910	1086543	966662	0.007148	172763	29	1086543	5000	1019400	910554	0.005491	64549	747	1018560	0	0	0	nan	0	0	0	0.001657	0.000116	0.001657	0.000116	0.029934	0.002096
352	C	52776	1086543	955462	0.055236	172462	30	1086543	38143	1020763	902927	0.042244	64550	748	1019930	0	0	0	nan	0	0	0	0.012992	0.000323	0.012992	0.000323	0.234702	0.005835
353	U	21685	1086543	937897	0.023121	172024	30	1086543	2965	1021810	914715	0.003241	64647	748	1020980	0	0	0	nan	0	0	0	0.019879	0.000168	0.019879	0.000168	0.359116	0.003035
354	U	21929	1086543	947758	0.023138	171523	30	1086543	1300	1023451	923967	0.001407	64641	750	1022625	0	0	0	nan	0	0	0	0.021731	0.000161	0.021731	0.000161	0.392573	0.002908
355	U	16584	1086543	918538	0.018055	171047	30	1086543	530	1024099	914538	0.000580	64624	750	1023282	0	0	0	nan	0	0	0	0.017475	0.000142	0.017475	0.000142	0.315688	0.002565
356	A	77210	1086543	912347	0.084628	170667	30	1086543	1427	1024584	846348	0.001686	64614	749	1023777	0	0	0	nan	0	0	0	0.082942	0.000308	0.082942	0.000308	1.498357	0.005564
357	U	12485	1086543	899940	0.013873	170471	30	1086543	3012	1025049	834653	0.003609	64614	749	1024244	0	0	0	nan	0	0	0	0.010264	0.000140	0.010264	0.000140	0.185420	0.002529
358	U	17603	1086543	916319	0.019211	170075	30	1086543	725	1026243	853141	0.000850	64614	751	1025443	0	0	0	nan	0	0	0	0.018361	0.000148	0.018361	0.000148	0.331694	0.002674
359	U	17064	1086543	968500	0.017619	169766	30	1086543	668	1027438	922825	0.000724	64614	753	1026648	0	0	0	nan	0	0	0	0.016895	0.000138	0.016895	0.000138	0.305210	0.002493
360	G	11595	1086543	997837	0.011620	169246	30	1086543	805	1029888	944734	0.000852	64616	759	1029112	0	0	0	nan	0	0	0	0.010768	0.000112	0.010768	0.000112	0.194525	0.002023
361	U	14274	1086543	991138	0.014402	168970	30	1086543	853	1030948	941729	0.000906	64617	759	1030188	0	0	0	nan	0	0	0	0.013496	0.000124	0.013496	0.000124	0.243807	0.002240
362	A	43884	1086543	984453	0.044577	168458	30	1086543	714	1032225	921892	0.000774	64614	760	1031489	0	0	0	nan	0	0	0	0.043803	0.000215	0.043803	0.000215	0.791306	0.003884
363	A	74276	1086543	1011864	0.073405	167707	30	1086543	6425	1032753	935067	0.006871	64617	760	1032028	0	0	0	nan	0	0	0	0.066534	0.000283	0.066534	0.000283	1.201944	0.005112
364	C	1790	1086543	1023409	0.001749	166573	30	1086543	952	1033194	935362	0.001018	64638	775	1032471	0	0	0	nan	0	0	0	0.000731	0.000053	0.000731	0.000053	0.013206	0.000957
365	C	832	1086543	1037163	0.000802	165292	30	1086543	626	1033564	957490	0.000654	64638	775	1032843	0	0	0	nan	0	0	0	0.000148	0.000038	0.000148	0.000038	0.002674	0.000686
366	A	1854	1086543	1032012	0.001796	164936	30	1086543	2163	1034011	944449	0.002290	64638	777	1033300	0	0	0	nan	0	0	0	-0.000494	0.000065	-0.000494	0.000065	-0.008924	0.001174
367	U	2679	1086543	1025256	0.002613	163686	30	1086543	3124	1034220	936076	0.003337	64636	777	1033509	0	0	0	nan	0	0	0	-0.000724	0.000078	-0.000724	0.000078	-0.013079	0.001409
368	U	495	1086543	1011043	0.000490	162185	30	1086543	574	1034420	919929	0.000624	64623	777	1033771	0	0	0	nan	0	0	0	-0.000134	0.000034	-0.000134	0.000034	-0.002421	0.000614
369	A	1271	1086543	1018936	0.001247	162037	30	1086543	1232	1034755	930555	0.001324	64623	779	1034697	0	0	0	nan	0	0	0	-0.000077	0.000051	-0.000077	0.000051	-0.001391	0.000921
370	U	959	1086543	1019293	0.000941	160582	30	1086543	920	1035530	938714	0.000980	64618	780	1035474	0	0	0	nan	0	0	0	-0.000039	0.000044	-0.000039	0.000044	-0.000705	0.000795
371	A	293	1086543	1001762	0.000292	160402	30	1086543	241	1036367	922944	0.000261	64618	780	1036318	0	0	0	nan	0	0	0	0.000031	0.000024	0.000031	0.000024	0.000560	0.000434
372	A	0	1086543	1009602	0.000000	157340	30	1086543	0	1038420	936383	0.000000	64605	782	1038374	0	0	0	nan	0	0	0	0.000000	0.000000	0.000000	0.000000	0.000000	0.000000
373	g	0	1086543	0	nan	157121	30	1086543	0	1040530	0	nan	64606	784	1040486	0	0	0	nan	0	0	0	nan	nan	nan	nan	nan	nan
374	c	0	1086543	0	nan	157017	30	1086543	0	1041433	0	nan	64606	784	1041390	0	0	0	nan	0	0	0	nan	nan	nan	nan	nan	nan
375	u	0	1086543	0	nan	156277	30	1086543	0	1042228	0	nan	64575	784	1042188	0	0	0	nan	0	0	0	nan	nan	nan	nan	nan	nan
376	g	0	1086543	0	nan	154598	29	1086543	0	1043013	0	nan	64487	784	1042974	0	0	0	nan	0	0	0	nan	nan	nan	nan	nan	nan
377	c	0	1086543	0	nan	154451	29	1086543	0	1043511	0	nan	64487	783	1043472	0	0	0	nan	0	0	0	nan	nan	nan	nan	nan	nan
378	a	0	1086543	0	nan	154383	29	1086543	0	1044485	0	nan	64487	782	1044447	0	0	0	nan	0	0	0	nan	nan	nan	nan	nan	nan
379	a	0	1086543	0	nan	154131	29	1086543	0	1045180	0	nan	64347	784	1045142	0	0	0	nan	0	0	0	nan	nan	nan	nan	nan	nan
380	u	0	1086543	0	nan	153692	29	1086543	0	1045494	0	nan	64146	784	1045458	0	0	0	nan	0	0	0	nan	nan	nan	nan	nan	nan
381	a	0	1086543	0	nan	153258	29	1086543	0	1045804	0	nan	64145	782	1045772	0	0	0	nan	0	0	0	nan	nan	nan	nan	nan	nan
382	a	0	1086543	0	nan	153071	29	1086543	0	1046123	0	nan	63899	781	1046095	0	0	0	nan	0	0	0	nan	nan	nan	nan	nan	nan
383	a	0	1086543	0	nan	152903	29	1086543	0	1046121	0	nan	63686	781	1046095	0	0	0	nan	0	0	0	nan	nan	nan	nan	nan	nan
384	c	0	1086543	0	nan	152432	29	1086543	0	1046116	0	nan	63545	781	1046095	0	0	0	nan	0	0	0	nan	nan	nan	nan	nan	nan
385	a	0	1086543	0	nan	151865	29	1086543	0	1046114	0	nan	63545	781	1046095	0	0	0	nan	0	0	0	nan	nan	nan	nan	nan	nan
386	a	0	1086543	0	nan	151413	29	1086543	0	1046111	0	nan	63454	781	1046095	0	0	0	nan	0	0	0	nan	nan	nan	nan	nan	nan
387	g	0	1086543	0	nan	151353	29	1086543	0	1046111	0	nan	63453	781	1046095	0	0	0	nan	0	0	0	nan	nan	nan	nan	nan	nan
388	u	0	1086543	0	nan	151336	29	1086543	0	1046111	0	nan	63453	781	1046095	0	0	0	nan	0	0	0	nan	nan	nan	nan	nan	nan
389	u	0	1086543	0	nan	151006	29	1086543	0	1046111	0	nan	63451	781	1046095	0	0	0	nan	0	0	0	nan	nan	nan	nan	nan	nan
390	a	0	1086543	0	nan	150997	29	1086543	0	1046110	0	nan	63451	781	1046095	0	0	0	nan	0	0	0	nan	nan	nan	nan	nan	nan
391	a	0	1086543	0	nan	150795	29	1086543	0	1046105	0	nan	63451	781	1046095	0	0	0	nan	0	0	0	nan	nan	nan	nan	nan	nan
392	c	0	1086543	0	nan	150244	29	1086543	0	1046102	0	nan	63439	781	1046095	0	0	0	nan	0	0	0	nan	nan	nan	nan	nan	nan
393	a	0	1086543	0	nan	149809	29	1086543	0	1046099	0	nan	63438	781	1046095	0	0	0	nan	0	0	0	nan	nan	nan	nan	nan	nan
394	a	0	1086543	0	nan	149546	29	1086543	0	1046095	0	nan	63431	781	1046095	0	0	0	nan	0	0	0	nan	nan	nan	nan	nan	nan
395	c	0	1086119	0	nan	149528	29	1086119	0	1046069	0	nan	63429	781	1046069	0	0	0	nan	0	0	0	nan	nan	nan	nan	nan	nan
396	a	0	1086075	0	nan	149521	29	1086075	0	1046053	0	nan	63427	781	1046053	0	0	0	nan	0	0	0	nan	nan	nan	nan	nan	nan
397	a	0	1085844	0	nan	149493	28	1085844	0	1046027	0	nan	63426	781	1046027	0	0	0	nan	0	0	0	nan	nan	nan	nan	nan	nan
398	c	0	1085386	0	nan	149460	27	1085386	0	1045996	0	nan	63424	781	1045996	0	0	0	nan	0	0	0	nan	nan	nan	nan	nan	nan
399	a	0	1084978	0	nan	149376	27	1084978	0	1045940	0	nan	63421	781	1045940	0	0	0	nan	0	0	0	nan	nan	nan	nan	nan	nan
400	a	0	1084442	0	nan	149368	27	1084442	0	1045856	0	nan	63415	780	1045856	0	0	0	nan	0	0	0	nan	nan	nan	nan	nan	nan
401	u	0	1084366	0	nan	149358	27	1084366	0	1045792	0	nan	63405	780	1045792	0	0	0	nan	0	0	0	nan	nan	nan	nan	nan	nan
402	u	0	1083082	0	nan	149205	27	1083082	0	1044827	0	nan	63336	778	1044827	0	0	0	nan	0	0	0	nan	nan	nan	nan	nan	nan
403	g	0	1081346	0	nan	149000	26	1081346	0	1043869	0	nan	63241	774	1043869	0	0	0	nan	0	0	0	nan	nan	nan	nan	nan	nan
404	c	0	1075778	0	nan	148209	26	1075778	0	1041485	0	nan	63120	772	1041485	0	0	0	nan	0	0	0	nan	nan	nan	nan	nan	nan