452	Window=3	Metric=PAIRMAPPER	
i	j	Sig.	Class	Zij	Zi	Zj	Mod_Depth	Mod_Comuts	Unt_Depth	Unt_Comuts
168	198	26.26	1	2.50	4.84	0.17	487258	204	1020110	14
36	93	76.81	2	2.55	1.72	3.38	626447	3050	1156630	2
37	46	70.83	2	2.35	2.77	1.94	626606	1718	1187426	24
37	77	36.74	2	2.35	1.44	3.27	628401	1842	1158776	34
44	83	91.32	2	4.04	6.76	1.32	629644	2347	1168952	16
70	87	95.28	2	4.46	8.15	0.78	617463	4603	1163645	87
97	108	42.85	2	2.36	4.25	0.47	625537	2372	1133876	12
98	107	37.31	2	6.22	11.69	0.75	618243	2520	1138224	16
114	127	193.24	2	4.23	5.51	2.95	622772	1257	1125448	43
115	126	470.12	2	8.87	11.16	6.57	616346	1222	1122887	28
116	125	592.45	2	8.93	9.53	8.34	611876	1436	1121220	16
116	139	26.98	2	2.33	0.43	4.23	620983	958	1118138	18
144	155	867.49	2	11.74	11.95	11.53	539902	1799	1110160	297
162	204	163.97	2	5.76	5.91	5.61	424611	762	1051273	10
163	203	163.55	2	4.94	3.51	6.36	490974	654	1037995	8
164	205	61.54	2	2.64	2.10	3.18	484691	816	1050993	13
169	197	80.00	2	5.03	9.19	0.87	480609	391	1015836	32
170	196	127.99	2	3.57	4.37	2.78	464129	426	1025622	23
177	187	73.20	2	3.76	1.02	6.50	517508	431	1040266	99
177	188	194.91	2	5.29	2.71	7.87	511924	1090	1032774	70
178	187	80.60	2	4.06	0.96	7.15	485751	371	1041017	70
178	190	112.30	2	4.27	1.34	7.20	456866	917	1008915	66
179	189	104.74	2	3.69	2.50	4.89	393502	872	963332	71
179	190	96.64	2	4.25	2.31	6.19	469872	881	994086	69
187	197	59.79	2	2.98	5.31	0.65	564967	395	1002908	71
188	197	143.68	2	3.69	5.80	1.57	559150	997	997789	48
216	234	292.33	2	6.96	5.28	8.65	513910	2000	781694	15
217	233	507.96	2	9.59	10.46	8.71	525626	1997	804512	42
220	230	53.43	2	5.32	7.99	2.66	484976	764	765321	21
248	278	43.59	2	2.94	5.06	0.82	451349	1139	512294	15
265	296	26.45	2	2.69	4.60	0.77	489778	865	514528	12
266	294	43.73	2	3.36	4.81	1.91	485100	802	569372	39
266	295	66.29	2	4.52	7.29	1.75	485950	1139	555544	39
270	291	36.89	2	4.32	5.02	3.62	488316	1786	563720	6
274	290	236.18	2	10.28	12.72	7.83	426206	2575	514185	4
278	287	390.11	2	9.84	7.28	12.41	471929	1411	613871	6
288	309	32.15	2	3.23	0.77	5.69	414537	2421	532369	4
306	331	47.45	2	2.82	1.46	4.19	437891	710	628769	7
307	330	66.60	2	3.77	2.21	5.34	465051	1303	666039	4
308	329	114.36	2	5.62	4.85	6.39	446026	1199	627479	4
352	372	70.85	2	3.48	5.77	1.20	564560	422	883932	26
353	371	66.12	2	3.44	6.32	0.57	592761	572	947170	20
354	366	99.90	2	4.26	3.55	4.97	600371	649	952107	16
360	415	248.84	2	3.24	2.57	3.92	613468	2489	990509	13
361	414	173.07	2	5.21	8.92	1.50	625267	1614	1024394	18
361	422	77.08	2	2.38	3.96	0.80	621216	1307	1016206	31
365	410	163.80	2	5.71	8.14	3.28	596293	2468	976050	9
368	386	256.18	2	7.33	12.27	2.38	589013	1297	958541	21
369	385	412.39	2	6.41	3.86	8.96	587914	1458	972520	13
370	384	497.50	2	6.93	4.40	9.46	603400	1118	995791	11
371	383	114.40	2	5.12	0.98	9.26	607055	474	1004947	22
372	382	49.18	2	2.39	0.83	3.96	579863	341	946391	20
372	385	333.84	2	6.46	5.66	7.25	571530	674	933043	23
390	399	272.70	2	9.79	5.78	13.80	586852	2804	1046677	91
411	426	89.70	2	2.53	2.34	2.72	620542	1420	1080375	11
415	425	544.61	2	7.34	8.58	6.10	623427	1994	1062068	27
28	37	84.41	0	6.56	9.81	3.30	626013	1655	1187182	29
28	42	76.21	0	6.98	8.86	5.09	630175	4347	1177835	24
29	41	26.03	0	1.98	2.04	1.93	627160	4080	1186971	14
29	101	66.18	0	3.13	5.18	1.09	624670	3997	1176891	9
29	102	46.13	0	2.35	3.61	1.10	626012	3381	1172506	26
30	80	24.63	0	1.34	1.09	1.60	622412	1152	1161197	19
30	100	78.92	0	2.64	3.49	1.79	617434	3929	1173836	12
31	99	24.24	0	1.31	1.19	1.42	621100	1721	1168822	9
37	92	47.98	0	1.58	1.88	1.29	627357	3080	1159091	7
38	49	103.72	0	7.91	10.05	5.76	618716	2982	1186568	10
43	84	208.87	0	4.90	5.39	4.41	623623	5700	1149882	22
44	100	24.06	0	1.16	1.78	0.54	619145	2155	1174449	21
45	82	50.01	0	1.36	1.38	1.34	633980	2642	1165326	70
45	99	42.34	0	1.82	1.17	2.48	625016	1636	1160365	28
48	79	27.90	0	1.94	0.65	3.24	624643	985	1180237	11
66	88	86.18	0	2.26	2.84	1.68	616789	3946	1158626	66
67	87	168.16	0	3.70	6.01	1.38	606050	6264	1160424	112
78	102	36.85	0	1.73	2.58	0.88	629098	4172	1160425	30
79	100	33.51	0	2.32	3.89	0.76	623639	1600	1171115	12
87	111	24.83	0	1.74	0.19	3.30	633951	1468	1141316	44
87	136	25.13	0	1.34	0.19	2.48	626874	1805	1136419	56
88	167	26.90	0	0.38	0.51	0.25	504935	786	1111674	19
93	149	79.11	0	3.47	3.48	3.45	599376	3618	1123476	3
94	110	34.02	0	1.84	2.53	1.15	634512	1234	1145653	14
94	148	25.66	0	1.38	1.91	0.85	607055	2563	1123660	4
94	152	58.14	0	3.71	4.34	3.07	587501	2375	1126588	7
95	147	31.41	0	1.53	1.77	1.30	597848	1806	1087879	11
95	151	25.44	0	1.72	1.43	2.00	593164	1817	1128095	7
110	133	38.45	0	2.81	1.30	4.32	629819	3378	1122481	18
112	121	180.83	0	13.42	14.44	12.40	609213	2525	1121764	30
113	128	42.86	0	1.64	2.01	1.28	621684	878	1125531	46
113	144	38.75	0	1.18	1.82	0.54	616631	675	1122033	88
114	150	26.29	0	1.65	0.75	2.55	589324	1514	1115415	17
133	145	61.59	0	3.89	6.92	0.87	613024	2079	1113532	35
134	144	24.35	0	1.56	2.78	0.34	615985	922	1108693	34
135	146	51.21	0	2.75	4.43	1.07	610494	1716	1111331	29
135	149	47.68	0	3.10	4.13	2.08	597343	2508	1117416	22
143	156	26.52	0	1.05	1.74	0.36	484114	630	1097843	59
157	167	65.33	0	1.44	2.28	0.61	412857	427	1090024	68
164	201	35.85	0	2.18	1.22	3.13	455961	1405	966840	28
166	190	49.75	0	1.88	0.58	3.19	426091	1021	1015173	14
167	199	170.66	0	3.10	1.59	4.60	477389	892	1017388	42
171	191	125.13	0	6.18	1.20	11.16	468530	622	1025290	18
173	203	38.71	0	1.45	1.39	1.51	501133	1184	1038286	10
216	252	44.01	0	3.12	0.80	5.45	450246	1613	664748	20
231	253	24.55	0	1.37	0.72	2.01	346237	2019	577736	36
256	296	45.32	0	2.91	4.50	1.32	441362	1730	469738	15
274	287	28.09	0	1.21	1.52	0.90	424527	943	528304	11
278	306	27.64	0	0.69	0.52	0.85	410586	763	516748	7
296	313	31.72	0	1.50	0.92	2.09	446482	1291	567801	17
297	312	25.38	0	1.53	1.42	1.64	431432	1041	550930	15
305	318	85.87	0	5.79	9.05	2.53	490925	1474	708504	28
306	317	31.67	0	1.66	0.98	2.34	448016	1399	649145	12
330	342	25.10	0	3.26	2.01	4.51	532142	2524	853619	11
349	369	27.26	0	1.87	3.49	0.25	579339	1531	929569	19
350	371	53.19	0	3.58	6.70	0.46	569793	1075	881951	20
351	370	44.58	0	2.55	4.72	0.39	566460	1033	865772	23
351	373	48.27	0	4.23	5.11	3.34	571963	1608	891706	20
351	378	31.09	0	3.52	3.29	3.75	561113	2251	882006	11
354	391	28.05	0	0.69	0.99	0.39	590592	1290	977841	21
354	401	44.55	0	1.00	1.58	0.43	594683	2152	983100	7
354	414	26.86	0	0.59	0.95	0.23	616963	1250	992725	19
354	422	33.05	0	0.75	1.17	0.34	613202	1114	986372	19
355	421	145.91	0	4.49	7.23	1.76	606501	2661	970618	10
357	382	45.06	0	1.98	0.33	3.63	603214	1001	982525	19
361	391	28.52	0	0.93	1.45	0.40	599635	1433	1007742	26
362	371	44.24	0	1.63	2.88	0.38	599584	666	969820	13
362	390	36.41	0	1.57	2.37	0.77	598495	692	992366	28
362	392	32.89	0	1.23	2.13	0.33	604525	1968	1000274	14
362	421	30.49	0	1.17	1.98	0.36	614387	1078	991331	6
363	378	29.21	0	2.81	2.10	3.53	588157	1253	991225	12
382	410	28.59	0	1.43	2.30	0.57	608952	1000	1022178	14
394	405	24.23	0	1.49	0.72	2.25	595125	2477	1028615	14
397	420	33.80	0	1.48	1.73	1.24	574128	1229	930921	22
