Nucleotide	Sequence	Modified_mutations	Modified_read_depth	Modified_effective_depth	Modified_rate	Modified_off_target_mapped_depth	Modified_low_mapq_mapped_depth	Modified_primer_pair_1_mapped_depth	Untreated_mutations	Untreated_read_depth	Untreated_effective_depth	Untreated_rate	Untreated_off_target_mapped_depth	Untreated_low_mapq_mapped_depth	Untreated_primer_pair_1_mapped_depth	Denatured_mutations	Denatured_read_depth	Denatured_effective_depth	Denatured_rate	Denatured_off_target_mapped_depth	Denatured_low_mapq_mapped_depth	Denatured_primer_pair_1_mapped_depth	Reactivity_profile	Std_err	HQ_profile	HQ_stderr	Norm_profile	Norm_stderr
1	c	0	474487	0	nan	601910	223	474487	0	1270310	0	nan	34805	588	1270310	0	0	0	nan	0	0	0	nan	nan	nan	nan	nan	nan
2	a	0	476318	0	nan	603953	223	476318	0	1272443	0	nan	34871	591	1272443	0	0	0	nan	0	0	0	nan	nan	nan	nan	nan	nan
3	g	0	477096	0	nan	604954	223	477096	0	1274233	0	nan	34924	591	1274233	0	0	0	nan	0	0	0	nan	nan	nan	nan	nan	nan
4	a	0	477392	0	nan	605090	223	477392	0	1274455	0	nan	34929	592	1274455	0	0	0	nan	0	0	0	nan	nan	nan	nan	nan	nan
5	u	0	477898	0	nan	605267	223	477898	0	1274747	0	nan	34938	592	1274747	0	0	0	nan	0	0	0	nan	nan	nan	nan	nan	nan
6	c	0	478215	0	nan	605377	223	478215	0	1274789	0	nan	34939	592	1274789	0	0	0	nan	0	0	0	nan	nan	nan	nan	nan	nan
7	a	0	478379	0	nan	605409	223	478379	0	1274817	0	nan	34940	593	1274817	0	0	0	nan	0	0	0	nan	nan	nan	nan	nan	nan
8	c	0	478520	0	nan	605420	223	478520	0	1274828	0	nan	34941	593	1274828	0	0	0	nan	0	0	0	nan	nan	nan	nan	nan	nan
9	u	0	478654	0	nan	605433	223	478654	0	1274833	0	nan	34941	593	1274833	0	0	0	nan	0	0	0	nan	nan	nan	nan	nan	nan
10	a	0	478822	0	nan	605459	223	478822	0	1274873	0	nan	34943	593	1274873	0	0	0	nan	0	0	0	nan	nan	nan	nan	nan	nan
11	g	0	478977	0	nan	605463	223	478977	0	1274876	0	nan	34943	593	1274876	0	0	0	nan	0	0	0	nan	nan	nan	nan	nan	nan
12	a	0	478977	0	nan	605622	223	478977	0	1274880	0	nan	34947	593	1274876	0	0	0	nan	0	0	0	nan	nan	nan	nan	nan	nan
13	a	0	478977	0	nan	605731	223	478977	0	1274887	0	nan	34953	593	1274876	0	0	0	nan	0	0	0	nan	nan	nan	nan	nan	nan
14	g	0	478977	0	nan	605827	223	478977	0	1274889	0	nan	34954	593	1274876	0	0	0	nan	0	0	0	nan	nan	nan	nan	nan	nan
15	c	0	478977	0	nan	606065	223	478977	0	1274921	0	nan	34968	593	1274876	0	0	0	nan	0	0	0	nan	nan	nan	nan	nan	nan
16	u	0	478977	0	nan	606180	223	478977	0	1274923	0	nan	34970	593	1274876	0	0	0	nan	0	0	0	nan	nan	nan	nan	nan	nan
17	u	0	478977	0	nan	606466	223	478977	0	1274924	0	nan	34971	593	1274876	0	0	0	nan	0	0	0	nan	nan	nan	nan	nan	nan
18	u	0	478977	0	nan	606675	223	478977	0	1274927	0	nan	34972	593	1274876	0	0	0	nan	0	0	0	nan	nan	nan	nan	nan	nan
19	a	0	478977	0	nan	606882	223	478977	0	1274929	0	nan	34973	593	1274876	0	0	0	nan	0	0	0	nan	nan	nan	nan	nan	nan
20	u	0	478977	0	nan	607045	223	478977	0	1274929	0	nan	34975	593	1274876	0	0	0	nan	0	0	0	nan	nan	nan	nan	nan	nan
21	u	0	478977	0	nan	607376	223	478977	0	1274929	0	nan	34975	593	1274876	0	0	0	nan	0	0	0	nan	nan	nan	nan	nan	nan
22	g	0	478977	0	nan	607541	224	478977	0	1274929	0	nan	34975	593	1274876	0	0	0	nan	0	0	0	nan	nan	nan	nan	nan	nan
23	c	0	478977	0	nan	607946	224	478977	0	1274930	0	nan	34976	593	1274876	0	0	0	nan	0	0	0	nan	nan	nan	nan	nan	nan
24	g	0	478977	0	nan	608332	224	478977	0	1273498	0	nan	34980	593	1273443	0	0	0	nan	0	0	0	nan	nan	nan	nan	nan	nan
25	g	0	478977	0	nan	608559	224	478977	0	1273300	0	nan	34982	593	1273245	0	0	0	nan	0	0	0	nan	nan	nan	nan	nan	nan
26	U	1	478977	463268	0.000002	608603	224	478977	1	1273138	1212429	0.000001	34973	593	1273083	0	0	0	nan	0	0	0	0.000001	0.000002	0.000001	0.000002	0.000018	0.000036
27	A	10844	478977	457864	0.023684	608589	224	478977	860	1272961	1231305	0.000698	34977	593	1272906	0	0	0	nan	0	0	0	0.022985	0.000229	0.022985	0.000229	0.415750	0.004142
28	G	6084	478977	459407	0.013243	608597	224	478977	2487	1272746	1223436	0.002033	34978	593	1272691	0	0	0	nan	0	0	0	0.011210	0.000175	0.011210	0.000175	0.202765	0.003165
29	U	5164	478977	466407	0.011072	608681	224	478977	2252	1272676	1223044	0.001841	34978	593	1272620	0	0	0	nan	0	0	0	0.009231	0.000159	0.009231	0.000159	0.166969	0.002876
30	U	6483	478977	463708	0.013981	608671	224	478977	725	1272473	1225327	0.000592	34983	593	1272417	0	0	0	nan	0	0	0	0.013389	0.000175	0.013389	0.000175	0.242179	0.003165
31	U	6593	478977	461170	0.014296	608437	224	478977	652	1272125	1227077	0.000531	34984	593	1272068	0	0	0	nan	0	0	0	0.013765	0.000177	0.013765	0.000177	0.248980	0.003202
32	A	12150	478977	454734	0.026719	607954	222	478977	1067	1271414	1232831	0.000865	34983	593	1271357	0	0	0	nan	0	0	0	0.025853	0.000244	0.025853	0.000244	0.467626	0.004413
33	U	5866	478977	451645	0.012988	607747	222	478977	1134	1270851	1234007	0.000919	34983	593	1270794	0	0	0	nan	0	0	0	0.012069	0.000172	0.012069	0.000172	0.218303	0.003111
34	C	21810	478977	445022	0.049009	607131	215	478977	842	1268315	1224417	0.000688	34983	592	1268258	0	0	0	nan	0	0	0	0.048321	0.000333	0.048321	0.000333	0.874024	0.006023
35	A	27207	478977	456176	0.059641	606933	215	478977	1350	1267801	1211847	0.001114	34943	591	1267744	0	0	0	nan	0	0	0	0.058527	0.000363	0.058527	0.000363	1.058629	0.006566
36	C	24082	478977	457509	0.052637	606636	215	478977	676	1267333	1193913	0.000566	34933	588	1267276	0	0	0	nan	0	0	0	0.052071	0.000340	0.052071	0.000340	0.941854	0.006150
37	A	14421	478977	460076	0.031345	606501	215	478977	958	1266955	1196701	0.000801	34917	587	1266898	0	0	0	nan	0	0	0	0.030544	0.000262	0.030544	0.000262	0.552476	0.004739
38	G	2558	478977	460801	0.005551	606430	215	478977	1281	1266800	1199056	0.001068	34894	585	1266743	0	0	0	nan	0	0	0	0.004483	0.000114	0.004483	0.000114	0.081088	0.002062
39	U	5955	478977	460548	0.012930	606286	211	478977	1008	1266552	1215624	0.000829	34874	581	1266495	0	0	0	nan	0	0	0	0.012101	0.000170	0.012101	0.000170	0.218881	0.003075
40	U	7015	478977	452825	0.015492	606076	207	478977	908	1266020	1195083	0.000760	34855	580	1265961	0	0	0	nan	0	0	0	0.014732	0.000187	0.014732	0.000187	0.266471	0.003382
41	A	8608	478977	439798	0.019573	605210	179	478977	1618	1265393	1189491	0.001360	34842	570	1265334	0	0	0	nan	0	0	0	0.018212	0.000214	0.018212	0.000214	0.329416	0.003871
42	A	33378	478977	451255	0.073967	604913	179	478977	795	1264862	1180748	0.000673	34835	564	1264803	0	0	0	nan	0	0	0	0.073294	0.000406	0.073294	0.000406	1.325733	0.007344
43	A	30740	478977	460894	0.066696	604662	179	478977	1540	1264403	1204270	0.001279	34819	562	1264344	0	0	0	nan	0	0	0	0.065418	0.000382	0.065418	0.000382	1.183273	0.006910
44	U	5529	478977	463950	0.011917	604546	179	478977	811	1264195	1211789	0.000669	34802	561	1264136	0	0	0	nan	0	0	0	0.011248	0.000162	0.011248	0.000162	0.203452	0.002930
45	U	4875	478977	463286	0.010523	604529	180	478977	782	1263969	1217481	0.000642	34727	544	1263910	0	0	0	nan	0	0	0	0.009880	0.000152	0.009880	0.000152	0.178708	0.002749
46	G	2974	478977	463283	0.006419	604300	178	478977	4443	1263563	1211654	0.003667	34715	538	1263504	0	0	0	nan	0	0	0	0.002753	0.000130	0.002753	0.000130	0.049796	0.002351
47	C	13534	478977	464246	0.029153	604210	174	478977	1440	1263395	1213440	0.001187	34695	534	1263336	0	0	0	nan	0	0	0	0.027966	0.000253	0.027966	0.000253	0.505846	0.004576
48	U	2809	478977	459121	0.006118	604068	172	478977	633	1263016	1221464	0.000518	34539	527	1262957	0	0	0	nan	0	0	0	0.005600	0.000117	0.005600	0.000117	0.101292	0.002116
49	A	2861	478977	453506	0.006309	603922	169	478977	956	1262416	1220144	0.000784	34402	513	1262354	0	0	0	nan	0	0	0	0.005525	0.000121	0.005525	0.000121	0.099936	0.002189
50	A	24314	478977	457224	0.053177	603646	168	478977	1267	1261842	1211991	0.001045	34365	507	1261780	0	0	0	nan	0	0	0	0.052132	0.000342	0.052132	0.000342	0.942957	0.006186
51	C	27677	478977	456435	0.060637	603401	163	478977	686	1261085	1203008	0.000570	34341	458	1261022	0	0	0	nan	0	0	0	0.060067	0.000365	0.060067	0.000365	1.086485	0.006602
52	G	3503	478977	458620	0.007638	603185	161	478977	3342	1260600	1205415	0.002772	34272	436	1260536	0	0	0	nan	0	0	0	0.004866	0.000138	0.004866	0.000138	0.088016	0.002496
53	C	10825	478977	453006	0.023896	603012	160	478977	4010	1260237	1209919	0.003314	34224	428	1260173	0	0	0	nan	0	0	0	0.020582	0.000236	0.020582	0.000236	0.372285	0.004269
54	A	25155	478977	457536	0.054979	602672	160	478977	866	1259743	1209133	0.000716	33517	391	1259680	0	0	0	nan	0	0	0	0.054263	0.000347	0.054263	0.000347	0.981503	0.006276
55	G	2028	478977	458258	0.004425	602517	161	478977	792	1259359	1210448	0.000654	33269	383	1259297	0	0	0	nan	0	0	0	0.003771	0.000101	0.003771	0.000101	0.068209	0.001827
56	U	9634	478977	460547	0.020919	602349	161	478977	1723	1259156	1201864	0.001434	32841	378	1259098	0	0	0	nan	0	0	0	0.019485	0.000216	0.019485	0.000216	0.352442	0.003907
57	C	26775	478977	460091	0.058195	602133	161	478977	1002	1258768	1207578	0.000830	32797	368	1258711	0	0	0	nan	0	0	0	0.057365	0.000357	0.057365	0.000357	1.037611	0.006457
58	A	24570	478977	463989	0.052954	601877	159	478977	1084	1258134	1195955	0.000906	31845	345	1258076	0	0	0	nan	0	0	0	0.052047	0.000339	0.052047	0.000339	0.941420	0.006132
59	G	4270	478977	465794	0.009167	601597	159	478977	889	1257438	1207198	0.000736	31655	343	1257377	0	0	0	nan	0	0	0	0.008431	0.000142	0.008431	0.000142	0.152499	0.002568
60	U	8117	478977	461374	0.017593	601297	159	478977	979	1256925	1205830	0.000812	31474	339	1256864	0	0	0	nan	0	0	0	0.016781	0.000197	0.016781	0.000197	0.303533	0.003563
61	G	3881	478977	458821	0.008459	600975	150	478977	2750	1256310	1189052	0.002313	31367	333	1256249	0	0	0	nan	0	0	0	0.006146	0.000143	0.006146	0.000143	0.111168	0.002587
62	G	2200	478977	457703	0.004807	600708	150	478977	2086	1255571	1169514	0.001784	31344	331	1255508	0	0	0	nan	0	0	0	0.003023	0.000110	0.003023	0.000110	0.054680	0.001990
63	G	3568	478977	455145	0.007839	600491	148	478977	7210	1255074	1158147	0.006225	31304	330	1255006	0	0	0	nan	0	0	0	0.001614	0.000150	0.001614	0.000150	0.029194	0.002713
64	C	4314	478977	454599	0.009490	600348	146	478977	3008	1254794	1166483	0.002579	31295	329	1254725	0	0	0	nan	0	0	0	0.006911	0.000152	0.006911	0.000152	0.125005	0.002749
65	C	13170	478977	453338	0.029051	600057	144	478977	648	1254281	1180032	0.000549	31269	319	1254211	0	0	0	nan	0	0	0	0.028502	0.000254	0.028502	0.000254	0.515541	0.004594
66	U	5458	478977	453268	0.012041	599661	142	478977	1468	1253777	1203739	0.001220	31159	314	1253706	0	0	0	nan	0	0	0	0.010822	0.000166	0.010822	0.000166	0.195747	0.003003
67	C	36031	478977	444570	0.081047	599408	142	478977	2237	1253264	1194845	0.001872	31132	309	1253191	0	0	0	nan	0	0	0	0.079175	0.000429	0.079175	0.000429	1.432108	0.007760
68	G	2903	478977	443019	0.006553	599113	142	478977	2122	1252082	1164558	0.001822	31125	308	1252009	0	0	0	nan	0	0	0	0.004731	0.000128	0.004731	0.000128	0.085574	0.002315
69	G	5844	478977	443531	0.013176	599076	142	478977	8815	1251483	1161629	0.007588	31127	302	1251408	0	0	0	nan	0	0	0	0.005588	0.000190	0.005588	0.000190	0.101075	0.003437
70	C	28190	478977	447352	0.063015	598954	139	478977	3433	1251170	1165149	0.002946	31123	298	1251093	0	0	0	nan	0	0	0	0.060069	0.000379	0.060069	0.000379	1.086521	0.006855
71	G	1618	478977	453285	0.003569	598790	139	478977	1918	1250771	1176332	0.001630	31179	287	1250688	0	0	0	nan	0	0	0	0.001939	0.000096	0.001939	0.000096	0.035072	0.001736
72	G	3804	478977	450973	0.008435	598604	139	478977	4971	1250360	1179179	0.004216	31145	281	1250276	0	0	0	nan	0	0	0	0.004219	0.000149	0.004219	0.000149	0.076313	0.002695
73	C	6074	478977	449792	0.013504	598426	139	478977	5551	1249989	1163996	0.004769	31126	277	1249904	0	0	0	nan	0	0	0	0.008735	0.000185	0.008735	0.000185	0.157998	0.003346
74	C	9759	478977	448937	0.021738	598129	139	478977	1570	1249180	1167254	0.001345	31093	277	1249092	0	0	0	nan	0	0	0	0.020393	0.000223	0.020393	0.000223	0.368866	0.004034
75	A	27583	478977	449408	0.061376	598353	141	478977	726	1248843	1161517	0.000625	31070	270	1248750	0	0	0	nan	0	0	0	0.060751	0.000370	0.060751	0.000370	1.098857	0.006693
76	A	31787	478977	459689	0.069149	598263	140	478977	648	1248536	1158103	0.000560	31062	266	1248442	0	0	0	nan	0	0	0	0.068589	0.000388	0.068589	0.000388	1.240630	0.007018
77	G	3504	478977	463209	0.007565	598176	140	478977	5779	1248286	1161987	0.004973	31057	263	1248190	0	0	0	nan	0	0	0	0.002591	0.000144	0.002591	0.000144	0.046866	0.002605
78	C	15318	478977	467243	0.032784	598015	140	478977	3420	1247930	1166965	0.002931	31030	260	1247833	0	0	0	nan	0	0	0	0.029853	0.000270	0.029853	0.000270	0.539977	0.004884
79	U	3568	478977	468790	0.007611	597883	140	478977	770	1247743	1185583	0.000649	31022	260	1247645	0	0	0	nan	0	0	0	0.006962	0.000130	0.006962	0.000130	0.125928	0.002351
80	U	3345	478977	463871	0.007211	597763	140	478977	927	1247517	1180439	0.000785	31014	258	1247416	0	0	0	nan	0	0	0	0.006426	0.000127	0.006426	0.000127	0.116233	0.002297
81	G	2215	478977	462897	0.004785	597592	140	478977	1851	1247069	1177994	0.001571	30998	256	1246966	0	0	0	nan	0	0	0	0.003214	0.000108	0.003214	0.000108	0.058134	0.001953
82	G	5793	478977	462467	0.012526	597378	136	478977	5028	1246759	1173474	0.004285	30980	249	1246655	0	0	0	nan	0	0	0	0.008242	0.000175	0.008242	0.000175	0.149080	0.003165
83	C	13355	478977	461684	0.028927	597258	136	478977	2435	1246590	1181016	0.002062	30969	245	1246482	0	0	0	nan	0	0	0	0.026865	0.000254	0.026865	0.000254	0.485931	0.004594
84	A	15087	478977	459376	0.032842	597055	136	478977	609	1246418	1162135	0.000524	30955	240	1246308	0	0	0	nan	0	0	0	0.032318	0.000268	0.032318	0.000268	0.584564	0.004848
85	A	20234	478977	463274	0.043676	596959	136	478977	920	1246192	1159588	0.000793	30950	234	1246077	0	0	0	nan	0	0	0	0.042883	0.000308	0.042883	0.000308	0.775663	0.005571
86	U	4029	478977	462927	0.008703	596779	136	478977	2805	1245922	1163439	0.002411	30947	233	1245806	0	0	0	nan	0	0	0	0.006292	0.000144	0.006292	0.000144	0.113809	0.002605
87	C	14278	478977	466475	0.030608	596663	136	478977	1162	1245726	1188051	0.000978	30945	230	1245607	0	0	0	nan	0	0	0	0.029630	0.000258	0.029630	0.000258	0.535944	0.004667
88	C	12945	478977	467245	0.027705	596462	135	478977	890	1245248	1186209	0.000750	30931	227	1245123	0	0	0	nan	0	0	0	0.026955	0.000245	0.026955	0.000245	0.487559	0.004432
89	G	4743	478977	465001	0.010200	596242	135	478977	3837	1244808	1172099	0.003274	30926	225	1244672	0	0	0	nan	0	0	0	0.006926	0.000157	0.006926	0.000157	0.125277	0.002840
90	G	2357	478977	463980	0.005080	595962	135	478977	1443	1244270	1171211	0.001232	30910	224	1244132	0	0	0	nan	0	0	0	0.003848	0.000110	0.003848	0.000110	0.069602	0.001990
91	U	5537	478977	459006	0.012063	595555	135	478977	996	1243908	1162121	0.000857	30891	220	1243768	0	0	0	nan	0	0	0	0.011206	0.000164	0.011206	0.000164	0.202693	0.002966
92	A	21530	478977	461859	0.046616	595404	135	478977	855	1243777	1171488	0.000730	30889	219	1243634	0	0	0	nan	0	0	0	0.045886	0.000319	0.045886	0.000319	0.829980	0.005770
93	C	15410	478977	467351	0.032973	595346	135	478977	541	1243668	1171921	0.000462	30873	207	1243523	0	0	0	nan	0	0	0	0.032511	0.000266	0.032511	0.000266	0.588055	0.004811
94	U	3208	478977	468564	0.006846	595244	135	478977	658	1243550	1185997	0.000555	30868	207	1243405	0	0	0	nan	0	0	0	0.006292	0.000123	0.006292	0.000123	0.113809	0.002225
95	G	2880	478977	468808	0.006143	595173	134	478977	1087	1243387	1199642	0.000906	30865	192	1243241	0	0	0	nan	0	0	0	0.005237	0.000118	0.005237	0.000118	0.094726	0.002134
96	U	4671	478977	468544	0.009969	595103	134	478977	903	1243271	1200610	0.000752	30854	188	1243120	0	0	0	nan	0	0	0	0.009217	0.000148	0.009217	0.000148	0.166716	0.002677
97	U	3915	478977	467018	0.008383	595019	133	478977	797	1243048	1194443	0.000667	30852	182	1242891	0	0	0	nan	0	0	0	0.007716	0.000136	0.007716	0.000136	0.139566	0.002460
98	G	4891	478977	463720	0.010547	594999	131	478977	3473	1242751	1177884	0.002949	30849	182	1242588	0	0	0	nan	0	0	0	0.007599	0.000159	0.007599	0.000159	0.137450	0.002876
99	G	2616	478977	462860	0.005652	594905	131	478977	1119	1242486	1168591	0.000958	30840	180	1242314	0	0	0	nan	0	0	0	0.004694	0.000114	0.004694	0.000114	0.084905	0.002062
100	U	4283	478977	453760	0.009439	594821	131	478977	907	1242262	1171986	0.000774	30826	178	1242085	0	0	0	nan	0	0	0	0.008665	0.000146	0.008665	0.000146	0.156731	0.002641
101	A	15756	478977	444069	0.035481	594714	130	478977	1432	1242032	1184011	0.001209	30814	176	1241844	0	0	0	nan	0	0	0	0.034272	0.000284	0.034272	0.000284	0.619908	0.005137
102	A	30817	478977	457032	0.067429	594563	130	478977	777	1241801	1192306	0.000652	30803	175	1241610	0	0	0	nan	0	0	0	0.066777	0.000385	0.066777	0.000385	1.207854	0.006964
103	A	25211	478977	459626	0.054851	594519	130	478977	1077	1241347	1186812	0.000907	30789	172	1241152	0	0	0	nan	0	0	0	0.053944	0.000347	0.053944	0.000347	0.975733	0.006276
104	G	3911	478977	459445	0.008512	594465	130	478977	5427	1241013	1167157	0.004650	30783	171	1240814	0	0	0	nan	0	0	0	0.003863	0.000150	0.003863	0.000150	0.069873	0.002713
105	C	6925	478977	455147	0.015215	594335	130	478977	4783	1240576	1162609	0.004114	30779	170	1240374	0	0	0	nan	0	0	0	0.011101	0.000192	0.011101	0.000192	0.200794	0.003473
106	C	5379	478977	452601	0.011885	594232	130	478977	675	1239990	1166901	0.000578	30769	169	1239784	0	0	0	nan	0	0	0	0.011306	0.000164	0.011306	0.000164	0.204502	0.002966
107	A	25081	478977	459133	0.054627	594023	130	478977	1133	1239397	1168314	0.000970	30702	168	1239188	0	0	0	nan	0	0	0	0.053657	0.000346	0.053657	0.000346	0.970541	0.006258
108	C	15040	478977	461253	0.032607	593871	129	478977	801	1238504	1156805	0.000692	30700	168	1238286	0	0	0	nan	0	0	0	0.031914	0.000267	0.031914	0.000267	0.577257	0.004829
109	C	13126	478977	463330	0.028330	593597	129	478977	638	1237497	1144071	0.000558	30692	168	1237277	0	0	0	nan	0	0	0	0.027772	0.000248	0.027772	0.000248	0.502337	0.004486
110	A	20672	478977	465823	0.044377	593353	129	478977	807	1236974	1144763	0.000705	30682	168	1236749	0	0	0	nan	0	0	0	0.043672	0.000310	0.043672	0.000310	0.789934	0.005607
111	U	4656	478977	468373	0.009941	593135	128	478977	805	1236477	1150914	0.000699	30675	168	1236249	0	0	0	nan	0	0	0	0.009241	0.000148	0.009241	0.000148	0.167150	0.002677
112	G	2596	478977	467926	0.005548	592936	128	478977	2259	1236157	1142121	0.001978	30668	166	1235926	0	0	0	nan	0	0	0	0.003570	0.000117	0.003570	0.000117	0.064574	0.002116
113	G	2224	478977	467350	0.004759	592698	128	478977	1938	1235655	1151707	0.001683	30652	161	1235419	0	0	0	nan	0	0	0	0.003076	0.000108	0.003076	0.000108	0.055638	0.001953
114	U	2109	478977	466141	0.004524	591521	111	478977	2013	1233701	1153555	0.001745	26404	89	1233471	0	0	0	nan	0	0	0	0.002779	0.000106	0.002779	0.000106	0.050266	0.001917
115	C	4044	478977	466580	0.008667	591296	111	478977	3358	1233385	1182802	0.002839	26388	89	1233148	0	0	0	nan	0	0	0	0.005828	0.000145	0.005828	0.000145	0.105416	0.002623
116	U	1818	478977	465085	0.003909	591124	110	478977	1327	1233069	1179471	0.001125	26364	88	1232830	0	0	0	nan	0	0	0	0.002784	0.000097	0.002784	0.000097	0.050357	0.001755
117	U	2253	478977	445396	0.005058	590944	112	478977	1777	1232510	1180553	0.001505	26364	89	1232260	0	0	0	nan	0	0	0	0.003553	0.000112	0.003553	0.000112	0.064266	0.002026
118	C	5034	478977	435466	0.011560	590643	112	478977	863	1231889	1177031	0.000733	26363	89	1231633	0	0	0	nan	0	0	0	0.010827	0.000165	0.010827	0.000165	0.195837	0.002984
119	A	30140	478977	434351	0.069391	590207	111	478977	1112	1231415	1174452	0.000947	26359	88	1231152	0	0	0	nan	0	0	0	0.068444	0.000401	0.068444	0.000401	1.238007	0.007253
120	C	44561	478977	429748	0.103691	590376	119	478977	749	1231014	1177826	0.000636	26356	87	1230746	0	0	0	nan	0	0	0	0.103055	0.000492	0.103055	0.000492	1.864046	0.008899
121	A	28200	478977	431710	0.065322	590004	119	478977	728	1230606	1172198	0.000621	26356	83	1230333	0	0	0	nan	0	0	0	0.064701	0.000390	0.064701	0.000390	1.170304	0.007054
122	C	38307	478977	434256	0.088213	589683	119	478977	482	1230245	1168926	0.000412	26354	83	1229969	0	0	0	nan	0	0	0	0.087801	0.000451	0.087801	0.000451	1.588134	0.008158
123	U	9445	478977	446281	0.021164	589325	119	478977	1145	1229799	1166929	0.000981	26352	83	1229520	0	0	0	nan	0	0	0	0.020183	0.000220	0.020183	0.000220	0.365068	0.003979
124	C	37569	478977	454342	0.082689	589005	119	478977	1880	1228847	1159102	0.001622	26323	78	1228562	0	0	0	nan	0	0	0	0.081067	0.000428	0.081067	0.000428	1.466330	0.007742
125	G	1513	478977	449843	0.003363	588316	119	478977	1210	1226830	1137323	0.001064	26321	78	1226530	0	0	0	nan	0	0	0	0.002299	0.000092	0.002299	0.000092	0.041584	0.001664
126	A	9161	478977	449765	0.020368	587986	118	478977	843	1226266	1117105	0.000755	26319	77	1225959	0	0	0	nan	0	0	0	0.019614	0.000214	0.019614	0.000214	0.354776	0.003871
127	A	10622	478977	454682	0.023361	587898	119	478977	1192	1225968	1116539	0.001068	26317	77	1225657	0	0	0	nan	0	0	0	0.022294	0.000229	0.022294	0.000229	0.403251	0.004142
128	G	1878	478977	453895	0.004138	587808	119	478977	1053	1225739	1117157	0.000943	26317	62	1225424	0	0	0	nan	0	0	0	0.003195	0.000100	0.003195	0.000100	0.057791	0.001809
129	A	15575	478977	457877	0.034016	587663	119	478977	2132	1225262	1132043	0.001883	26312	60	1224941	0	0	0	nan	0	0	0	0.032132	0.000276	0.032132	0.000276	0.581200	0.004992
130	U	3188	478977	459873	0.006932	587555	115	478977	1074	1224987	1136029	0.000945	26297	52	1224664	0	0	0	nan	0	0	0	0.005987	0.000126	0.005987	0.000126	0.108292	0.002279
131	U	6834	478977	465965	0.014666	587432	114	478977	748	1224707	1165281	0.000642	26243	48	1224379	0	0	0	nan	0	0	0	0.014024	0.000179	0.014024	0.000179	0.253664	0.003238
132	U	8079	478977	462151	0.017481	587264	113	478977	1115	1224431	1159557	0.000962	26241	47	1224094	0	0	0	nan	0	0	0	0.016520	0.000197	0.016520	0.000197	0.298812	0.003563
133	C	23084	478977	460956	0.050079	586929	104	478977	863	1224085	1150228	0.000750	26237	41	1223741	0	0	0	nan	0	0	0	0.049328	0.000331	0.049328	0.000331	0.892239	0.005987
134	G	5705	478977	463851	0.012299	586710	104	478977	1088	1223883	1139994	0.000954	26234	37	1223533	0	0	0	nan	0	0	0	0.011345	0.000165	0.011345	0.000165	0.205207	0.002984
135	U	4140	478977	465229	0.008899	586575	104	478977	805	1223671	1150586	0.000700	26209	36	1223316	0	0	0	nan	0	0	0	0.008199	0.000140	0.008199	0.000140	0.148303	0.002532
136	U	4058	478977	461852	0.008786	586381	103	478977	726	1223208	1151267	0.000631	26206	36	1222846	0	0	0	nan	0	0	0	0.008156	0.000140	0.008156	0.000140	0.147525	0.002532
137	G	5411	478977	459854	0.011767	585958	102	478977	3835	1222250	1148496	0.003339	26198	30	1221874	0	0	0	nan	0	0	0	0.008428	0.000169	0.008428	0.000169	0.152445	0.003057
138	G	2333	478977	459916	0.005073	585696	101	478977	2077	1221566	1137010	0.001827	26193	28	1221179	0	0	0	nan	0	0	0	0.003246	0.000112	0.003246	0.000112	0.058713	0.002026
139	G	1506	478977	461609	0.003263	585377	101	478977	1559	1220521	1131372	0.001378	26187	27	1220118	0	0	0	nan	0	0	0	0.001885	0.000091	0.001885	0.000091	0.034096	0.001646
140	G	1756	478977	455501	0.003855	585036	101	478977	1610	1219646	1106434	0.001455	26185	23	1219224	0	0	0	nan	0	0	0	0.002400	0.000099	0.002400	0.000099	0.043411	0.001791
141	A	20575	478977	456102	0.045111	584528	90	478977	1179	1218796	1105360	0.001067	26182	19	1218358	0	0	0	nan	0	0	0	0.044044	0.000316	0.044044	0.000316	0.796663	0.005716
142	C	26718	478977	456354	0.058547	584389	87	478977	537	1218371	1109986	0.000484	26179	14	1217922	0	0	0	nan	0	0	0	0.058063	0.000359	0.058063	0.000359	1.050236	0.006494
143	U	3737	478977	457468	0.008169	584246	87	478977	876	1217992	1128427	0.000776	26178	14	1217539	0	0	0	nan	0	0	0	0.007393	0.000136	0.007393	0.000136	0.133724	0.002460
144	G	1711	478977	455349	0.003758	583892	87	478977	1767	1217172	1127664	0.001567	26177	14	1216709	0	0	0	nan	0	0	0	0.002191	0.000098	0.002191	0.000098	0.039631	0.001773
145	G	4401	478977	453949	0.009695	583580	87	478977	7955	1216484	1134756	0.007010	26175	14	1216010	0	0	0	nan	0	0	0	0.002685	0.000166	0.002685	0.000166	0.048566	0.003003
146	C	9196	478977	449234	0.020470	583254	87	478977	1789	1215815	1130004	0.001583	26172	14	1215336	0	0	0	nan	0	0	0	0.018887	0.000217	0.018887	0.000217	0.341626	0.003925
147	G	1885	478977	441782	0.004267	582900	87	478977	1671	1214968	1089833	0.001533	26170	13	1214482	0	0	0	nan	0	0	0	0.002734	0.000105	0.002734	0.000105	0.049452	0.001899
148	A	21708	478977	440113	0.049324	582502	87	478977	970	1214079	1089879	0.000890	26167	13	1213585	0	0	0	nan	0	0	0	0.048434	0.000336	0.048434	0.000336	0.876068	0.006078
149	C	20746	478977	437597	0.047409	583076	89	478977	742	1213822	1092317	0.000679	26169	13	1213321	0	0	0	nan	0	0	0	0.046730	0.000330	0.046730	0.000330	0.845247	0.005969
150	A	27649	478977	446033	0.061989	582871	88	478977	1046	1213373	1131941	0.000924	26159	13	1212869	0	0	0	nan	0	0	0	0.061065	0.000374	0.061065	0.000374	1.104536	0.006765
151	G	2033	478977	445880	0.004560	582805	85	478977	1363	1212875	1126676	0.001210	26150	13	1212367	0	0	0	nan	0	0	0	0.003350	0.000106	0.003350	0.000106	0.060594	0.001917
152	A	21273	478977	445737	0.047725	582613	86	478977	773	1212520	1128722	0.000685	26148	13	1212010	0	0	0	nan	0	0	0	0.047041	0.000328	0.047041	0.000328	0.850872	0.005933
153	C	23902	478977	450060	0.053108	582595	87	478977	733	1212196	1131659	0.000648	26143	10	1211681	0	0	0	nan	0	0	0	0.052461	0.000344	0.052461	0.000344	0.948908	0.006222
154	A	19167	478977	454686	0.042154	582451	85	478977	554	1211765	1132211	0.000489	26141	10	1211250	0	0	0	nan	0	0	0	0.041665	0.000305	0.041665	0.000305	0.753631	0.005517
155	G	3939	478977	455989	0.008638	582381	79	478977	9238	1211117	1137875	0.008119	26138	9	1210594	0	0	0	nan	0	0	0	0.000520	0.000161	0.000520	0.000161	0.009406	0.002912
156	C	11138	478977	453856	0.024541	582172	79	478977	2252	1210428	1125410	0.002001	26135	7	1209902	0	0	0	nan	0	0	0	0.022540	0.000236	0.022540	0.000236	0.407701	0.004269
157	C	8736	478977	448436	0.019481	582111	79	478977	1157	1209535	1117046	0.001036	26125	7	1209001	0	0	0	nan	0	0	0	0.018445	0.000211	0.018445	0.000211	0.333631	0.003817
158	G	2362	478977	442519	0.005338	581801	79	478977	1896	1208749	1096264	0.001730	26123	6	1208212	0	0	0	nan	0	0	0	0.003608	0.000117	0.003608	0.000117	0.065261	0.002116
159	G	4921	478977	440866	0.011162	581454	80	478977	7814	1207845	1097626	0.007119	26116	6	1207299	0	0	0	nan	0	0	0	0.004043	0.000178	0.004043	0.000178	0.073129	0.003220
160	C	56088	478977	444926	0.126061	581242	80	478977	4196	1207487	1109572	0.003782	26112	7	1206933	0	0	0	nan	0	0	0	0.122280	0.000535	0.122280	0.000535	2.211786	0.009677
161	U	4815	478977	447929	0.010749	581184	81	478977	654	1207152	1111549	0.000588	26106	7	1206591	0	0	0	nan	0	0	0	0.010161	0.000157	0.010161	0.000157	0.183791	0.002840
162	A	13725	478977	449524	0.030532	581092	83	478977	1037	1206568	1118721	0.000927	26106	7	1206004	0	0	0	nan	0	0	0	0.029605	0.000262	0.029605	0.000262	0.535492	0.004739
163	C	7134	478977	449507	0.015871	581193	88	478977	521	1206127	1116227	0.000467	26102	7	1205561	0	0	0	nan	0	0	0	0.015404	0.000189	0.015404	0.000189	0.278626	0.003419
164	A	8300	478977	448533	0.018505	581057	88	478977	567	1205666	1114177	0.000509	26100	7	1205098	0	0	0	nan	0	0	0	0.017996	0.000204	0.017996	0.000204	0.325509	0.003690
165	A	10499	478977	453609	0.023145	580773	89	478977	788	1205114	1103819	0.000714	26095	7	1204542	0	0	0	nan	0	0	0	0.022432	0.000227	0.022432	0.000227	0.405747	0.004106
166	C	16790	478977	455720	0.036843	580396	87	478977	895	1204486	1095556	0.000817	26095	7	1203908	0	0	0	nan	0	0	0	0.036026	0.000286	0.036026	0.000286	0.651634	0.005173
167	C	7558	478977	457078	0.016535	579883	86	478977	552	1203974	1107112	0.000499	26097	7	1203392	0	0	0	nan	0	0	0	0.016037	0.000191	0.016037	0.000191	0.290075	0.003455
168	U	1242	478977	455004	0.002730	579463	85	478977	944	1203499	1114971	0.000847	26097	7	1202911	0	0	0	nan	0	0	0	0.001883	0.000082	0.001883	0.000082	0.034059	0.001483
169	G	1258	478977	449299	0.002800	578835	84	478977	1610	1203054	1105168	0.001457	26094	7	1202462	0	0	0	nan	0	0	0	0.001343	0.000087	0.001343	0.000087	0.024292	0.001574
170	G	1355	478977	440244	0.003078	578211	84	478977	1701	1202343	1087573	0.001564	26092	9	1201742	0	0	0	nan	0	0	0	0.001514	0.000092	0.001514	0.000092	0.027385	0.001664
171	A	4650	478977	435830	0.010669	577608	84	478977	1013	1201778	1082612	0.000936	26085	9	1201170	0	0	0	nan	0	0	0	0.009734	0.000159	0.009734	0.000159	0.176067	0.002876
172	C	2861	478977	425101	0.006730	577112	85	478977	686	1201220	1090031	0.000629	26085	9	1200600	0	0	0	nan	0	0	0	0.006101	0.000128	0.006101	0.000128	0.110354	0.002315
173	C	6661	478977	423308	0.015736	576463	85	478977	659	1200766	1104655	0.000597	26082	9	1200139	0	0	0	nan	0	0	0	0.015139	0.000194	0.015139	0.000194	0.273832	0.003509
174	A	18514	478977	398050	0.046512	575393	84	478977	704	1200088	1099733	0.000640	26077	9	1199444	0	0	0	nan	0	0	0	0.045872	0.000343	0.045872	0.000343	0.829727	0.006204
175	A	26684	478977	390403	0.068350	573690	82	478977	785	1199355	1088968	0.000721	26076	7	1198698	0	0	0	nan	0	0	0	0.067629	0.000419	0.067629	0.000419	1.223265	0.007579
176	G	1021	478977	368650	0.002770	572697	78	478977	704	1198566	1092264	0.000645	26073	7	1197900	0	0	0	nan	0	0	0	0.002125	0.000090	0.002125	0.000090	0.038437	0.001628
177	U	3394	478977	346434	0.009797	571274	76	478977	4019	1197893	1089804	0.003688	26072	7	1197218	0	0	0	nan	0	0	0	0.006109	0.000178	0.006109	0.000178	0.110499	0.003220
178	C	1335	478977	267704	0.004987	569272	75	478977	802	1197103	1098618	0.000730	26073	7	1196414	0	0	0	nan	0	0	0	0.004257	0.000139	0.004257	0.000139	0.077000	0.002514
179	C	6442	478977	270511	0.023814	566752	70	478977	7484	1196260	1072326	0.006979	26081	6	1195559	0	0	0	nan	0	0	0	0.016835	0.000307	0.016835	0.000307	0.304509	0.005553
180	U	756	478977	258589	0.002924	564877	70	478977	1040	1195793	1076489	0.000966	26076	6	1195071	0	0	0	nan	0	0	0	0.001957	0.000110	0.001957	0.000110	0.035398	0.001990
181	U	1507	478977	318831	0.004727	561410	70	478977	1034	1195215	1066037	0.000970	26074	6	1194452	0	0	0	nan	0	0	0	0.003757	0.000125	0.003757	0.000125	0.067956	0.002261
182	G	2420	478977	285111	0.008488	557180	67	478977	1284	1194172	1061366	0.001210	26074	6	1193365	0	0	0	nan	0	0	0	0.007278	0.000176	0.007278	0.000176	0.131644	0.003183
183	A	20141	478977	283069	0.071152	554972	67	478977	850	1193320	1063867	0.000799	26068	6	1192499	0	0	0	nan	0	0	0	0.070353	0.000502	0.070353	0.000502	1.272537	0.009080
184	A	13361	478977	270096	0.049468	553822	67	478977	794	1192681	1075068	0.000739	26063	6	1191850	0	0	0	nan	0	0	0	0.048729	0.000429	0.048729	0.000429	0.881404	0.007760
185	C	24833	478977	248009	0.100129	552595	66	478977	624	1191800	1088329	0.000573	26053	6	1190966	0	0	0	nan	0	0	0	0.099556	0.000636	0.099556	0.000636	1.800757	0.011504
186	A	16920	478977	268032	0.063127	550578	66	478977	859	1190326	1091169	0.000787	26053	6	1189488	0	0	0	nan	0	0	0	0.062340	0.000486	0.062340	0.000486	1.127598	0.008791
187	G	1411	478977	302392	0.004666	549453	65	478977	2456	1188666	1070572	0.002294	26061	6	1187811	0	0	0	nan	0	0	0	0.002372	0.000133	0.002372	0.000133	0.042904	0.002406
188	G	994	478977	356899	0.002785	548322	68	478977	1565	1186597	1060768	0.001475	26070	6	1185731	0	0	0	nan	0	0	0	0.001310	0.000096	0.001310	0.000096	0.023695	0.001736
189	G	1155	478977	241956	0.004774	544701	67	478977	3067	1184213	1003429	0.003057	26062	6	1183340	0	0	0	nan	0	0	0	0.001717	0.000151	0.001717	0.000151	0.031057	0.002731
190	A	9765	478977	242476	0.040272	539881	66	478977	710	1181645	1003775	0.000707	26061	6	1180765	0	0	0	nan	0	0	0	0.039565	0.000408	0.039565	0.000408	0.715647	0.007380
191	G	1696	478977	227927	0.007441	538160	59	478977	2806	1180135	1003565	0.002796	26058	6	1179252	0	0	0	nan	0	0	0	0.004645	0.000188	0.004645	0.000188	0.084018	0.003401
192	G	1547	478977	282327	0.005479	534519	52	478977	1288	1177478	955115	0.001349	26063	7	1176571	0	0	0	nan	0	0	0	0.004131	0.000144	0.004131	0.000144	0.074721	0.002605
193	U	4566	478977	275431	0.016578	531709	50	478977	1617	1174899	963479	0.001678	26059	7	1173981	0	0	0	nan	0	0	0	0.014899	0.000249	0.014899	0.000249	0.269491	0.004504
194	G	713	478977	280833	0.002539	530026	49	478977	777	1173178	955888	0.000813	26044	7	1172244	0	0	0	nan	0	0	0	0.001726	0.000099	0.001726	0.000099	0.031220	0.001791
195	U	9073	478977	281860	0.032190	528270	47	478977	1648	1171289	1008731	0.001634	22165	4	1170405	0	0	0	nan	0	0	0	0.030556	0.000340	0.030556	0.000340	0.552693	0.006150
196	G	889	478977	306907	0.002897	526078	47	478977	878	1169509	1017524	0.000863	22177	4	1168609	0	0	0	nan	0	0	0	0.002034	0.000101	0.002034	0.000101	0.036791	0.001827
197	U	4106	478977	325425	0.012617	523926	48	478977	5204	1167524	1015659	0.005124	22146	4	1166618	0	0	0	nan	0	0	0	0.007494	0.000209	0.007494	0.000209	0.135551	0.003780
198	C	2917	478977	344517	0.008467	521578	48	478977	1354	1165577	1010221	0.001340	21903	4	1164661	0	0	0	nan	0	0	0	0.007127	0.000161	0.007127	0.000161	0.128912	0.002912
199	C	2120	478977	328185	0.006460	530948	89	478977	863	1164175	1004827	0.000859	27179	19	1162692	0	0	0	nan	0	0	0	0.005601	0.000143	0.005601	0.000143	0.101310	0.002587
200	A	3813	478977	324464	0.011752	533278	102	478977	856	1163151	999296	0.000857	27484	22	1161631	0	0	0	nan	0	0	0	0.010895	0.000193	0.010895	0.000193	0.197067	0.003491
201	G	12246	478977	333929	0.036672	532724	105	478977	11554	1162436	959669	0.012040	27533	22	1160903	0	0	0	nan	0	0	0	0.024633	0.000350	0.024633	0.000350	0.445559	0.006331
202	U	1500	478977	365346	0.004106	535055	116	478977	1251	1161826	958121	0.001306	29245	25	1160131	0	0	0	nan	0	0	0	0.002800	0.000112	0.002800	0.000112	0.050646	0.002026
203	U	1543	478977	355576	0.004339	534668	116	478977	820	1161224	972095	0.000844	29251	25	1159508	0	0	0	nan	0	0	0	0.003496	0.000114	0.003496	0.000114	0.063235	0.002062
204	U	1638	478977	353336	0.004636	534336	116	478977	659	1160609	1020274	0.000646	29264	25	1158878	0	0	0	nan	0	0	0	0.003990	0.000117	0.003990	0.000117	0.072171	0.002116
205	G	3109	478977	360965	0.008613	533949	116	478977	2144	1159850	1045718	0.002050	29262	25	1158116	0	0	0	nan	0	0	0	0.006563	0.000161	0.006563	0.000161	0.118711	0.002912
206	U	2644	478977	389192	0.006794	533423	114	478977	1293	1159114	1056903	0.001223	29265	25	1157375	0	0	0	nan	0	0	0	0.005570	0.000136	0.005570	0.000136	0.100749	0.002460
207	U	2896	478977	413497	0.007004	532568	114	478977	635	1158004	1055048	0.000602	29264	25	1156258	0	0	0	nan	0	0	0	0.006402	0.000132	0.006402	0.000132	0.115799	0.002388
208	U	4230	478977	386249	0.010951	531067	114	478977	891	1156100	1051940	0.000847	29263	25	1154350	0	0	0	nan	0	0	0	0.010104	0.000171	0.010104	0.000171	0.182760	0.003093
209	C	17150	478977	318771	0.053800	528249	114	478977	725	1153336	1029215	0.000704	29264	25	1151576	0	0	0	nan	0	0	0	0.053096	0.000412	0.053096	0.000412	0.960394	0.007452
210	A	23316	478977	312763	0.074548	526395	114	478977	1149	1151039	1001319	0.001147	29262	25	1149273	0	0	0	nan	0	0	0	0.073401	0.000489	0.073401	0.000489	1.327668	0.008845
211	G	4392	478977	326607	0.013447	524792	114	478977	989	1148625	986997	0.001002	29260	25	1146853	0	0	0	nan	0	0	0	0.012445	0.000205	0.012445	0.000205	0.225104	0.003708
212	A	23932	478977	367234	0.065168	522277	111	478977	522	1145141	966431	0.000540	29257	25	1143366	0	0	0	nan	0	0	0	0.064628	0.000422	0.064628	0.000422	1.168983	0.007633
213	A	18673	478977	355698	0.052497	520172	111	478977	466	1141170	958326	0.000486	29256	25	1139391	0	0	0	nan	0	0	0	0.052011	0.000385	0.052011	0.000385	0.940769	0.006964
214	U	6091	478977	356248	0.017098	518266	111	478977	1620	1138247	945571	0.001713	29249	25	1136467	0	0	0	nan	0	0	0	0.015384	0.000223	0.015384	0.000223	0.278264	0.004034
215	C	31939	478977	333142	0.095872	516442	110	478977	672	1135004	936424	0.000718	29247	25	1133219	0	0	0	nan	0	0	0	0.095154	0.000537	0.095154	0.000537	1.721134	0.009713
216	U	2754	478977	363153	0.007584	514608	108	478977	711	1131859	939783	0.000757	29242	25	1130060	0	0	0	nan	0	0	0	0.006827	0.000147	0.006827	0.000147	0.123486	0.002659
217	C	6349	478977	367118	0.017294	513054	108	478977	1553	1128894	932909	0.001665	29241	25	1127024	0	0	0	nan	0	0	0	0.015629	0.000221	0.015629	0.000221	0.282695	0.003997
218	G	4504	478977	391096	0.011516	510152	108	478977	3269	1126215	905711	0.003609	29236	25	1124306	0	0	0	nan	0	0	0	0.007907	0.000183	0.007907	0.000183	0.143021	0.003310
219	G	1952	478977	383763	0.005086	507578	108	478977	1841	1122202	860141	0.002140	29234	25	1120259	0	0	0	nan	0	0	0	0.002946	0.000125	0.002946	0.000125	0.053287	0.002261
220	G	1278	478977	370517	0.003449	504938	107	478977	1430	1118754	820639	0.001743	29229	25	1116797	0	0	0	nan	0	0	0	0.001707	0.000107	0.001707	0.000107	0.030876	0.001935
221	G	1409	478977	322444	0.004370	503187	106	478977	1125	1115761	848422	0.001326	29222	25	1113785	0	0	0	nan	0	0	0	0.003044	0.000123	0.003044	0.000123	0.055060	0.002225
222	U	2552	478977	325242	0.007846	501715	106	478977	698	1113077	847525	0.000824	29216	25	1111092	0	0	0	nan	0	0	0	0.007023	0.000158	0.007023	0.000158	0.127031	0.002858
223	G	1699	478977	313282	0.005423	500659	104	478977	803	1110168	902335	0.000890	29211	25	1108162	0	0	0	nan	0	0	0	0.004533	0.000135	0.004533	0.000135	0.081992	0.002442
224	U	6834	478977	369737	0.018483	499306	104	478977	5654	1107804	901176	0.006274	29209	25	1105789	0	0	0	nan	0	0	0	0.012209	0.000239	0.012209	0.000239	0.220835	0.004323
225	C	24846	478977	368884	0.067355	498018	104	478977	1035	1104563	926959	0.001117	29212	25	1102529	0	0	0	nan	0	0	0	0.066238	0.000429	0.066238	0.000429	1.198105	0.007760
226	C	31115	478977	390809	0.079617	496622	103	478977	1116	1100212	902484	0.001237	29212	25	1098160	0	0	0	nan	0	0	0	0.078380	0.000453	0.078380	0.000453	1.417728	0.008194
227	G	2245	478977	368497	0.006092	494963	103	478977	1064	1096136	890763	0.001194	29215	25	1094064	0	0	0	nan	0	0	0	0.004898	0.000134	0.004898	0.000134	0.088594	0.002424
228	U	5430	478977	371276	0.014625	492870	102	478977	627	1091616	861501	0.000728	29219	25	1089531	0	0	0	nan	0	0	0	0.013897	0.000201	0.013897	0.000201	0.251367	0.003636
229	A	11685	478977	366997	0.031839	491017	102	478977	502	1086083	827520	0.000607	29220	25	1083967	0	0	0	nan	0	0	0	0.031233	0.000296	0.031233	0.000296	0.564939	0.005354
230	A	12790	478977	379180	0.033731	489118	102	478977	408	1080804	813344	0.000502	29220	25	1078682	0	0	0	nan	0	0	0	0.033229	0.000299	0.033229	0.000299	0.601042	0.005408
231	C	9456	478977	360407	0.026237	487550	100	478977	279	1076419	802547	0.000348	29220	25	1074290	0	0	0	nan	0	0	0	0.025889	0.000271	0.025889	0.000271	0.468277	0.004902
232	U	2614	478977	365416	0.007153	484263	100	478977	1710	1069600	807166	0.002119	29222	26	1067465	0	0	0	nan	0	0	0	0.005035	0.000149	0.005035	0.000149	0.091072	0.002695
233	C	6387	478977	376762	0.016952	480421	100	478977	1792	1060089	817203	0.002193	29222	26	1057935	0	0	0	nan	0	0	0	0.014760	0.000218	0.014760	0.000218	0.266977	0.003943
234	C	6528	478977	383688	0.017014	476233	99	478977	976	1049879	786449	0.001241	29222	26	1047716	0	0	0	nan	0	0	0	0.015773	0.000214	0.015773	0.000214	0.285300	0.003871
235	G	1398	478977	301465	0.004637	471379	96	478977	1344	1039437	642423	0.002092	29222	26	1037269	0	0	0	nan	0	0	0	0.002545	0.000137	0.002545	0.000137	0.046034	0.002478
236	A	12431	478977	276471	0.044963	466852	94	478977	436	1030090	578642	0.000753	29224	25	1027920	0	0	0	nan	0	0	0	0.044210	0.000405	0.044210	0.000405	0.799665	0.007326
237	U	4116	478977	264100	0.015585	465181	94	478977	2023	1026170	558692	0.003621	29221	25	1023985	0	0	0	nan	0	0	0	0.011964	0.000256	0.011964	0.000256	0.216403	0.004630
238	C	18318	478977	304769	0.060105	463768	94	478977	432	1024558	641128	0.000674	29220	25	1022365	0	0	0	nan	0	0	0	0.059431	0.000445	0.059431	0.000445	1.074981	0.008049
239	C	22770	478977	329278	0.069151	462211	94	478977	778	1022421	696037	0.001118	29216	26	1020218	0	0	0	nan	0	0	0	0.068034	0.000460	0.068034	0.000460	1.230591	0.008320
240	A	20867	478977	340014	0.061371	460806	94	478977	828	1019733	773182	0.001071	29215	26	1017516	0	0	0	nan	0	0	0	0.060300	0.000426	0.060300	0.000426	1.090699	0.007705
241	A	24408	478977	366679	0.066565	458383	93	478977	459	1016058	797881	0.000575	29211	26	1013828	0	0	0	nan	0	0	0	0.065990	0.000427	0.065990	0.000427	1.193619	0.007724
242	A	16204	478977	375115	0.043197	456634	93	478977	562	1013208	812551	0.000692	29210	26	1010936	0	0	0	nan	0	0	0	0.042506	0.000341	0.042506	0.000341	0.768843	0.006168
243	G	2056	478977	373941	0.005498	455318	93	478977	893	1009631	768116	0.001163	29209	26	1007342	0	0	0	nan	0	0	0	0.004336	0.000127	0.004336	0.000127	0.078429	0.002297
244	G	1994	478977	359042	0.005554	453219	85	478977	950	1003748	716050	0.001327	29205	26	1001434	0	0	0	nan	0	0	0	0.004227	0.000132	0.004227	0.000132	0.076457	0.002388
245	A	10200	478977	357386	0.028541	450747	84	478977	769	999602	718144	0.001071	29204	26	997268	0	0	0	nan	0	0	0	0.027470	0.000285	0.027470	0.000285	0.496874	0.005155
246	U	3614	478977	359133	0.010063	449319	83	478977	551	995134	718811	0.000767	29202	27	992775	0	0	0	nan	0	0	0	0.009297	0.000171	0.009297	0.000171	0.168163	0.003093
247	U	4767	478977	368909	0.012922	447323	82	478977	436	987433	719264	0.000606	29198	27	985060	0	0	0	nan	0	0	0	0.012316	0.000189	0.012316	0.000189	0.222770	0.003419
248	G	1891	478977	364058	0.005194	444925	81	478977	532	980607	693093	0.000768	29194	27	978230	0	0	0	nan	0	0	0	0.004427	0.000124	0.004427	0.000124	0.080075	0.002243
249	U	4544	478977	356260	0.012755	441870	80	478977	1716	973444	652055	0.002632	29189	26	971060	0	0	0	nan	0	0	0	0.010123	0.000200	0.010123	0.000200	0.183104	0.003618
250	C	8348	478977	347684	0.024010	436011	76	478977	707	962689	616095	0.001148	29185	26	960305	0	0	0	nan	0	0	0	0.022863	0.000266	0.022863	0.000266	0.413543	0.004811
251	C	16239	478977	340735	0.047659	429178	69	478977	325	955539	602189	0.000540	29177	25	953152	0	0	0	nan	0	0	0	0.047119	0.000375	0.047119	0.000375	0.852283	0.006783
252	U	3394	478977	317231	0.010699	422637	64	478977	322	945636	580444	0.000555	29176	22	943255	0	0	0	nan	0	0	0	0.010144	0.000186	0.010144	0.000186	0.183483	0.003364
253	G	1711	478977	256728	0.006665	416222	57	478977	1441	932056	530815	0.002715	29168	22	929674	0	0	0	nan	0	0	0	0.003950	0.000176	0.003950	0.000176	0.071447	0.003183
254	A	13008	478977	247503	0.052557	404564	54	478977	328	920032	498526	0.000658	29141	21	917649	0	0	0	nan	0	0	0	0.051899	0.000462	0.051899	0.000462	0.938743	0.008357
255	G	2499	478977	247672	0.010090	401914	53	478977	3956	910312	508908	0.007774	29135	21	907919	0	0	0	nan	0	0	0	0.002316	0.000237	0.002316	0.000237	0.041892	0.004287
256	C	19174	478977	277357	0.069131	398327	50	478977	1031	901646	513001	0.002010	29132	21	899242	0	0	0	nan	0	0	0	0.067121	0.000503	0.067121	0.000503	1.214077	0.009098
257	G	1758	478977	279510	0.006290	390737	48	478977	619	890747	493041	0.001255	29091	21	888334	0	0	0	nan	0	0	0	0.005034	0.000158	0.005034	0.000158	0.091054	0.002858
258	U	3558	478977	284319	0.012514	385748	46	478977	340	878465	469058	0.000725	29051	19	876040	0	0	0	nan	0	0	0	0.011789	0.000213	0.011789	0.000213	0.213238	0.003853
259	A	12485	478977	269849	0.046267	380149	44	478977	246	870273	440875	0.000558	29049	17	867837	0	0	0	nan	0	0	0	0.045709	0.000416	0.045709	0.000416	0.826779	0.007525
260	C	21164	478977	285128	0.074226	375988	42	478977	173	864494	467481	0.000370	29023	17	862048	0	0	0	nan	0	0	0	0.073856	0.000511	0.073856	0.000511	1.335898	0.009243
261	A	17370	478977	267916	0.064834	372816	39	478977	219	860893	425972	0.000514	29001	16	858440	0	0	0	nan	0	0	0	0.064320	0.000493	0.064320	0.000493	1.163412	0.008917
262	U	3972	478977	287017	0.013839	370124	40	478977	366	858546	481904	0.000759	28967	16	856080	0	0	0	nan	0	0	0	0.013079	0.000223	0.013079	0.000223	0.236571	0.004034
263	G	2286	478977	283593	0.008061	367269	40	478977	999	856074	508569	0.001964	28927	15	853604	0	0	0	nan	0	0	0	0.006097	0.000180	0.006097	0.000180	0.110282	0.003256
264	A	20107	478977	303319	0.066290	363050	37	478977	467	851064	559844	0.000834	28916	15	848587	0	0	0	nan	0	0	0	0.065456	0.000469	0.065456	0.000469	1.183960	0.008483
265	G	1800	478977	322427	0.005583	360451	38	478977	794	848404	603489	0.001316	28902	15	845910	0	0	0	nan	0	0	0	0.004267	0.000140	0.004267	0.000140	0.077181	0.002532
266	G	1600	478977	318197	0.005028	357798	37	478977	734	844818	580864	0.001264	28905	15	842313	0	0	0	nan	0	0	0	0.003765	0.000134	0.003765	0.000134	0.068101	0.002424
267	A	13235	478977	305738	0.043289	354074	37	478977	442	836716	543823	0.000813	28905	15	834198	0	0	0	nan	0	0	0	0.042476	0.000378	0.042476	0.000378	0.768301	0.006837
268	U	2468	478977	291023	0.008480	352603	36	478977	602	833924	507253	0.001187	28905	14	831391	0	0	0	nan	0	0	0	0.007294	0.000177	0.007294	0.000177	0.131933	0.003202
269	C	6104	478977	302233	0.020196	351066	36	478977	473	833267	505121	0.000936	28906	15	830698	0	0	0	nan	0	0	0	0.019260	0.000262	0.019260	0.000262	0.348373	0.004739
270	A	8547	478977	308860	0.027673	349140	36	478977	451	830936	522597	0.000863	28859	15	828293	0	0	0	nan	0	0	0	0.026810	0.000302	0.026810	0.000302	0.484936	0.005463
271	C	4594	478977	329971	0.013922	345885	35	478977	1324	824986	546530	0.002423	28867	15	822289	0	0	0	nan	0	0	0	0.011500	0.000216	0.011500	0.000216	0.208011	0.003907
272	C	4022	478977	321171	0.012523	342645	36	478977	348	826757	530570	0.000656	28871	16	824032	0	0	0	nan	0	0	0	0.011867	0.000201	0.011867	0.000201	0.214649	0.003636
273	C	7705	478977	317681	0.024254	338760	33	478977	342	822963	513036	0.000667	28875	16	820199	0	0	0	nan	0	0	0	0.023587	0.000279	0.023587	0.000279	0.426639	0.005047
274	A	21252	478977	294262	0.072221	336224	32	478977	200	829534	455879	0.000439	28876	16	826757	0	0	0	nan	0	0	0	0.071783	0.000496	0.071783	0.000496	1.298402	0.008972
275	U	3760	478977	296697	0.012673	335087	36	478977	444	827445	461018	0.000963	28877	16	824664	0	0	0	nan	0	0	0	0.011710	0.000212	0.011710	0.000212	0.211809	0.003835
276	G	2418	478977	288616	0.008378	333197	38	478977	271	827713	428606	0.000632	28878	16	824922	0	0	0	nan	0	0	0	0.007746	0.000175	0.007746	0.000175	0.140109	0.003165
277	U	6881	478977	312758	0.022001	331395	41	478977	479	818108	462572	0.001036	28881	16	815298	0	0	0	nan	0	0	0	0.020966	0.000269	0.020966	0.000269	0.379230	0.004866
278	G	3055	478977	323068	0.009456	330159	41	478977	1295	828429	472639	0.002740	28881	16	825622	0	0	0	nan	0	0	0	0.006716	0.000187	0.006716	0.000187	0.121478	0.003382
279	G	1476	478977	322519	0.004576	328924	42	478977	369	843908	473547	0.000779	28887	16	841109	0	0	0	nan	0	0	0	0.003797	0.000126	0.003797	0.000126	0.068680	0.002279
280	U	2901	478977	338086	0.008581	327474	44	478977	423	842481	498652	0.000848	28867	16	839695	0	0	0	nan	0	0	0	0.007732	0.000165	0.007732	0.000165	0.139855	0.002984
281	G	12373	478977	319355	0.038744	326549	52	478977	6265	846727	486735	0.012871	28865	16	843945	0	0	0	nan	0	0	0	0.025872	0.000384	0.025872	0.000384	0.467970	0.006946
282	A	6474	478977	343600	0.018842	325382	53	478977	433	855098	541256	0.000800	28871	16	852315	0	0	0	nan	0	0	0	0.018042	0.000237	0.018042	0.000237	0.326342	0.004287
283	A	5465	478977	340498	0.016050	324080	53	478977	197	860419	538214	0.000366	28870	16	857637	0	0	0	nan	0	0	0	0.015684	0.000219	0.015684	0.000219	0.283690	0.003961
284	A	8714	478977	326524	0.026687	322993	56	478977	162	861370	508247	0.000319	28872	16	858586	0	0	0	nan	0	0	0	0.026368	0.000287	0.026368	0.000287	0.476941	0.005191
285	A	17298	478977	315908	0.054756	322126	77	478977	254	862444	489083	0.000519	28872	16	859663	0	0	0	nan	0	0	0	0.054237	0.000418	0.054237	0.000418	0.981032	0.007561
286	U	4134	478977	311916	0.013254	321153	162	478977	227	863121	485174	0.000468	28873	16	860344	0	0	0	nan	0	0	0	0.012786	0.000208	0.012786	0.000208	0.231272	0.003762
287	G	3044	478977	321974	0.009454	320255	244	478977	1259	862127	511232	0.002463	28875	16	859353	0	0	0	nan	0	0	0	0.006992	0.000185	0.006992	0.000185	0.126470	0.003346
288	G	1525	478977	334401	0.004560	318963	247	478977	833	861041	519580	0.001603	28873	16	858272	0	0	0	nan	0	0	0	0.002957	0.000129	0.002957	0.000129	0.053486	0.002333
289	G	2575	478977	339206	0.007591	317343	248	478977	2569	869993	522821	0.004914	28875	16	867226	0	0	0	nan	0	0	0	0.002678	0.000178	0.002678	0.000178	0.048439	0.003220
290	C	30222	478977	342505	0.088238	314646	250	478977	1982	876271	526524	0.003764	28875	16	873503	0	0	0	nan	0	0	0	0.084474	0.000515	0.084474	0.000515	1.527955	0.009315
291	U	3677	478977	344356	0.010678	311711	260	478977	404	883015	520388	0.000776	28880	16	880249	0	0	0	nan	0	0	0	0.009902	0.000180	0.009902	0.000180	0.179106	0.003256
292	G	1707	478977	339437	0.005029	303261	303	478977	459	890421	526440	0.000872	28879	16	887660	0	0	0	nan	0	0	0	0.004157	0.000128	0.004157	0.000128	0.075191	0.002315
293	A	14284	478977	305580	0.046744	287484	304	478977	252	897740	521373	0.000483	28881	17	894981	0	0	0	nan	0	0	0	0.046261	0.000392	0.046261	0.000392	0.836763	0.007090
294	A	18837	478977	292602	0.064378	273984	345	478977	258	679552	391988	0.000658	28882	17	676800	0	0	0	nan	0	0	0	0.063719	0.000471	0.063719	0.000471	1.152542	0.008519
295	G	1287	478977	224587	0.005731	267702	366	478977	183	688786	285447	0.000641	28883	17	686035	0	0	0	nan	0	0	0	0.005089	0.000167	0.005089	0.000167	0.092049	0.003021
296	A	11304	478977	211810	0.053369	261438	369	478977	185	648716	237588	0.000779	28884	17	645969	0	0	0	nan	0	0	0	0.052590	0.000505	0.052590	0.000505	0.951242	0.009134
297	U	2703	478977	204146	0.013241	256234	388	478977	293	657864	240913	0.001216	28888	17	655118	0	0	0	nan	0	0	0	0.012024	0.000264	0.012024	0.000264	0.217489	0.004775
298	C	19836	478977	251131	0.078987	251263	435	478977	331	669433	325927	0.001016	28889	17	666687	0	0	0	nan	0	0	0	0.077971	0.000564	0.077971	0.000564	1.410330	0.010202
299	G	1585	478977	301712	0.005253	244384	469	478977	578	690161	423932	0.001363	28890	17	687414	0	0	0	nan	0	0	0	0.003890	0.000144	0.003890	0.000144	0.070362	0.002605
300	A	9436	478977	303503	0.031090	238908	482	478977	207	705508	444206	0.000466	28887	17	702758	0	0	0	nan	0	0	0	0.030624	0.000322	0.030624	0.000322	0.553923	0.005824
301	C	7027	478977	290403	0.024197	229553	495	478977	216	719727	446363	0.000484	28317	15	717016	0	0	0	nan	0	0	0	0.023713	0.000291	0.023713	0.000291	0.428918	0.005264
302	A	10426	478977	262703	0.039687	119575	497	478977	229	729976	417620	0.000548	8916	1	729231	0	0	0	nan	0	0	0	0.039139	0.000390	0.039139	0.000390	0.707941	0.007054
303	U	4169	478977	275309	0.015143	113124	503	478977	1417	738011	446551	0.003173	8913	1	737270	0	0	0	nan	0	0	0	0.011970	0.000249	0.011970	0.000249	0.216512	0.004504
304	C	19211	478977	268127	0.071649	109287	506	478977	345	750512	443996	0.000777	8877	3	749775	0	0	0	nan	0	0	0	0.070872	0.000519	0.070872	0.000519	1.281924	0.009388
305	C	22190	478977	310697	0.071420	104546	511	478977	287	763143	538668	0.000533	8868	3	762408	0	0	0	nan	0	0	0	0.070887	0.000480	0.070887	0.000480	1.282195	0.008682
306	A	17247	478977	294531	0.058558	101572	521	478977	249	774346	495867	0.000502	8868	6	773609	0	0	0	nan	0	0	0	0.058055	0.000447	0.058055	0.000447	1.050092	0.008085
307	U	4009	478977	312644	0.012823	99102	538	478977	603	780341	519705	0.001160	8859	6	779604	0	0	0	nan	0	0	0	0.011663	0.000208	0.011663	0.000208	0.210959	0.003762
308	G	1345	478977	307933	0.004368	96140	547	478977	348	792933	504686	0.000690	8860	6	792196	0	0	0	nan	0	0	0	0.003678	0.000125	0.003678	0.000125	0.066527	0.002261
309	U	3312	478977	326854	0.010133	93574	552	478977	1429	798848	554827	0.002576	8861	9	798111	0	0	0	nan	0	0	0	0.007557	0.000189	0.007557	0.000189	0.136690	0.003419
310	C	6782	478977	319234	0.021245	91179	553	478977	414	808137	554200	0.000747	8866	9	807399	0	0	0	nan	0	0	0	0.020498	0.000261	0.020498	0.000261	0.370765	0.004721
311	A	16846	478977	317423	0.053071	87050	557	478977	364	816501	525507	0.000693	8859	9	815765	0	0	0	nan	0	0	0	0.052378	0.000411	0.052378	0.000411	0.947407	0.007434
312	U	2252	478977	311675	0.007225	84731	560	478977	588	823779	503913	0.001167	8860	9	823044	0	0	0	nan	0	0	0	0.006059	0.000160	0.006059	0.000160	0.109594	0.002894
313	C	5937	478977	295172	0.020114	83272	560	478977	359	831183	492460	0.000729	8862	9	830447	0	0	0	nan	0	0	0	0.019385	0.000264	0.019385	0.000264	0.350634	0.004775
314	A	9641	478977	269017	0.035838	82138	561	478977	294	839364	470634	0.000625	8864	10	838628	0	0	0	nan	0	0	0	0.035213	0.000367	0.035213	0.000367	0.636928	0.006638
315	U	3065	478977	272765	0.011237	81423	562	478977	1161	844096	491447	0.002362	8865	10	843360	0	0	0	nan	0	0	0	0.008874	0.000214	0.008874	0.000214	0.160512	0.003871
316	C	7906	478977	274893	0.028760	80594	565	478977	1376	852244	505872	0.002720	8863	11	851508	0	0	0	nan	0	0	0	0.026040	0.000332	0.026040	0.000332	0.471008	0.006005
317	C	7351	478977	349224	0.021050	79716	565	478977	457	864999	647111	0.000706	8872	11	864262	0	0	0	nan	0	0	0	0.020343	0.000248	0.020343	0.000248	0.367962	0.004486
318	C	16205	478977	368799	0.043940	78254	566	478977	893	872646	704059	0.001268	8872	12	871908	0	0	0	nan	0	0	0	0.042672	0.000348	0.042672	0.000348	0.771846	0.006295
319	G	1550	478977	374754	0.004136	77119	569	478977	571	875978	710971	0.000803	8855	13	875247	0	0	0	nan	0	0	0	0.003333	0.000110	0.003333	0.000110	0.060287	0.001990
320	U	4582	478977	364232	0.012580	75859	571	478977	432	878227	703301	0.000614	8857	14	877497	0	0	0	nan	0	0	0	0.011966	0.000188	0.011966	0.000188	0.216440	0.003401
321	A	25183	478977	353462	0.071247	74409	573	478977	402	880347	658792	0.000610	8862	15	879620	0	0	0	nan	0	0	0	0.070636	0.000450	0.070636	0.000450	1.277655	0.008140
322	U	5519	478977	365609	0.015095	73257	574	478977	470	881677	689258	0.000682	8859	16	880956	0	0	0	nan	0	0	0	0.014413	0.000206	0.014413	0.000206	0.260701	0.003726
323	G	3508	478977	351180	0.009989	72302	574	478977	491	883564	650794	0.000754	8859	16	882844	0	0	0	nan	0	0	0	0.009235	0.000172	0.009235	0.000172	0.167042	0.003111
324	A	29243	478977	361729	0.080842	70087	574	478977	4712	886001	677707	0.006953	8861	16	885284	0	0	0	nan	0	0	0	0.073889	0.000483	0.073889	0.000483	1.336495	0.008736
325	A	20335	478977	366952	0.055416	68472	577	478977	344	890170	681141	0.000505	8860	16	889457	0	0	0	nan	0	0	0	0.054911	0.000390	0.054911	0.000390	0.993224	0.007054
326	G	1875	478977	370894	0.005055	66784	579	478977	980	893650	698114	0.001404	8863	16	892935	0	0	0	nan	0	0	0	0.003652	0.000125	0.003652	0.000125	0.066057	0.002261
327	G	1111	478977	345904	0.003212	64988	579	478977	650	897415	645627	0.001007	8864	16	896704	0	0	0	nan	0	0	0	0.002205	0.000104	0.002205	0.000104	0.039884	0.001881
328	U	2169	478977	337620	0.006424	61990	579	478977	976	900074	619018	0.001577	8859	17	899363	0	0	0	nan	0	0	0	0.004848	0.000147	0.004848	0.000147	0.087690	0.002659
329	C	6350	478977	308265	0.020599	60233	579	478977	368	904689	554688	0.000663	8861	17	903979	0	0	0	nan	0	0	0	0.019936	0.000261	0.019936	0.000261	0.360600	0.004721
330	U	2400	478977	306551	0.007829	58850	579	478977	390	909018	544979	0.000716	8801	17	908313	0	0	0	nan	0	0	0	0.007113	0.000164	0.007113	0.000164	0.128659	0.002966
331	G	1205	478977	267940	0.004497	57572	580	478977	844	913564	465295	0.001814	8797	17	912859	0	0	0	nan	0	0	0	0.002683	0.000144	0.002683	0.000144	0.048530	0.002605
332	A	19506	478977	275945	0.070688	56999	580	478977	272	919050	461880	0.000589	8798	17	918349	0	0	0	nan	0	0	0	0.070099	0.000507	0.070099	0.000507	1.267942	0.009171
333	G	2686	478977	272723	0.009849	56671	580	478977	4187	929292	444219	0.009426	8801	20	928589	0	0	0	nan	0	0	0	0.000423	0.000239	0.000423	0.000239	0.007651	0.004323
334	C	8561	478977	309645	0.027648	56396	581	478977	1017	941123	492132	0.002067	8817	27	940422	0	0	0	nan	0	0	0	0.025581	0.000306	0.025581	0.000306	0.462706	0.005535
335	G	3885	478977	323329	0.012016	56164	582	478977	980	953547	540195	0.001814	8824	27	952848	0	0	0	nan	0	0	0	0.010201	0.000201	0.010201	0.000201	0.184514	0.003636
336	G	2925	478977	341225	0.008572	55999	582	478977	3308	968620	591526	0.005592	8825	28	967924	0	0	0	nan	0	0	0	0.002980	0.000186	0.002980	0.000186	0.053902	0.003364
337	C	11132	478977	378085	0.029443	55845	582	478977	1959	982875	718526	0.002726	8825	28	982185	0	0	0	nan	0	0	0	0.026717	0.000286	0.026717	0.000286	0.483254	0.005173
338	G	1260	478977	393328	0.003203	55635	582	478977	830	992897	762386	0.001089	8825	29	992214	0	0	0	nan	0	0	0	0.002115	0.000098	0.002115	0.000098	0.038256	0.001773
339	A	22027	478977	404526	0.054451	55419	581	478977	562	999380	824489	0.000682	8828	29	998702	0	0	0	nan	0	0	0	0.053770	0.000368	0.053770	0.000368	0.972585	0.006656
340	C	16503	478977	403415	0.040908	55089	582	478977	472	1004337	817314	0.000578	8825	30	1003662	0	0	0	nan	0	0	0	0.040331	0.000320	0.040331	0.000320	0.729502	0.005788
341	C	23882	478977	393919	0.060627	54828	581	478977	3332	1008121	798862	0.004171	8829	31	1007454	0	0	0	nan	0	0	0	0.056456	0.000399	0.056456	0.000399	1.021169	0.007217
342	A	5404	478977	376394	0.014357	54541	582	478977	630	1011160	744980	0.000846	8840	32	1010502	0	0	0	nan	0	0	0	0.013512	0.000198	0.013512	0.000198	0.244403	0.003581
343	A	18103	478977	381333	0.047473	54183	582	478977	396	1013823	725605	0.000546	8838	32	1013171	0	0	0	nan	0	0	0	0.046927	0.000354	0.046927	0.000354	0.848810	0.006403
344	A	26013	478977	389553	0.066777	54009	582	478977	364	1016120	713516	0.000510	8838	33	1015476	0	0	0	nan	0	0	0	0.066266	0.000415	0.066266	0.000415	1.198611	0.007506
345	U	6073	478977	405077	0.014992	53815	582	478977	384	1018545	770253	0.000499	8858	36	1017905	0	0	0	nan	0	0	0	0.014494	0.000194	0.014494	0.000194	0.262166	0.003509
346	G	3237	478977	397240	0.008149	53648	582	478977	1753	1022546	776442	0.002258	8859	38	1021908	0	0	0	nan	0	0	0	0.005891	0.000153	0.005891	0.000153	0.106556	0.002767
347	G	2190	478977	403137	0.005432	53447	582	478977	1603	1027185	820388	0.001954	8858	38	1026556	0	0	0	nan	0	0	0	0.003478	0.000126	0.003478	0.000126	0.062910	0.002279
348	G	3203	478977	394352	0.008122	53297	582	478977	3449	1032625	805003	0.004284	8862	39	1032004	0	0	0	nan	0	0	0	0.003838	0.000161	0.003838	0.000161	0.069421	0.002912
349	C	13941	478977	407791	0.034187	53110	581	478977	3694	1037180	824316	0.004481	8877	44	1036560	0	0	0	nan	0	0	0	0.029705	0.000299	0.029705	0.000299	0.537300	0.005408
350	C	10513	478977	414317	0.025374	52876	581	478977	667	1041470	833951	0.000800	8989	45	1040853	0	0	0	nan	0	0	0	0.024574	0.000249	0.024574	0.000249	0.444492	0.004504
351	A	14739	478977	420773	0.035028	52704	581	478977	484	1044196	851212	0.000569	8991	46	1043583	0	0	0	nan	0	0	0	0.034460	0.000290	0.034460	0.000290	0.623308	0.005245
352	G	1213	478977	416546	0.002912	52631	581	478977	699	1046517	847460	0.000825	8991	47	1045916	0	0	0	nan	0	0	0	0.002087	0.000089	0.002087	0.000089	0.037749	0.001610
353	A	12460	478977	401110	0.031064	52543	584	478977	446	1048391	806583	0.000553	8992	47	1047795	0	0	0	nan	0	0	0	0.030511	0.000280	0.030511	0.000280	0.551879	0.005065
354	U	2580	478977	389243	0.006628	52495	586	478977	1835	1051033	790135	0.002322	8989	48	1050441	0	0	0	nan	0	0	0	0.004306	0.000141	0.004306	0.000141	0.077886	0.002550
355	C	14306	478977	399024	0.035852	52447	586	478977	2982	1054686	812487	0.003670	8987	48	1054098	0	0	0	nan	0	0	0	0.032182	0.000307	0.032182	0.000307	0.582104	0.005553
356	G	59949	478977	412042	0.145492	52338	586	478977	75664	1058328	874486	0.086524	8994	50	1057743	0	0	0	nan	0	0	0	0.058968	0.000672	nan	nan	nan	nan
357	A	18919	478977	390669	0.048427	52253	587	478977	2826	1066866	903317	0.003128	9573	59	1066281	0	0	0	nan	0	0	0	0.045299	0.000357	0.045299	0.000357	0.819363	0.006457
358	A	31653	478977	416885	0.075927	46469	587	478977	515	1071811	905800	0.000569	8505	59	1071459	0	0	0	nan	0	0	0	0.075359	0.000428	0.075359	0.000428	1.363084	0.007742
359	A	7973	478977	429523	0.018562	46299	587	478977	480	1074857	920362	0.000522	8510	60	1074507	0	0	0	nan	0	0	0	0.018041	0.000209	0.018041	0.000209	0.326323	0.003780
360	A	3184	478977	427057	0.007456	46111	588	478977	332	1076339	925127	0.000359	8515	60	1075990	0	0	0	nan	0	0	0	0.007097	0.000134	0.007097	0.000134	0.128370	0.002424
361	A	9094	478977	422524	0.021523	45370	588	478977	315	1077697	930919	0.000338	8510	61	1077357	0	0	0	nan	0	0	0	0.021185	0.000227	0.021185	0.000227	0.383192	0.004106
362	A	29490	478977	408616	0.072170	45114	589	478977	2062	1078937	878477	0.002347	8499	62	1078610	0	0	0	nan	0	0	0	0.069823	0.000423	0.069823	0.000423	1.262950	0.007651
363	U	11749	478977	397013	0.029593	44889	589	478977	3592	1080166	864364	0.004156	8504	71	1079848	0	0	0	nan	0	0	0	0.025438	0.000282	0.025438	0.000282	0.460119	0.005101
364	U	6208	478977	395011	0.015716	44571	589	478977	1004	1081589	851750	0.001179	8483	84	1081280	0	0	0	nan	0	0	0	0.014537	0.000203	0.014537	0.000203	0.262943	0.003672
365	U	6484	478977	415205	0.015616	44403	589	478977	627	1082507	911197	0.000688	8480	96	1082207	0	0	0	nan	0	0	0	0.014928	0.000196	0.014928	0.000196	0.270016	0.003545
366	U	6141	478977	420758	0.014595	44163	589	478977	548	1083731	931911	0.000588	8490	99	1083436	0	0	0	nan	0	0	0	0.014007	0.000188	0.014007	0.000188	0.253357	0.003401
367	U	6062	478977	424079	0.014295	44080	589	478977	459	1084745	938337	0.000489	8495	103	1084456	0	0	0	nan	0	0	0	0.013805	0.000185	0.013805	0.000185	0.249703	0.003346
368	A	32152	478977	431582	0.074498	43900	589	478977	975	1086028	939747	0.001038	8494	104	1085743	0	0	0	nan	0	0	0	0.073460	0.000417	0.073460	0.000417	1.328736	0.007543
369	A	28118	478977	439695	0.063949	43671	589	478977	1258	1087146	919277	0.001368	8489	108	1086868	0	0	0	nan	0	0	0	0.062580	0.000383	0.062580	0.000383	1.131939	0.006928
370	G	3808	478977	443346	0.008589	43531	589	478977	2197	1087751	942645	0.002331	8501	109	1087480	0	0	0	nan	0	0	0	0.006259	0.000148	0.006259	0.000148	0.113212	0.002677
371	G	2847	478977	429724	0.006625	43106	589	478977	784	1088469	877770	0.000893	8502	111	1088203	0	0	0	nan	0	0	0	0.005732	0.000128	0.005732	0.000128	0.103680	0.002315
372	U	7851	478977	423468	0.018540	42355	588	478977	605	1089131	845380	0.000716	8497	114	1088874	0	0	0	nan	0	0	0	0.017824	0.000211	0.017824	0.000211	0.322398	0.003817
373	G	2676	478977	420683	0.006361	42067	588	478977	2970	1090348	836406	0.003551	8496	117	1090096	0	0	0	nan	0	0	0	0.002810	0.000139	0.002810	0.000139	0.050827	0.002514
374	G	1909	478977	432000	0.004419	41634	588	478977	930	1092670	871763	0.001067	8498	119	1092425	0	0	0	nan	0	0	0	0.003352	0.000107	0.003352	0.000107	0.060631	0.001935
375	U	3207	478977	450835	0.007113	41513	588	478977	1204	1095503	951343	0.001266	8497	119	1095260	0	0	0	nan	0	0	0	0.005848	0.000131	0.005848	0.000131	0.105778	0.002370
376	G	1228	478977	448755	0.002736	41430	588	478977	648	1097694	957354	0.000677	8500	122	1097454	0	0	0	nan	0	0	0	0.002060	0.000082	0.002060	0.000082	0.037261	0.001483
377	U	4251	478977	445835	0.009535	41210	588	478977	1067	1100127	968907	0.001101	8499	122	1099889	0	0	0	nan	0	0	0	0.008434	0.000150	0.008434	0.000150	0.152553	0.002713
378	A	16071	478977	436832	0.036790	41153	588	478977	529	1102611	943286	0.000561	8500	123	1102377	0	0	0	nan	0	0	0	0.036229	0.000291	0.036229	0.000291	0.655306	0.005264
379	C	10137	478977	436634	0.023216	41085	588	478977	1403	1104363	933892	0.001502	8500	123	1104134	0	0	0	nan	0	0	0	0.021714	0.000234	0.021714	0.000234	0.392760	0.004233
380	C	17174	478977	436223	0.039370	40908	588	478977	925	1106624	926675	0.000998	8499	125	1106397	0	0	0	nan	0	0	0	0.038372	0.000302	0.038372	0.000302	0.694068	0.005463
381	C	24950	478977	441257	0.056543	40853	588	478977	939	1108452	933896	0.001005	8517	126	1108227	0	0	0	nan	0	0	0	0.055538	0.000359	0.055538	0.000359	1.004565	0.006494
382	U	3806	478977	449518	0.008467	40823	589	478977	1001	1110157	965299	0.001037	8521	136	1109933	0	0	0	nan	0	0	0	0.007430	0.000141	0.007430	0.000141	0.134393	0.002550
383	G	2893	478977	451244	0.006411	40789	589	478977	969	1112093	955891	0.001014	8529	148	1111871	0	0	0	nan	0	0	0	0.005397	0.000124	0.005397	0.000124	0.097620	0.002243
384	U	3038	478977	452892	0.006708	40722	589	478977	1220	1113837	978560	0.001247	8527	149	1113618	0	0	0	nan	0	0	0	0.005461	0.000127	0.005461	0.000127	0.098778	0.002297
385	G	1611	478977	450888	0.003573	40674	589	478977	996	1115820	972414	0.001024	8527	149	1115603	0	0	0	nan	0	0	0	0.002549	0.000095	0.002549	0.000095	0.046106	0.001718
386	G	1694	478977	448068	0.003781	40600	589	478977	1176	1117913	990514	0.001187	8524	150	1117699	0	0	0	nan	0	0	0	0.002593	0.000098	0.002593	0.000098	0.046902	0.001773
387	A	9920	478977	448356	0.022125	40506	589	478977	659	1119821	980864	0.000672	8528	150	1119612	0	0	0	nan	0	0	0	0.021453	0.000224	0.021453	0.000224	0.388039	0.004052
388	U	3268	478977	449088	0.007277	40454	589	478977	872	1120941	973023	0.000896	8531	150	1120733	0	0	0	nan	0	0	0	0.006381	0.000131	0.006381	0.000131	0.115419	0.002370
389	G	1339	478977	444782	0.003010	40396	589	478977	916	1122992	979609	0.000935	8535	152	1122786	0	0	0	nan	0	0	0	0.002075	0.000088	0.002075	0.000088	0.037532	0.001592
390	A	14293	478977	438376	0.032604	40330	589	478977	664	1124600	977068	0.000680	8551	153	1124397	0	0	0	nan	0	0	0	0.031925	0.000274	0.031925	0.000274	0.577456	0.004956
391	U	2320	478977	433453	0.005352	40283	590	478977	1170	1125651	963792	0.001214	8552	155	1125449	0	0	0	nan	0	0	0	0.004138	0.000117	0.004138	0.000117	0.074848	0.002116
392	C	12724	478977	437807	0.029063	40261	590	478977	850	1127597	975555	0.000871	8561	158	1127396	0	0	0	nan	0	0	0	0.028192	0.000259	0.028192	0.000259	0.509933	0.004685
393	A	2389	478977	425342	0.005617	40235	590	478977	651	1129515	922186	0.000706	8583	171	1129313	0	0	0	nan	0	0	0	0.004911	0.000118	0.004911	0.000118	0.088830	0.002134
394	U	1445	478977	427413	0.003381	40179	590	478977	1104	1130374	941261	0.001173	8584	172	1130173	0	0	0	nan	0	0	0	0.002208	0.000096	0.002208	0.000096	0.039938	0.001736
395	C	4872	478977	420527	0.011585	40142	590	478977	777	1132074	945917	0.000821	8585	172	1131879	0	0	0	nan	0	0	0	0.010764	0.000169	0.010764	0.000169	0.194698	0.003057
396	A	22282	478977	442741	0.050327	40090	590	478977	526	1134024	1040891	0.000505	8589	173	1133829	0	0	0	nan	0	0	0	0.049822	0.000338	0.049822	0.000338	0.901174	0.006114
397	C	38765	478977	425950	0.091008	40051	590	478977	7473	1135190	1004664	0.007438	8601	175	1134992	0	0	0	nan	0	0	0	0.083570	0.000470	0.083570	0.000470	1.511604	0.008501
398	U	8550	478977	419134	0.020399	40022	590	478977	2605	1136073	970853	0.002683	8623	176	1135868	0	0	0	nan	0	0	0	0.017716	0.000227	0.017716	0.000227	0.320445	0.004106
399	U	7188	478977	418471	0.017177	39967	590	478977	621	1137985	945904	0.000657	8653	177	1137773	0	0	0	nan	0	0	0	0.016520	0.000204	0.016520	0.000204	0.298812	0.003690
400	U	6756	478977	418680	0.016136	39876	590	478977	553	1139266	957563	0.000578	8675	184	1139039	0	0	0	nan	0	0	0	0.015559	0.000198	0.015559	0.000198	0.281429	0.003581
401	A	34944	478977	433330	0.080641	39454	590	478977	1697	1140032	990955	0.001712	8751	187	1139779	0	0	0	nan	0	0	0	0.078928	0.000433	0.078928	0.000433	1.427640	0.007832
402	A	22939	478977	450793	0.050886	39529	590	478977	700	1142000	1018456	0.000687	9115	193	1141555	0	0	0	nan	0	0	0	0.050199	0.000337	0.050199	0.000337	0.907993	0.006096
403	G	2914	478977	460085	0.006334	39504	590	478977	2818	1143290	1051553	0.002680	9125	196	1142848	0	0	0	nan	0	0	0	0.003654	0.000128	0.003654	0.000128	0.066093	0.002315
404	G	1735	478977	460714	0.003766	39431	590	478977	992	1144335	1044359	0.000950	9004	214	1143894	0	0	0	nan	0	0	0	0.002816	0.000095	0.002816	0.000095	0.050935	0.001718
405	U	1510	478977	462052	0.003268	39390	590	478977	841	1145418	1058192	0.000795	9003	216	1144979	0	0	0	nan	0	0	0	0.002473	0.000088	0.002473	0.000088	0.044731	0.001592
406	G	990	478977	454174	0.002180	39311	590	478977	1328	1146506	1032227	0.001287	9004	223	1146068	0	0	0	nan	0	0	0	0.000893	0.000078	0.000893	0.000078	0.016152	0.001411
407	A	6227	478977	444713	0.014002	39274	589	478977	431	1147146	998025	0.000432	9006	224	1146710	0	0	0	nan	0	0	0	0.013570	0.000179	0.013570	0.000179	0.245453	0.003238
408	U	2373	478977	439980	0.005393	39206	589	478977	2175	1147966	971863	0.002238	9008	233	1147531	0	0	0	nan	0	0	0	0.003155	0.000121	0.003155	0.000121	0.057067	0.002189
409	C	9242	478977	439113	0.021047	39158	589	478977	1829	1148564	983582	0.001860	9024	244	1148132	0	0	0	nan	0	0	0	0.019187	0.000223	0.019187	0.000223	0.347052	0.004034
410	C	29409	478977	445372	0.066032	39103	589	478977	1117	1149801	1019100	0.001096	9028	289	1149373	0	0	0	nan	0	0	0	0.064936	0.000386	0.064936	0.000386	1.174554	0.006982
411	U	3058	478977	447614	0.006832	39086	590	478977	1061	1150622	1031426	0.001029	9034	304	1150195	0	0	0	nan	0	0	0	0.005803	0.000128	0.005803	0.000128	0.104964	0.002315
412	G	2825	478977	444074	0.006362	39056	590	478977	3402	1151815	1034042	0.003290	9034	316	1151391	0	0	0	nan	0	0	0	0.003072	0.000132	0.003072	0.000132	0.055566	0.002388
413	C	15112	478977	442063	0.034185	39032	590	478977	1359	1153249	1041885	0.001304	9034	324	1152825	0	0	0	nan	0	0	0	0.032881	0.000280	0.032881	0.000280	0.594748	0.005065
414	A	22167	478977	445537	0.049753	38998	590	478977	795	1154928	1066282	0.000746	9032	329	1154505	0	0	0	nan	0	0	0	0.049008	0.000335	0.049008	0.000335	0.886451	0.006059
415	C	31370	478977	447904	0.070037	38959	590	478977	456	1156219	1066443	0.000428	9027	354	1155797	0	0	0	nan	0	0	0	0.069610	0.000396	0.069610	0.000396	1.259097	0.007163
416	U	6753	478977	440907	0.015316	38947	590	478977	492	1156968	1062259	0.000463	9031	368	1156550	0	0	0	nan	0	0	0	0.014853	0.000188	0.014853	0.000188	0.268659	0.003401
417	A	27992	478977	449851	0.062225	38854	590	478977	786	1157588	1061233	0.000741	9035	374	1157173	0	0	0	nan	0	0	0	0.061484	0.000373	0.061484	0.000373	1.112115	0.006747
418	U	5834	478977	451389	0.012925	38838	590	478977	852	1158078	1071605	0.000795	9037	381	1157667	0	0	0	nan	0	0	0	0.012129	0.000171	0.012129	0.000171	0.219388	0.003093
419	G	2140	478977	453553	0.004718	38795	590	478977	1383	1158439	1077789	0.001283	9043	392	1158031	0	0	0	nan	0	0	0	0.003435	0.000108	0.003435	0.000108	0.062132	0.001953
420	G	3745	478977	444622	0.008423	38716	590	478977	4239	1158993	1074132	0.003946	9041	394	1158591	0	0	0	nan	0	0	0	0.004476	0.000150	0.004476	0.000150	0.080961	0.002713
421	C	9117	478977	433067	0.021052	38688	591	478977	2091	1159954	1086145	0.001925	9043	410	1159558	0	0	0	nan	0	0	0	0.019127	0.000224	0.019127	0.000224	0.345967	0.004052
422	A	19289	478977	442840	0.043557	38593	591	478977	924	1160712	1075233	0.000859	9038	412	1160318	0	0	0	nan	0	0	0	0.042698	0.000315	0.042698	0.000315	0.772316	0.005698
423	C	29188	478977	447078	0.065286	38527	591	478977	570	1161242	1085854	0.000525	9046	425	1160850	0	0	0	nan	0	0	0	0.064761	0.000383	0.064761	0.000383	1.171389	0.006928
424	A	18943	478977	447194	0.042360	38328	591	478977	616	1161867	1058828	0.000582	9040	428	1161477	0	0	0	nan	0	0	0	0.041778	0.000309	0.041778	0.000309	0.755675	0.005589
425	C	24201	478977	446474	0.054205	38284	591	478977	727	1162240	1052206	0.000691	9040	448	1161854	0	0	0	nan	0	0	0	0.053514	0.000349	0.053514	0.000349	0.967955	0.006313
426	U	5447	478977	449146	0.012127	38257	591	478977	814	1162681	1038153	0.000784	9041	458	1162296	0	0	0	nan	0	0	0	0.011343	0.000167	0.011343	0.000167	0.205171	0.003021
427	G	3409	478977	452347	0.007536	38183	592	478977	2071	1163178	1065422	0.001944	9031	460	1162800	0	0	0	nan	0	0	0	0.005592	0.000136	0.005592	0.000136	0.101147	0.002460
428	G	2276	478977	452575	0.005029	38040	592	478977	1053	1164251	1068163	0.000986	9029	470	1163877	0	0	0	nan	0	0	0	0.004043	0.000110	0.004043	0.000110	0.073129	0.001990
429	U	5297	478977	448203	0.011818	37975	592	478977	1011	1164650	1076551	0.000939	9030	473	1164280	0	0	0	nan	0	0	0	0.010879	0.000165	0.010879	0.000165	0.196778	0.002984
430	A	27191	478977	444694	0.061145	37878	592	478977	886	1165608	1059121	0.000837	9029	480	1165243	0	0	0	nan	0	0	0	0.060309	0.000372	0.060309	0.000372	1.090862	0.006729
431	A	21435	478977	444168	0.048259	37639	593	478977	659	1165988	1031805	0.000639	8960	483	1165824	0	0	0	nan	0	0	0	0.047620	0.000331	0.047620	0.000331	0.861345	0.005987
432	U	4669	478977	445742	0.010475	37613	593	478977	934	1166468	1043323	0.000895	8960	483	1166311	0	0	0	nan	0	0	0	0.009579	0.000156	0.009579	0.000156	0.173264	0.002822
433	C	17359	478977	447402	0.038800	37586	593	478977	683	1167319	1062694	0.000643	8961	483	1167180	0	0	0	nan	0	0	0	0.038157	0.000296	0.038157	0.000296	0.690179	0.005354
434	G	1924	478977	456677	0.004213	37562	593	478977	1231	1168187	1125242	0.001094	8961	484	1168059	0	0	0	nan	0	0	0	0.003119	0.000101	0.003119	0.000101	0.056416	0.001827
435	A	23631	478977	462328	0.051113	37356	593	478977	506	1168617	1115288	0.000454	8941	484	1168495	0	0	0	nan	0	0	0	0.050659	0.000333	0.050659	0.000333	0.916314	0.006023
436	C	11847	478977	463524	0.025559	37328	593	478977	725	1169287	1102455	0.000658	8941	484	1169167	0	0	0	nan	0	0	0	0.024901	0.000236	0.024901	0.000236	0.450406	0.004269
437	G	3982	478977	463941	0.008583	37287	593	478977	2447	1170140	1080448	0.002265	8943	484	1170023	0	0	0	nan	0	0	0	0.006318	0.000144	0.006318	0.000144	0.114279	0.002605
438	G	2058	478977	464360	0.004432	37134	593	478977	1943	1170777	1073433	0.001810	8946	485	1170664	0	0	0	nan	0	0	0	0.002622	0.000106	0.002622	0.000106	0.047426	0.001917
439	G	1346	478977	464725	0.002896	37042	593	478977	1537	1171217	1065126	0.001443	8946	486	1171107	0	0	0	nan	0	0	0	0.001453	0.000087	0.001453	0.000087	0.026282	0.001574
440	G	2776	478977	459388	0.006043	36829	593	478977	1506	1171725	1032703	0.001458	8946	487	1171619	0	0	0	nan	0	0	0	0.004585	0.000121	0.004585	0.000121	0.082933	0.002189
441	U	4017	478977	451660	0.008894	36794	593	478977	1008	1172359	990819	0.001017	8946	487	1172259	0	0	0	nan	0	0	0	0.007877	0.000144	0.007877	0.000144	0.142478	0.002605
442	U	5085	478977	448802	0.011330	36528	593	478977	497	1173470	993010	0.000500	8944	487	1173374	0	0	0	nan	0	0	0	0.010830	0.000160	0.010830	0.000160	0.195892	0.002894
443	A	19191	478977	453687	0.042300	36468	593	478977	500	1177181	1038526	0.000481	8945	487	1177088	0	0	0	nan	0	0	0	0.041819	0.000306	0.041819	0.000306	0.756417	0.005535
444	C	12606	478977	460989	0.027346	36429	593	478977	604	1179687	1108454	0.000545	8945	490	1179599	0	0	0	nan	0	0	0	0.026801	0.000245	0.026801	0.000245	0.484773	0.004432
445	G	3299	478977	452977	0.007283	36346	593	478977	4670	1181931	1080980	0.004320	8947	491	1181857	0	0	0	nan	0	0	0	0.002963	0.000142	0.002963	0.000142	0.053594	0.002568
446	C	12233	478977	445492	0.027460	36233	593	478977	3398	1182858	1040449	0.003266	8947	491	1182786	0	0	0	nan	0	0	0	0.024194	0.000255	0.024194	0.000255	0.437618	0.004612
447	C	8327	478977	447348	0.018614	35980	593	478977	1287	1184311	1033398	0.001245	8943	491	1184245	0	0	0	nan	0	0	0	0.017369	0.000207	0.017369	0.000207	0.314168	0.003744
448	G	944	478977	452386	0.002087	35970	593	478977	961	1185197	1064430	0.000903	8943	491	1185133	0	0	0	nan	0	0	0	0.001184	0.000074	0.001184	0.000074	0.021416	0.001339
449	A	10852	478977	456792	0.023757	35929	593	478977	498	1186213	1097663	0.000454	8943	491	1186155	0	0	0	nan	0	0	0	0.023303	0.000229	0.023303	0.000229	0.421502	0.004142
450	A	26181	478977	459269	0.057006	35732	593	478977	531	1187216	1117716	0.000475	8938	492	1187159	0	0	0	nan	0	0	0	0.056531	0.000353	0.056531	0.000353	1.022526	0.006385
451	C	40921	478977	466278	0.087761	35233	593	478977	644	1188393	1135277	0.000567	8936	492	1188337	0	0	0	nan	0	0	0	0.087194	0.000434	0.087194	0.000434	1.577154	0.007850
452	A	26013	478977	472660	0.055035	35159	593	478977	953	1188393	1122728	0.000849	8936	492	1188337	0	0	0	nan	0	0	0	0.054187	0.000342	0.054187	0.000342	0.980128	0.006186
453	U	0	478977	471189	0.000000	35112	593	478977	0	1188391	1112501	0.000000	8936	492	1188337	0	0	0	nan	0	0	0	0.000000	0.000000	0.000000	0.000000	0.000000	0.000000
454	g	0	478977	0	nan	34846	593	478977	0	1188390	0	nan	8933	492	1188337	0	0	0	nan	0	0	0	nan	nan	nan	nan	nan	nan
455	a	0	478977	0	nan	34833	593	478977	0	1188386	0	nan	8933	492	1188337	0	0	0	nan	0	0	0	nan	nan	nan	nan	nan	nan
456	u	0	478977	0	nan	34708	593	478977	0	1188386	0	nan	8930	492	1188337	0	0	0	nan	0	0	0	nan	nan	nan	nan	nan	nan
457	c	0	478977	0	nan	34570	593	478977	0	1188375	0	nan	8930	492	1188337	0	0	0	nan	0	0	0	nan	nan	nan	nan	nan	nan
458	g	0	478977	0	nan	34324	593	478977	0	1188374	0	nan	8928	492	1188337	0	0	0	nan	0	0	0	nan	nan	nan	nan	nan	nan
459	a	0	478977	0	nan	34186	593	478977	0	1188348	0	nan	8928	491	1188337	0	0	0	nan	0	0	0	nan	nan	nan	nan	nan	nan
460	c	0	478977	0	nan	33948	593	478977	0	1188342	0	nan	8914	491	1188337	0	0	0	nan	0	0	0	nan	nan	nan	nan	nan	nan
461	u	0	478977	0	nan	33835	593	478977	0	1188341	0	nan	8914	491	1188337	0	0	0	nan	0	0	0	nan	nan	nan	nan	nan	nan
462	a	0	478977	0	nan	33643	593	478977	0	1188337	0	nan	8907	491	1188337	0	0	0	nan	0	0	0	nan	nan	nan	nan	nan	nan
463	u	0	478977	0	nan	33589	593	478977	0	1188337	0	nan	8906	491	1188337	0	0	0	nan	0	0	0	nan	nan	nan	nan	nan	nan
464	u	0	478881	0	nan	33587	593	478881	0	1188332	0	nan	8906	491	1188332	0	0	0	nan	0	0	0	nan	nan	nan	nan	nan	nan
465	u	0	478417	0	nan	33584	593	478417	0	1188318	0	nan	8906	491	1188318	0	0	0	nan	0	0	0	nan	nan	nan	nan	nan	nan
466	c	0	478410	0	nan	33582	593	478410	0	1188312	0	nan	8906	491	1188312	0	0	0	nan	0	0	0	nan	nan	nan	nan	nan	nan
467	g	0	478401	0	nan	33578	593	478401	0	1188301	0	nan	8906	491	1188301	0	0	0	nan	0	0	0	nan	nan	nan	nan	nan	nan
468	g	0	477257	0	nan	33574	592	477257	0	1188282	0	nan	8906	491	1188282	0	0	0	nan	0	0	0	nan	nan	nan	nan	nan	nan
469	a	0	477228	0	nan	33570	592	477228	0	1188231	0	nan	8906	490	1188231	0	0	0	nan	0	0	0	nan	nan	nan	nan	nan	nan
470	c	0	477201	0	nan	33564	592	477201	0	1188207	0	nan	8905	490	1188207	0	0	0	nan	0	0	0	nan	nan	nan	nan	nan	nan
471	g	0	477146	0	nan	33561	592	477146	0	1188154	0	nan	8905	490	1188154	0	0	0	nan	0	0	0	nan	nan	nan	nan	nan	nan
472	g	0	475700	0	nan	33466	592	475700	0	1186836	0	nan	8881	487	1186836	0	0	0	nan	0	0	0	nan	nan	nan	nan	nan	nan
473	c	0	472850	0	nan	33295	589	472850	0	1181521	0	nan	8846	487	1181521	0	0	0	nan	0	0	0	nan	nan	nan	nan	nan	nan