Nucleotide	Sequence	Modified_mutations	Modified_read_depth	Modified_effective_depth	Modified_rate	Modified_off_target_mapped_depth	Modified_low_mapq_mapped_depth	Modified_primer_pair_1_mapped_depth	Untreated_mutations	Untreated_read_depth	Untreated_effective_depth	Untreated_rate	Untreated_off_target_mapped_depth	Untreated_low_mapq_mapped_depth	Untreated_primer_pair_1_mapped_depth	Denatured_mutations	Denatured_read_depth	Denatured_effective_depth	Denatured_rate	Denatured_off_target_mapped_depth	Denatured_low_mapq_mapped_depth	Denatured_primer_pair_1_mapped_depth	Reactivity_profile	Std_err	HQ_profile	HQ_stderr	Norm_profile	Norm_stderr
1	c	0	892370	0	nan	206768	144	892370	0	1331216	0	nan	6985	181	1331216	0	0	0	nan	0	0	0	nan	nan	nan	nan	nan	nan
2	c	0	895612	0	nan	207515	144	895612	0	1333778	0	nan	6998	182	1333778	0	0	0	nan	0	0	0	nan	nan	nan	nan	nan	nan
3	g	0	922886	0	nan	212444	144	922886	0	1370861	0	nan	7180	184	1370861	0	0	0	nan	0	0	0	nan	nan	nan	nan	nan	nan
4	a	0	923394	0	nan	212529	144	923394	0	1371264	0	nan	7180	184	1371264	0	0	0	nan	0	0	0	nan	nan	nan	nan	nan	nan
5	g	0	923969	0	nan	212631	144	923969	0	1371900	0	nan	7187	184	1371900	0	0	0	nan	0	0	0	nan	nan	nan	nan	nan	nan
6	u	0	924300	0	nan	212695	144	924300	0	1371953	0	nan	7187	184	1371953	0	0	0	nan	0	0	0	nan	nan	nan	nan	nan	nan
7	a	0	924397	0	nan	212699	144	924397	0	1372010	0	nan	7188	184	1372010	0	0	0	nan	0	0	0	nan	nan	nan	nan	nan	nan
8	a	0	924631	0	nan	212707	144	924631	0	1372077	0	nan	7188	184	1372077	0	0	0	nan	0	0	0	nan	nan	nan	nan	nan	nan
9	c	0	924878	0	nan	212730	144	924878	0	1372171	0	nan	7188	184	1372171	0	0	0	nan	0	0	0	nan	nan	nan	nan	nan	nan
10	c	0	925077	0	nan	212733	144	925077	0	1372180	0	nan	7188	184	1372180	0	0	0	nan	0	0	0	nan	nan	nan	nan	nan	nan
11	a	0	925240	0	nan	212736	144	925240	0	1372192	0	nan	7190	184	1372192	0	0	0	nan	0	0	0	nan	nan	nan	nan	nan	nan
12	u	0	925240	0	nan	212953	144	925240	0	1372195	0	nan	7192	184	1372192	0	0	0	nan	0	0	0	nan	nan	nan	nan	nan	nan
13	c	0	925240	0	nan	213176	144	925240	0	1372195	0	nan	7195	184	1372192	0	0	0	nan	0	0	0	nan	nan	nan	nan	nan	nan
14	a	0	925240	0	nan	213320	144	925240	0	1372197	0	nan	7198	184	1372192	0	0	0	nan	0	0	0	nan	nan	nan	nan	nan	nan
15	a	0	925240	0	nan	213650	144	925240	0	1372197	0	nan	7201	184	1372192	0	0	0	nan	0	0	0	nan	nan	nan	nan	nan	nan
16	c	0	925240	0	nan	213814	144	925240	0	1372197	0	nan	7205	184	1372192	0	0	0	nan	0	0	0	nan	nan	nan	nan	nan	nan
17	g	0	925240	0	nan	214111	144	925240	0	1372199	0	nan	7218	184	1372192	0	0	0	nan	0	0	0	nan	nan	nan	nan	nan	nan
18	g	0	925240	0	nan	214280	144	925240	0	1372200	0	nan	7237	184	1372192	0	0	0	nan	0	0	0	nan	nan	nan	nan	nan	nan
19	a	0	925240	0	nan	214393	144	925240	0	1372213	0	nan	7312	184	1372192	0	0	0	nan	0	0	0	nan	nan	nan	nan	nan	nan
20	g	0	925240	0	nan	214468	144	925240	0	1372221	0	nan	7568	184	1372192	0	0	0	nan	0	0	0	nan	nan	nan	nan	nan	nan
21	U	1	925240	891548	0.000001	214514	144	925240	5	1372229	1304237	0.000004	7717	184	1372192	0	0	0	nan	0	0	0	-0.000003	0.000002	-0.000003	0.000002	-0.000055	0.000037
22	G	4922	925240	899715	0.005471	214653	144	925240	1864	1372240	1343768	0.001387	8333	184	1372192	0	0	0	nan	0	0	0	0.004083	0.000084	0.004083	0.000084	0.074706	0.001537
23	A	49463	925240	904683	0.054674	214721	144	925240	1146	1372261	1343082	0.000853	9007	185	1372192	0	0	0	nan	0	0	0	0.053821	0.000247	0.053821	0.000247	0.984760	0.004519
24	C	50832	925240	894943	0.056799	214780	144	925240	1439	1371819	1324308	0.001087	10040	185	1371717	0	0	0	nan	0	0	0	0.055713	0.000254	0.055713	0.000254	1.019378	0.004647
25	C	33576	925240	888631	0.037784	214782	144	925240	1569	1371314	1322945	0.001186	10202	185	1371209	0	0	0	nan	0	0	0	0.036598	0.000208	0.036598	0.000208	0.669632	0.003806
26	G	5059	925240	885267	0.005715	214508	144	925240	2676	1369572	1316148	0.002033	10610	185	1369446	0	0	0	nan	0	0	0	0.003681	0.000089	0.003681	0.000089	0.067351	0.001628
27	G	10125	925240	884497	0.011447	209317	55	925240	8881	1364290	1315805	0.006749	11235	176	1364140	0	0	0	nan	0	0	0	0.004698	0.000134	0.004698	0.000134	0.085959	0.002452
28	C	30935	925240	886745	0.034886	207787	35	925240	5309	1362827	1317883	0.004028	11313	175	1362675	0	0	0	nan	0	0	0	0.030858	0.000206	0.030858	0.000206	0.564607	0.003769
29	U	10074	925240	867835	0.011608	207861	34	925240	1060	1360875	1286440	0.000824	11400	175	1360719	0	0	0	nan	0	0	0	0.010784	0.000118	0.010784	0.000118	0.197314	0.002159
30	G	4573	925240	858652	0.005326	207066	31	925240	2551	1356995	1246408	0.002047	11615	175	1356832	0	0	0	nan	0	0	0	0.003279	0.000089	0.003279	0.000089	0.059996	0.001628
31	G	11659	925240	852337	0.013679	206994	12	925240	13555	1355795	1234093	0.010984	11784	176	1355625	0	0	0	nan	0	0	0	0.002695	0.000158	0.002695	0.000158	0.049310	0.002891
32	C	124306	925240	864604	0.143772	207304	12	925240	2839	1354655	1245160	0.002280	11799	176	1354485	0	0	0	nan	0	0	0	0.141492	0.000410	0.141492	0.000410	2.588872	0.007502
33	G	4576	925240	890062	0.005141	207697	12	925240	2406	1353356	1273674	0.001889	11801	176	1353186	0	0	0	nan	0	0	0	0.003252	0.000085	0.003252	0.000085	0.059502	0.001555
34	G	10013	925240	891910	0.011226	208159	13	925240	9174	1352969	1279443	0.007170	11808	176	1352799	0	0	0	nan	0	0	0	0.004056	0.000135	0.004056	0.000135	0.074212	0.002470
35	C	13726	925240	892005	0.015388	208763	13	925240	4732	1352765	1276856	0.003706	11820	176	1352595	0	0	0	nan	0	0	0	0.011682	0.000142	0.011682	0.000142	0.213745	0.002598
36	U	4389	925240	899050	0.004882	209874	12	925240	1315	1352369	1296212	0.001014	11848	176	1352199	0	0	0	nan	0	0	0	0.003867	0.000079	0.003867	0.000079	0.070754	0.001445
37	G	6510	925240	902887	0.007210	210493	12	925240	2045	1351960	1303853	0.001568	11883	176	1351789	0	0	0	nan	0	0	0	0.005642	0.000096	0.005642	0.000096	0.103231	0.001757
38	U	5640	925240	903298	0.006244	211117	11	925240	1785	1351731	1317050	0.001355	11888	176	1351560	0	0	0	nan	0	0	0	0.004888	0.000089	0.004888	0.000089	0.089435	0.001628
39	G	5736	925240	892124	0.006430	211377	11	925240	5261	1350925	1287148	0.004087	11893	176	1350754	0	0	0	nan	0	0	0	0.002342	0.000102	0.002342	0.000102	0.042851	0.001866
40	C	41385	925240	888947	0.046555	211478	11	925240	1718	1350300	1268282	0.001355	11895	176	1350129	0	0	0	nan	0	0	0	0.045200	0.000231	0.045200	0.000231	0.827022	0.004227
41	G	4357	925240	878018	0.004962	211555	10	925240	1797	1349678	1264884	0.001421	11900	176	1349506	0	0	0	nan	0	0	0	0.003542	0.000082	0.003542	0.000082	0.064808	0.001500
42	A	20804	925240	876167	0.023744	211532	10	925240	754	1349336	1294651	0.000582	11907	174	1349164	0	0	0	nan	0	0	0	0.023162	0.000166	0.023162	0.000166	0.423794	0.003037
43	A	33100	925240	868381	0.038117	211531	10	925240	914	1348692	1299455	0.000703	11910	171	1348520	0	0	0	nan	0	0	0	0.037414	0.000211	0.037414	0.000211	0.684562	0.003861
44	C	22168	925240	866664	0.025579	211516	10	925240	749	1348353	1282007	0.000584	11913	170	1348178	0	0	0	nan	0	0	0	0.024994	0.000173	0.024994	0.000173	0.457314	0.003165
45	G	10905	925240	862244	0.012647	211492	10	925240	6866	1348047	1279029	0.005368	11920	168	1347871	0	0	0	nan	0	0	0	0.007279	0.000137	0.007279	0.000137	0.133184	0.002507
46	C	13606	925240	856452	0.015886	211508	10	925240	2463	1347800	1282354	0.001921	11921	161	1347624	0	0	0	nan	0	0	0	0.013966	0.000142	0.013966	0.000142	0.255535	0.002598
47	A	56956	925240	865490	0.065808	211415	10	925240	1294	1347510	1302796	0.000993	11927	159	1347332	0	0	0	nan	0	0	0	0.064815	0.000277	0.064815	0.000277	1.185917	0.005068
48	U	14595	925240	874483	0.016690	211490	10	925240	1522	1347334	1292115	0.001178	11931	156	1347156	0	0	0	nan	0	0	0	0.015512	0.000141	0.015512	0.000141	0.283822	0.002580
49	U	19293	925240	851110	0.022668	211503	10	925240	3008	1347044	1294571	0.002324	11936	156	1346866	0	0	0	nan	0	0	0	0.020344	0.000169	0.020344	0.000169	0.372233	0.003092
50	C	89607	925240	885021	0.101248	211367	10	925240	723	1346666	1287388	0.000562	11957	151	1346488	0	0	0	nan	0	0	0	0.100687	0.000339	0.100687	0.000339	1.842265	0.006203
51	U	14717	925240	883048	0.016666	211423	10	925240	1252	1346284	1288414	0.000972	12073	151	1346106	0	0	0	nan	0	0	0	0.015694	0.000140	0.015694	0.000140	0.287152	0.002562
52	G	6287	925240	879861	0.007145	211348	10	925240	2586	1345291	1285304	0.002012	12131	150	1345112	0	0	0	nan	0	0	0	0.005133	0.000098	0.005133	0.000098	0.093918	0.001793
53	G	8517	925240	880002	0.009678	211079	10	925240	7956	1344075	1280536	0.006213	12144	150	1343894	0	0	0	nan	0	0	0	0.003465	0.000126	0.003465	0.000126	0.063399	0.002305
54	C	13442	925240	881556	0.015248	210862	9	925240	2551	1342946	1281593	0.001990	12212	149	1342764	0	0	0	nan	0	0	0	0.013258	0.000137	0.013258	0.000137	0.242581	0.002507
55	G	5931	925240	872914	0.006794	210718	9	925240	2622	1342130	1253343	0.002092	12229	148	1341947	0	0	0	nan	0	0	0	0.004702	0.000097	0.004702	0.000097	0.086032	0.001775
56	A	47010	925240	870211	0.054021	210137	9	925240	727	1340124	1224156	0.000594	12251	140	1339941	0	0	0	nan	0	0	0	0.053428	0.000250	0.053428	0.000250	0.977570	0.004574
57	A	66337	925240	877175	0.075626	209863	9	925240	946	1339268	1216782	0.000777	12266	140	1339085	0	0	0	nan	0	0	0	0.074848	0.000295	0.074848	0.000295	1.369490	0.005398
58	U	8666	925240	878963	0.009859	209512	9	925240	1662	1338076	1231779	0.001349	12275	140	1337892	0	0	0	nan	0	0	0	0.008510	0.000111	0.008510	0.000111	0.155707	0.002031
59	U	7756	925240	884493	0.008769	208869	9	925240	2945	1336647	1250332	0.002355	12288	139	1336463	0	0	0	nan	0	0	0	0.006413	0.000109	0.006413	0.000109	0.117338	0.001994
60	C	11014	925240	887025	0.012417	208339	9	925240	965	1335802	1264773	0.000763	12291	134	1335618	0	0	0	nan	0	0	0	0.011654	0.000121	0.011654	0.000121	0.213233	0.002214
61	U	4485	925240	884544	0.005070	208062	9	925240	1771	1335289	1262564	0.001403	12293	134	1335105	0	0	0	nan	0	0	0	0.003668	0.000083	0.003668	0.000083	0.067113	0.001519
62	C	15034	925240	880945	0.017066	207801	9	925240	1187	1334851	1268406	0.000936	12294	132	1334667	0	0	0	nan	0	0	0	0.016130	0.000142	0.016130	0.000142	0.295130	0.002598
63	A	17443	925240	882851	0.019758	207632	9	925240	952	1334446	1267364	0.000751	12298	132	1334260	0	0	0	nan	0	0	0	0.019006	0.000152	0.019006	0.000152	0.347752	0.002781
64	C	41232	925240	873463	0.047205	207497	9	925240	1087	1334178	1252539	0.000868	12300	132	1333991	0	0	0	nan	0	0	0	0.046337	0.000234	0.046337	0.000234	0.847826	0.004281
65	G	4600	925240	868781	0.005295	207231	8	925240	2431	1333644	1229296	0.001978	12300	131	1333455	0	0	0	nan	0	0	0	0.003317	0.000088	0.003317	0.000088	0.060691	0.001610
66	G	9183	925240	865040	0.010616	206977	8	925240	10718	1333194	1229806	0.008715	12433	129	1332983	0	0	0	nan	0	0	0	0.001900	0.000139	0.001900	0.000139	0.034764	0.002543
67	C	54561	925240	859194	0.063503	206811	8	925240	50990	1332874	1238690	0.041164	12436	127	1332661	0	0	0	nan	0	0	0	0.022338	0.000327	0.022338	0.000327	0.408717	0.005983
68	U	7496	925240	868653	0.008629	206711	8	925240	2327	1332596	1259250	0.001848	12445	127	1332379	0	0	0	nan	0	0	0	0.006782	0.000107	0.006782	0.000107	0.124090	0.001958
69	U	13347	925240	869092	0.015357	206496	8	925240	1437	1332266	1255767	0.001144	12447	127	1332048	0	0	0	nan	0	0	0	0.014213	0.000136	0.014213	0.000136	0.260055	0.002488
70	U	13398	925240	865221	0.015485	206369	8	925240	5214	1332009	1260152	0.004138	12450	127	1331790	0	0	0	nan	0	0	0	0.011347	0.000146	0.011347	0.000146	0.207616	0.002671
71	C	59455	925240	872911	0.068111	206463	8	925240	1355	1331749	1274226	0.001063	12463	125	1331527	0	0	0	nan	0	0	0	0.067048	0.000281	0.067048	0.000281	1.226774	0.005141
72	C	46276	925240	884459	0.052321	206187	8	925240	1005	1331305	1265456	0.000794	12465	125	1331082	0	0	0	nan	0	0	0	0.051527	0.000245	0.051527	0.000245	0.942787	0.004483
73	G	11779	925240	886549	0.013286	206062	8	925240	12131	1330736	1265738	0.009584	12465	125	1330513	0	0	0	nan	0	0	0	0.003702	0.000150	0.003702	0.000150	0.067735	0.002745
74	C	12414	925240	883545	0.014050	206369	11	925240	3039	1330316	1254797	0.002422	12466	125	1330092	0	0	0	nan	0	0	0	0.011628	0.000134	0.011628	0.000134	0.212757	0.002452
75	C	11225	925240	882405	0.012721	206148	11	925240	1595	1329862	1273713	0.001252	12467	125	1329637	0	0	0	nan	0	0	0	0.011469	0.000124	0.011469	0.000124	0.209848	0.002269
76	U	7538	925240	881519	0.008551	206671	11	925240	1418	1329196	1269897	0.001117	12483	125	1328961	0	0	0	nan	0	0	0	0.007435	0.000103	0.007435	0.000103	0.136038	0.001885
77	G	3771	925240	853336	0.004419	207205	13	925240	3724	1328677	1239766	0.003004	12487	125	1328440	0	0	0	nan	0	0	0	0.001415	0.000087	0.001415	0.000087	0.025890	0.001592
78	A	44742	925240	860369	0.052003	206655	13	925240	1098	1327864	1223090	0.000898	12487	125	1327627	0	0	0	nan	0	0	0	0.051106	0.000247	0.051106	0.000247	0.935084	0.004519
79	G	5622	925240	853257	0.006589	208108	15	925240	2755	1327412	1213321	0.002271	12490	122	1327176	0	0	0	nan	0	0	0	0.004318	0.000098	0.004318	0.000098	0.079006	0.001793
80	G	7826	925240	864202	0.009056	207992	15	925240	3302	1327139	1220035	0.002706	12492	122	1326900	0	0	0	nan	0	0	0	0.006349	0.000113	0.006349	0.000113	0.116167	0.002068
81	U	9006	925240	853891	0.010547	207731	15	925240	9403	1326773	1231110	0.007638	12493	122	1326533	0	0	0	nan	0	0	0	0.002909	0.000136	0.002909	0.000136	0.053226	0.002488
82	U	6683	925240	853194	0.007833	207528	15	925240	1167	1326289	1241579	0.000940	12493	122	1326045	0	0	0	nan	0	0	0	0.006893	0.000100	0.006893	0.000100	0.126121	0.001830
83	G	5046	925240	841014	0.006000	207416	16	925240	1603	1325487	1243434	0.001289	12488	120	1325243	0	0	0	nan	0	0	0	0.004711	0.000090	0.004711	0.000090	0.086197	0.001647
84	A	38250	925240	831605	0.045995	207044	16	925240	1014	1324850	1223687	0.000829	12483	119	1324606	0	0	0	nan	0	0	0	0.045167	0.000237	0.045167	0.000237	0.826418	0.004336
85	A	37225	925240	827008	0.045012	207391	16	925240	1043	1324277	1224587	0.000852	12473	118	1324031	0	0	0	nan	0	0	0	0.044160	0.000235	0.044160	0.000235	0.807993	0.004300
86	G	12856	925240	821878	0.015642	210576	41	925240	3242	1323696	1224251	0.002648	12549	112	1323429	0	0	0	nan	0	0	0	0.012994	0.000146	0.012994	0.000146	0.237751	0.002671
87	A	57502	925240	824345	0.069755	210133	41	925240	1170	1323018	1229141	0.000952	12550	112	1322749	0	0	0	nan	0	0	0	0.068803	0.000292	0.068803	0.000292	1.258885	0.005343
88	G	5968	925240	828088	0.007207	210181	41	925240	3939	1322453	1234970	0.003190	12547	110	1322183	0	0	0	nan	0	0	0	0.004017	0.000106	0.004017	0.000106	0.073499	0.001939
89	C	20008	925240	826513	0.024208	209924	41	925240	2529	1322100	1244110	0.002033	12547	110	1321830	0	0	0	nan	0	0	0	0.022175	0.000176	0.022175	0.000176	0.405735	0.003220
90	A	46327	925240	831696	0.055702	209605	41	925240	758	1321624	1241076	0.000611	12547	110	1321351	0	0	0	nan	0	0	0	0.055091	0.000260	0.055091	0.000260	1.007997	0.004757
91	A	41538	925240	832181	0.049915	209838	41	925240	685	1321032	1221881	0.000561	13257	110	1320646	0	0	0	nan	0	0	0	0.049354	0.000246	0.049354	0.000246	0.903028	0.004501
92	G	7745	925240	833871	0.009288	209662	41	925240	9123	1320262	1214542	0.007511	13258	110	1319876	0	0	0	nan	0	0	0	0.001777	0.000132	0.001777	0.000132	0.032514	0.002415
93	C	18301	925240	832070	0.021995	209540	42	925240	4491	1319363	1192720	0.003765	13422	110	1318952	0	0	0	nan	0	0	0	0.018229	0.000172	0.018229	0.000172	0.333535	0.003147
94	C	37085	925240	833992	0.044467	209103	42	925240	1364	1318532	1202724	0.001134	13423	110	1318120	0	0	0	nan	0	0	0	0.043333	0.000233	0.043333	0.000233	0.792862	0.004263
95	G	30799	925240	829558	0.037127	208809	42	925240	70102	1317970	1200423	0.058398	13463	110	1317548	0	0	0	nan	0	0	0	-0.021271	0.000306	nan	nan	nan	nan
96	C	17186	925240	825663	0.020815	308188	687	925240	5172	1338055	1230694	0.004203	129423	267	1317145	0	0	0	nan	0	0	0	0.016612	0.000169	0.016612	0.000169	0.303949	0.003092
97	C	21549	925240	828819	0.026000	308267	687	925240	1440	1337458	1237633	0.001164	129522	267	1316531	0	0	0	nan	0	0	0	0.024836	0.000180	0.024836	0.000180	0.454423	0.003293
98	G	2940	925240	802627	0.003663	310135	688	925240	1696	1336843	1230102	0.001379	129732	266	1315872	0	0	0	nan	0	0	0	0.002284	0.000075	0.002284	0.000075	0.041790	0.001372
99	A	15103	925240	795928	0.018975	309628	688	925240	1009	1336235	1252324	0.000806	129741	266	1315257	0	0	0	nan	0	0	0	0.018170	0.000156	0.018170	0.000156	0.332456	0.002854
100	U	7029	925240	782620	0.008981	310073	688	925240	1153	1335984	1249007	0.000923	129744	266	1315003	0	0	0	nan	0	0	0	0.008058	0.000111	0.008058	0.000111	0.147437	0.002031
101	A	46587	925240	779674	0.059752	314734	699	925240	1148	1335719	1264283	0.000908	129758	265	1314735	0	0	0	nan	0	0	0	0.058844	0.000278	0.058844	0.000278	1.076666	0.005087
102	C	73256	925240	766220	0.095607	317002	704	925240	682	1335196	1261397	0.000541	129763	264	1314211	0	0	0	nan	0	0	0	0.095066	0.000354	0.095066	0.000354	1.739418	0.006477
103	A	57956	925240	762375	0.076020	318368	707	925240	1126	1334721	1266678	0.000889	129776	263	1313732	0	0	0	nan	0	0	0	0.075131	0.000317	0.075131	0.000317	1.374668	0.005800
104	U	10409	925240	708850	0.014684	319376	708	925240	1575	1334363	1255329	0.001255	129772	262	1313374	0	0	0	nan	0	0	0	0.013430	0.000147	0.013430	0.000147	0.245728	0.002690
105	U	8575	925240	662200	0.012949	318796	708	925240	1170	1333994	1240706	0.000943	129766	260	1313005	0	0	0	nan	0	0	0	0.012006	0.000143	0.012006	0.000143	0.219673	0.002616
106	G	7072	925240	642025	0.011015	317185	707	925240	9481	1333676	1235165	0.007676	129745	246	1312686	0	0	0	nan	0	0	0	0.003339	0.000153	0.003339	0.000153	0.061094	0.002799
107	C	18383	925240	596997	0.030792	315915	705	925240	2090	1333466	1251098	0.001671	129741	233	1312475	0	0	0	nan	0	0	0	0.029122	0.000230	0.029122	0.000230	0.532844	0.004208
108	C	15637	925240	575301	0.027181	313855	704	925240	847	1333086	1271545	0.000666	129741	230	1312095	0	0	0	nan	0	0	0	0.026514	0.000219	0.026514	0.000219	0.485125	0.004007
109	U	4600	925240	420208	0.010947	312024	703	925240	1109	1332767	1272185	0.000872	129730	230	1311775	0	0	0	nan	0	0	0	0.010075	0.000164	0.010075	0.000164	0.184342	0.003001
110	A	41068	925240	402146	0.102122	309634	702	925240	953	1332432	1271259	0.000750	129722	228	1311440	0	0	0	nan	0	0	0	0.101372	0.000505	0.101372	0.000505	1.854799	0.009240
111	U	7203	925240	399513	0.018029	308619	702	925240	1454	1332116	1267734	0.001147	129718	225	1311124	0	0	0	nan	0	0	0	0.016883	0.000215	0.016883	0.000215	0.308907	0.003934
112	G	1781	925240	452627	0.003935	306995	702	925240	1441	1331569	1273115	0.001132	129698	222	1310577	0	0	0	nan	0	0	0	0.002803	0.000098	0.002803	0.000098	0.051286	0.001793
113	U	6130	925240	494914	0.012386	305185	702	925240	4800	1331020	1241415	0.003867	129695	218	1310026	0	0	0	nan	0	0	0	0.008519	0.000168	0.008519	0.000168	0.155872	0.003074
114	C	15427	925240	460577	0.033495	303183	701	925240	1271	1330484	1233367	0.001031	129690	218	1309488	0	0	0	nan	0	0	0	0.032464	0.000271	0.032464	0.000271	0.593992	0.004958
115	C	9507	925240	447577	0.021241	300995	701	925240	901	1329848	1226311	0.000735	129688	216	1308852	0	0	0	nan	0	0	0	0.020506	0.000219	0.020506	0.000219	0.375197	0.004007
116	U	3915	925240	431840	0.009066	299368	701	925240	1712	1329364	1227144	0.001395	129676	211	1308366	0	0	0	nan	0	0	0	0.007671	0.000149	0.007671	0.000149	0.140356	0.002726
117	G	4677	925240	453655	0.010310	297918	701	925240	10825	1328678	1233422	0.008776	129670	210	1307680	0	0	0	nan	0	0	0	0.001533	0.000173	0.001533	0.000173	0.028049	0.003165
118	C	26672	925240	451717	0.059046	296212	701	925240	1513	1328262	1227354	0.001233	129667	211	1307262	0	0	0	nan	0	0	0	0.057813	0.000363	0.057813	0.000363	1.057802	0.006642
119	G	4041	925240	402051	0.010051	295082	700	925240	5916	1327829	1245947	0.004748	129664	211	1306828	0	0	0	nan	0	0	0	0.005303	0.000170	0.005303	0.000170	0.097029	0.003110
120	C	11254	925240	412039	0.027313	293492	700	925240	3110	1327518	1240074	0.002508	129660	211	1306516	0	0	0	nan	0	0	0	0.024805	0.000261	0.024805	0.000261	0.453856	0.004776
121	A	20598	925240	416267	0.049483	292569	700	925240	1342	1327069	1254639	0.001070	129658	201	1306068	0	0	0	nan	0	0	0	0.048413	0.000346	0.048413	0.000346	0.885810	0.006331
122	C	24347	925240	477611	0.050977	290847	681	925240	591	1326749	1251434	0.000472	129655	192	1305748	0	0	0	nan	0	0	0	0.050504	0.000327	0.050504	0.000327	0.924069	0.005983
123	A	15847	925240	443177	0.035758	288937	626	925240	803	1326182	1233340	0.000651	129654	161	1305195	0	0	0	nan	0	0	0	0.035107	0.000285	0.035107	0.000285	0.642351	0.005215
124	A	34388	925240	515984	0.066645	285797	537	925240	1171	1325518	1224948	0.000956	129652	137	1304547	0	0	0	nan	0	0	0	0.065690	0.000360	0.065690	0.000360	1.201927	0.006587
125	G	17205	925240	545201	0.031557	285598	519	925240	2713	1325037	1226065	0.002213	129651	126	1304080	0	0	0	nan	0	0	0	0.029344	0.000244	0.029344	0.000244	0.536906	0.004464
126	A	31024	925240	597523	0.051921	283335	437	925240	1272	1324504	1250969	0.001017	129648	109	1303568	0	0	0	nan	0	0	0	0.050904	0.000296	0.050904	0.000296	0.931388	0.005416
127	A	19136	925240	556273	0.034400	282626	407	925240	821	1324106	1255125	0.000654	129641	89	1303206	0	0	0	nan	0	0	0	0.033746	0.000250	0.033746	0.000250	0.617449	0.004574
128	A	14396	925240	554151	0.025978	281744	367	925240	1121	1323093	1242702	0.000902	129638	52	1302259	0	0	0	nan	0	0	0	0.025076	0.000218	0.025076	0.000218	0.458814	0.003989
129	G	4647	925240	487243	0.009537	280836	320	925240	11083	1321911	1219557	0.009088	129638	34	1301136	0	0	0	nan	0	0	0	0.000450	0.000164	0.000450	0.000164	0.008234	0.003001
130	C	4031	925240	599218	0.006727	279243	209	925240	2882	1320287	1216198	0.002370	129640	33	1299752	0	0	0	nan	0	0	0	0.004357	0.000115	0.004357	0.000115	0.079720	0.002104
131	G	5941	925240	587316	0.010116	278142	145	925240	4232	1319670	1213705	0.003487	129639	31	1299245	0	0	0	nan	0	0	0	0.006629	0.000142	0.006629	0.000142	0.121290	0.002598
132	G	1532	925240	566073	0.002706	276921	102	925240	1512	1318777	1208083	0.001252	129632	31	1298638	0	0	0	nan	0	0	0	0.001455	0.000076	0.001455	0.000076	0.026622	0.001391
133	U	4220	925240	473616	0.008910	275624	75	925240	1010	1318170	1186485	0.000851	129632	29	1298181	0	0	0	nan	0	0	0	0.008059	0.000140	0.008059	0.000140	0.147455	0.002562
134	A	23317	925240	403083	0.057847	274287	24	925240	1191	1317527	1195131	0.000997	129629	28	1297757	0	0	0	nan	0	0	0	0.056850	0.000380	0.056850	0.000380	1.040182	0.006953
135	U	6452	925240	498565	0.012941	273899	20	925240	1072	1317254	1210541	0.000886	129627	26	1297518	0	0	0	nan	0	0	0	0.012056	0.000163	0.012056	0.000163	0.220588	0.002982
136	G	2227	925240	544895	0.004087	273549	14	925240	1947	1316860	1234340	0.001577	129626	26	1297199	0	0	0	nan	0	0	0	0.002510	0.000094	0.002510	0.000094	0.045925	0.001720
137	G	2074	925240	586850	0.003534	273172	13	925240	2449	1316293	1235534	0.001982	129669	24	1296739	0	0	0	nan	0	0	0	0.001552	0.000087	0.001552	0.000087	0.028397	0.001592
138	A	19230	925240	582684	0.033002	272616	8	925240	1383	1315372	1235679	0.001119	129672	24	1295965	0	0	0	nan	0	0	0	0.031883	0.000240	0.031883	0.000240	0.583362	0.004391
139	C	13548	925240	620311	0.021841	272185	6	925240	3217	1314168	1232591	0.002610	129672	21	1294804	0	0	0	nan	0	0	0	0.019231	0.000193	0.019231	0.000193	0.351869	0.003531
140	C	42817	925240	724929	0.059064	271253	6	925240	1685	1312766	1225619	0.001375	129673	17	1293574	0	0	0	nan	0	0	0	0.057689	0.000287	0.057689	0.000287	1.055533	0.005251
141	G	3721	925240	668654	0.005565	270868	5	925240	3457	1311670	1198418	0.002885	129672	17	1292506	0	0	0	nan	0	0	0	0.002680	0.000104	0.002680	0.000104	0.049036	0.001903
142	G	5491	925240	627890	0.008745	270416	5	925240	8464	1311039	1183367	0.007152	129672	17	1291890	0	0	0	nan	0	0	0	0.001593	0.000141	0.001593	0.000141	0.029147	0.002580
143	C	18379	925240	567895	0.032363	270094	5	925240	3289	1310502	1177629	0.002793	129670	16	1291374	0	0	0	nan	0	0	0	0.029570	0.000244	0.029570	0.000244	0.541041	0.004464
144	A	48149	925240	617827	0.077933	269641	5	925240	1438	1310010	1192005	0.001206	129663	15	1290904	0	0	0	nan	0	0	0	0.076726	0.000357	0.076726	0.000357	1.403852	0.006532
145	C	59630	925240	675206	0.088314	269378	5	925240	3257	1309451	1207218	0.002698	129660	15	1290351	0	0	0	nan	0	0	0	0.085616	0.000365	0.085616	0.000365	1.566512	0.006678
146	C	32213	925240	767922	0.041948	269085	4	925240	913	1308839	1221399	0.000748	129660	15	1289772	0	0	0	nan	0	0	0	0.041201	0.000235	0.041201	0.000235	0.753853	0.004300
147	C	13724	925240	677193	0.020266	268669	4	925240	1310	1308098	1237091	0.001059	129661	14	1289060	0	0	0	nan	0	0	0	0.019207	0.000175	0.019207	0.000175	0.351430	0.003202
148	A	22454	925240	645050	0.034810	268063	4	925240	925	1307100	1216484	0.000760	129660	14	1288072	0	0	0	nan	0	0	0	0.034049	0.000234	0.034049	0.000234	0.622993	0.004281
149	G	7882	925240	664976	0.011853	267653	4	925240	12298	1306157	1209255	0.010170	129652	14	1287173	0	0	0	nan	0	0	0	0.001683	0.000162	0.001683	0.000162	0.030794	0.002964
150	C	6247	925240	761654	0.008202	267275	4	925240	3626	1305361	1203289	0.003013	129653	13	1286428	0	0	0	nan	0	0	0	0.005188	0.000115	0.005188	0.000115	0.094925	0.002104
151	C	17297	925240	780333	0.022166	266527	4	925240	1045	1304350	1208107	0.000865	129653	13	1285525	0	0	0	nan	0	0	0	0.021301	0.000171	0.021301	0.000171	0.389743	0.003129
152	G	10226	925240	722591	0.014152	265655	4	925240	11988	1303368	1212767	0.009885	129656	13	1284610	0	0	0	nan	0	0	0	0.004267	0.000167	0.004267	0.000167	0.078073	0.003056
153	C	43801	925240	715280	0.061236	264531	4	925240	25242	1302604	1206163	0.020928	129664	13	1283905	0	0	0	nan	0	0	0	0.040309	0.000321	0.040309	0.000321	0.737532	0.005873
154	U	3152	925240	679581	0.004638	263638	4	925240	1765	1301607	1199109	0.001472	129676	13	1282965	0	0	0	nan	0	0	0	0.003166	0.000090	0.003166	0.000090	0.057928	0.001647
155	U	3770	925240	718293	0.005249	262841	4	925240	1747	1300613	1184219	0.001475	129678	13	1282002	0	0	0	nan	0	0	0	0.003773	0.000092	0.003773	0.000092	0.069034	0.001683
156	G	4610	925240	635801	0.007251	262209	3	925240	1820	1299469	1162506	0.001566	129676	11	1280882	0	0	0	nan	0	0	0	0.005685	0.000113	0.005685	0.000113	0.104018	0.002068
157	U	6295	925240	681445	0.009238	261512	4	925240	1518	1298528	1165811	0.001302	129674	11	1279972	0	0	0	nan	0	0	0	0.007936	0.000121	0.007936	0.000121	0.145205	0.002214
158	G	5834	925240	666817	0.008749	260983	4	925240	6470	1297703	1175976	0.005502	129672	11	1279181	0	0	0	nan	0	0	0	0.003247	0.000133	0.003247	0.000133	0.059410	0.002433
159	C	18964	925240	774113	0.024498	260237	4	925240	12036	1297008	1196089	0.010063	129670	11	1278526	0	0	0	nan	0	0	0	0.014435	0.000200	0.014435	0.000200	0.264116	0.003659
160	U	6382	925240	751113	0.008497	259500	4	925240	1556	1296177	1203782	0.001293	129667	11	1277748	0	0	0	nan	0	0	0	0.007204	0.000111	0.007204	0.000111	0.131811	0.002031
161	U	8169	925240	757186	0.010789	258614	4	925240	1795	1294908	1205413	0.001489	129667	11	1276518	0	0	0	nan	0	0	0	0.009300	0.000124	0.009300	0.000124	0.170162	0.002269
162	C	32742	925240	733059	0.044665	257341	4	925240	1099	1292895	1182139	0.000930	129666	11	1274551	0	0	0	nan	0	0	0	0.043735	0.000248	0.043735	0.000248	0.800217	0.004538
163	A	26967	925240	749031	0.036003	256212	4	925240	817	1291718	1165845	0.000701	129662	10	1273412	0	0	0	nan	0	0	0	0.035302	0.000221	0.035302	0.000221	0.645919	0.004044
164	G	6311	925240	750003	0.008415	255326	4	925240	8028	1290358	1156304	0.006943	129661	10	1272081	0	0	0	nan	0	0	0	0.001472	0.000131	0.001472	0.000131	0.026933	0.002397
165	C	26580	925240	702753	0.037823	254493	4	925240	3288	1289425	1152201	0.002854	129661	10	1271172	0	0	0	nan	0	0	0	0.034969	0.000237	0.034969	0.000237	0.639826	0.004336
166	U	8284	925240	670481	0.012355	253639	4	925240	1962	1288664	1168388	0.001679	129659	10	1270450	0	0	0	nan	0	0	0	0.010676	0.000141	0.010676	0.000141	0.195338	0.002580
167	C	28015	925240	670488	0.041783	252926	4	925240	2024	1287850	1166301	0.001735	129659	9	1269686	0	0	0	nan	0	0	0	0.040048	0.000253	0.040048	0.000253	0.732756	0.004629
168	G	9178	925240	701480	0.013084	252307	4	925240	5712	1287154	1189854	0.004801	129656	9	1269055	0	0	0	nan	0	0	0	0.008283	0.000151	0.008283	0.000151	0.151554	0.002763
169	C	46173	925240	723812	0.063791	251763	4	925240	1863	1286560	1191570	0.001563	129656	9	1268475	0	0	0	nan	0	0	0	0.062228	0.000299	0.062228	0.000299	1.138583	0.005471
170	A	41219	925240	692195	0.059548	251252	4	925240	1032	1286007	1195434	0.000863	129657	9	1267941	0	0	0	nan	0	0	0	0.058685	0.000295	0.058685	0.000295	1.073757	0.005398
171	U	11595	925240	709510	0.016342	250884	4	925240	2255	1285423	1198946	0.001881	129656	9	1267410	0	0	0	nan	0	0	0	0.014461	0.000157	0.014461	0.000157	0.264592	0.002873
172	C	29627	925240	721172	0.041082	250624	4	925240	718	1284956	1186283	0.000605	129652	9	1266972	0	0	0	nan	0	0	0	0.040476	0.000240	0.040476	0.000240	0.740587	0.004391
173	A	18500	925240	768418	0.024075	250236	4	925240	907	1284534	1193772	0.000760	129650	9	1266563	0	0	0	nan	0	0	0	0.023316	0.000179	0.023316	0.000179	0.426612	0.003275
174	A	33748	925240	796438	0.042374	249645	5	925240	658	1283952	1190462	0.000553	129648	9	1265995	0	0	0	nan	0	0	0	0.041821	0.000232	0.041821	0.000232	0.765197	0.004245
175	C	29600	925240	802432	0.036888	249114	5	925240	668	1283258	1199308	0.000557	129648	9	1265333	0	0	0	nan	0	0	0	0.036331	0.000215	0.036331	0.000215	0.664747	0.003934
176	G	4159	925240	751534	0.005534	248184	5	925240	1569	1282359	1202259	0.001305	129647	8	1264464	0	0	0	nan	0	0	0	0.004229	0.000092	0.004229	0.000092	0.077378	0.001683
177	U	10380	925240	733410	0.014153	246780	5	925240	4958	1281204	1205332	0.004113	129646	8	1263347	0	0	0	nan	0	0	0	0.010040	0.000151	0.010040	0.000151	0.183701	0.002763
178	C	33496	925240	701149	0.047773	245617	5	925240	706	1279727	1184316	0.000596	129644	8	1261992	0	0	0	nan	0	0	0	0.047177	0.000262	0.047177	0.000262	0.863195	0.004794
179	U	8449	925240	723472	0.011678	243948	5	925240	658	1276473	1080917	0.000609	129642	8	1259032	0	0	0	nan	0	0	0	0.011070	0.000129	0.011070	0.000129	0.202547	0.002360
180	A	30937	925240	700164	0.044185	242551	5	925240	841	1274184	1037049	0.000811	129638	6	1256979	0	0	0	nan	0	0	0	0.043374	0.000253	0.043374	0.000253	0.793612	0.004629
181	A	64019	925240	728418	0.087888	241515	5	925240	1365	1273303	1036539	0.001317	129629	4	1256265	0	0	0	nan	0	0	0	0.086571	0.000349	0.086571	0.000349	1.583985	0.006386
182	G	3139	925240	739542	0.004245	240977	5	925240	1664	1272492	1088216	0.001529	129629	4	1255559	0	0	0	nan	0	0	0	0.002715	0.000085	0.002715	0.000085	0.049676	0.001555
183	G	7592	925240	771471	0.009841	240384	5	925240	6614	1271215	1140380	0.005800	129629	4	1254354	0	0	0	nan	0	0	0	0.004041	0.000134	0.004041	0.000134	0.073938	0.002452
184	C	21444	925240	772168	0.027771	239973	5	925240	4481	1270140	1153362	0.003885	129626	4	1253353	0	0	0	nan	0	0	0	0.023886	0.000198	0.023886	0.000198	0.437041	0.003623
185	C	36393	925240	790542	0.046036	239327	5	925240	837	1268362	1156307	0.000724	129625	4	1251722	0	0	0	nan	0	0	0	0.045312	0.000243	0.045312	0.000243	0.829071	0.004446
186	G	10676	925240	771966	0.013830	238754	5	925240	9601	1266582	1154315	0.008317	129623	4	1249988	0	0	0	nan	0	0	0	0.005512	0.000158	0.005512	0.000158	0.100853	0.002891
187	C	9762	925240	784130	0.012449	237866	5	925240	2201	1264779	1139111	0.001932	129623	4	1248258	0	0	0	nan	0	0	0	0.010517	0.000133	0.010517	0.000133	0.192429	0.002433
188	G	2990	925240	763992	0.003914	237030	5	925240	1610	1262912	1112468	0.001447	129622	4	1246446	0	0	0	nan	0	0	0	0.002466	0.000080	0.002466	0.000080	0.045120	0.001464
189	A	11106	925240	776354	0.014305	235904	5	925240	809	1261289	1112862	0.000727	129621	4	1244890	0	0	0	nan	0	0	0	0.013578	0.000138	0.013578	0.000138	0.248436	0.002525
190	C	8616	925240	712902	0.012086	235160	5	925240	539	1260151	1094654	0.000492	129620	4	1243776	0	0	0	nan	0	0	0	0.011593	0.000132	0.011593	0.000132	0.212117	0.002415
191	U	10661	925240	720698	0.014793	234368	5	925240	5678	1258931	1122807	0.005057	129623	4	1242620	0	0	0	nan	0	0	0	0.009736	0.000158	0.009736	0.000158	0.178139	0.002891
192	C	50922	925240	716659	0.071055	233551	5	925240	1738	1257999	1130671	0.001537	129623	4	1241712	0	0	0	nan	0	0	0	0.069518	0.000317	0.069518	0.000317	1.271967	0.005800
193	U	13678	925240	751220	0.018208	232949	5	925240	1237	1256265	1146569	0.001079	129625	4	1240016	0	0	0	nan	0	0	0	0.017129	0.000159	0.017129	0.000159	0.313408	0.002909
194	A	69388	925240	762285	0.091026	232167	5	925240	1830	1254035	1131455	0.001617	129626	4	1237805	0	0	0	nan	0	0	0	0.089409	0.000348	0.089409	0.000348	1.635912	0.006367
195	G	14274	925240	742554	0.019223	231702	5	925240	4034	1252669	1109594	0.003636	129631	4	1236481	0	0	0	nan	0	0	0	0.015587	0.000171	0.015587	0.000171	0.285195	0.003129
196	A	20334	925240	767901	0.026480	231003	5	925240	1007	1251164	1095076	0.000920	129631	4	1234990	0	0	0	nan	0	0	0	0.025560	0.000188	0.025560	0.000188	0.467670	0.003440
197	G	2787	925240	761152	0.003662	230591	5	925240	1053	1249474	1100318	0.000957	129633	3	1233361	0	0	0	nan	0	0	0	0.002705	0.000075	0.002705	0.000075	0.049493	0.001372
198	U	3251	925240	810170	0.004013	229803	5	925240	2956	1247682	1121632	0.002635	129633	3	1231675	0	0	0	nan	0	0	0	0.001377	0.000085	0.001377	0.000085	0.025195	0.001555
199	C	2739	925240	803143	0.003410	228548	5	925240	920	1245594	1114731	0.000825	129632	3	1229690	0	0	0	nan	0	0	0	0.002585	0.000071	0.002585	0.000071	0.047298	0.001299
200	G	9127	925240	786038	0.011611	227467	5	925240	6326	1242614	1077991	0.005868	129636	3	1226754	0	0	0	nan	0	0	0	0.005743	0.000142	0.005743	0.000142	0.105079	0.002598
201	C	7338	925240	734929	0.009985	224835	5	925240	3469	1239362	1034067	0.003355	129636	4	1223641	0	0	0	nan	0	0	0	0.006630	0.000130	0.006630	0.000130	0.121309	0.002379
202	U	10389	925240	712555	0.014580	223415	5	925240	1745	1237316	1026012	0.001701	129637	3	1221700	0	0	0	nan	0	0	0	0.012879	0.000149	0.012879	0.000149	0.235646	0.002726
203	C	37429	925240	717985	0.052131	222686	5	925240	1344	1234274	1032801	0.001301	129638	3	1218793	0	0	0	nan	0	0	0	0.050829	0.000272	0.050829	0.000272	0.930016	0.004977
204	G	5649	925240	668573	0.008449	222075	5	925240	2931	1231965	1016377	0.002884	129640	3	1216618	0	0	0	nan	0	0	0	0.005566	0.000124	0.005566	0.000124	0.101841	0.002269
205	A	62143	925240	703593	0.088322	221388	5	925240	748	1230537	1029371	0.000727	129639	3	1215336	0	0	0	nan	0	0	0	0.087596	0.000355	0.087596	0.000355	1.602740	0.006495
206	G	10700	925240	710507	0.015060	221212	5	925240	4562	1231034	1030225	0.004428	129638	3	1215868	0	0	0	nan	0	0	0	0.010632	0.000160	0.010632	0.000160	0.194533	0.002928
207	G	4748	925240	808894	0.005870	220958	5	925240	2066	1232358	1069994	0.001931	129641	3	1217231	0	0	0	nan	0	0	0	0.003939	0.000095	0.003939	0.000095	0.072072	0.001738
208	G	8146	925240	819056	0.009946	220729	5	925240	6184	1232494	1073925	0.005758	129644	3	1217398	0	0	0	nan	0	0	0	0.004187	0.000132	0.004187	0.000132	0.076609	0.002415
209	C	8228	925240	806208	0.010206	220321	5	925240	4087	1231849	1062482	0.003847	129651	3	1216791	0	0	0	nan	0	0	0	0.006359	0.000128	0.006359	0.000128	0.116350	0.002342
210	U	3654	925240	804688	0.004541	220004	5	925240	1044	1230596	1075050	0.000971	129652	3	1215580	0	0	0	nan	0	0	0	0.003570	0.000081	0.003570	0.000081	0.065320	0.001482
211	G	6382	925240	805397	0.007924	219684	5	925240	4108	1229016	1076245	0.003817	129655	3	1214021	0	0	0	nan	0	0	0	0.004107	0.000116	0.004107	0.000116	0.075146	0.002122
212	G	3770	925240	803456	0.004692	219199	5	925240	1585	1225199	1077984	0.001470	129657	3	1210237	0	0	0	nan	0	0	0	0.003222	0.000085	0.003222	0.000085	0.058953	0.001555
213	U	7298	925240	788928	0.009251	218648	5	925240	1106	1220975	1040695	0.001063	129656	3	1206046	0	0	0	nan	0	0	0	0.008188	0.000113	0.008188	0.000113	0.149815	0.002068
214	A	36401	925240	775820	0.046919	217946	5	925240	1082	1217308	1020459	0.001060	129661	3	1202420	0	0	0	nan	0	0	0	0.045859	0.000248	0.045859	0.000248	0.839080	0.004538
215	C	89053	925240	784131	0.113569	217180	5	925240	959	1213745	1004726	0.000954	129665	3	1198954	0	0	0	nan	0	0	0	0.112615	0.000382	0.112615	0.000382	2.060511	0.006989
216	C	46958	925240	788020	0.059590	216627	5	925240	619	1210914	999410	0.000619	129668	3	1196192	0	0	0	nan	0	0	0	0.058970	0.000276	0.058970	0.000276	1.078971	0.005050
217	G	6086	925240	761602	0.007991	215985	6	925240	1292	1208656	980431	0.001318	129669	8	1194052	0	0	0	nan	0	0	0	0.006673	0.000109	0.006673	0.000109	0.122096	0.001994
218	U	7656	925240	734070	0.010430	215218	6	925240	1521	1207256	955217	0.001592	129671	8	1192761	0	0	0	nan	0	0	0	0.008837	0.000126	0.008837	0.000126	0.161690	0.002305
219	U	6110	925240	731766	0.008350	214515	6	925240	1004	1205838	965367	0.001040	129674	8	1191405	0	0	0	nan	0	0	0	0.007310	0.000112	0.007310	0.000112	0.133751	0.002049
220	G	5470	925240	750647	0.007287	214057	6	925240	4687	1207340	979632	0.004784	129676	8	1192937	0	0	0	nan	0	0	0	0.002503	0.000121	0.002503	0.000121	0.045797	0.002214
221	C	46873	925240	778026	0.060246	213279	6	925240	1273	1208070	1030217	0.001236	129678	8	1193684	0	0	0	nan	0	0	0	0.059010	0.000280	0.059010	0.000280	1.079703	0.005123
222	U	5035	925240	755259	0.006667	212526	6	925240	997	1207692	1020267	0.000977	129677	9	1193346	0	0	0	nan	0	0	0	0.005689	0.000099	0.005689	0.000099	0.104091	0.001811
223	A	36083	925240	759244	0.047525	211709	7	925240	723	1206792	1028795	0.000703	129771	58	1192483	0	0	0	nan	0	0	0	0.046822	0.000252	0.046822	0.000252	0.856700	0.004611
224	G	8943	925240	741997	0.012053	211008	7	925240	4674	1205634	1018298	0.004590	129782	58	1191382	0	0	0	nan	0	0	0	0.007463	0.000144	0.007463	0.000144	0.136550	0.002635
225	C	10372	925240	721521	0.014375	209645	7	925240	1440	1203084	1009245	0.001427	129780	59	1188896	0	0	0	nan	0	0	0	0.012948	0.000146	0.012948	0.000146	0.236909	0.002671
226	A	53876	925240	758825	0.070999	208583	7	925240	624	1199965	1013363	0.000616	129786	59	1185890	0	0	0	nan	0	0	0	0.070383	0.000307	0.070383	0.000307	1.287794	0.005617
227	C	22373	925240	769303	0.029082	207635	7	925240	606	1202661	999846	0.000606	129786	62	1188732	0	0	0	nan	0	0	0	0.028476	0.000196	0.028476	0.000196	0.521024	0.003586
228	G	5600	925240	716319	0.007818	206372	7	925240	2908	1199880	963847	0.003017	130215	62	1186316	0	0	0	nan	0	0	0	0.004801	0.000119	0.004801	0.000119	0.087844	0.002177
229	A	12105	925240	696599	0.017377	205371	8	925240	689	1196167	930183	0.000741	130184	62	1183081	0	0	0	nan	0	0	0	0.016637	0.000160	0.016637	0.000160	0.304406	0.002928
230	G	9421	925240	690971	0.013634	204871	8	925240	10277	1205388	923207	0.011132	130158	62	1192537	0	0	0	nan	0	0	0	0.002503	0.000178	0.002503	0.000178	0.045797	0.003257
231	C	6132	925240	729955	0.008401	204516	8	925240	5472	1209168	922595	0.005931	130246	63	1196439	0	0	0	nan	0	0	0	0.002469	0.000134	0.002469	0.000134	0.045175	0.002452
232	G	4355	925240	743064	0.005861	204114	8	925240	2019	1211945	917950	0.002199	130269	63	1199387	0	0	0	nan	0	0	0	0.003661	0.000101	0.003661	0.000101	0.066985	0.001848
233	G	11103	925240	754337	0.014719	203630	9	925240	10526	1217661	921226	0.011426	130316	63	1205229	0	0	0	nan	0	0	0	0.003293	0.000179	0.003293	0.000179	0.060252	0.003275
234	C	3757	925240	756254	0.004968	202973	9	925240	4657	1221322	927150	0.005023	131372	65	1209027	0	0	0	nan	0	0	0	-0.000055	0.000109	-0.000055	0.000109	-0.001006	0.001994
235	C	4912	925240	759981	0.006463	202140	9	925240	849	1221199	925539	0.000917	131401	65	1209098	0	0	0	nan	0	0	0	0.005546	0.000097	0.005546	0.000097	0.101475	0.001775
236	G	8321	925240	752302	0.011061	201288	10	925240	6811	1221920	929939	0.007324	131448	66	1210138	0	0	0	nan	0	0	0	0.003737	0.000150	0.003737	0.000150	0.068376	0.002745
237	C	17108	925240	704509	0.024284	200607	10	925240	4236	1224386	908371	0.004663	131457	66	1212794	0	0	0	nan	0	0	0	0.019620	0.000199	0.019620	0.000199	0.358986	0.003641
238	U	4354	925240	670588	0.006493	200159	10	925240	629	1226655	915198	0.000687	131475	66	1215224	0	0	0	nan	0	0	0	0.005806	0.000102	0.005806	0.000102	0.106232	0.001866
239	U	7675	925240	659280	0.011641	199770	10	925240	893	1229880	937885	0.000952	131482	66	1218600	0	0	0	nan	0	0	0	0.010689	0.000137	0.010689	0.000137	0.195576	0.002507
240	A	54435	925240	706756	0.077021	199521	10	925240	913	1232773	986114	0.000926	131571	66	1221652	0	0	0	nan	0	0	0	0.076095	0.000332	0.076095	0.000332	1.392306	0.006075
241	C	64744	925240	742533	0.087193	199311	10	925240	822	1235716	1019309	0.000806	131581	66	1224678	0	0	0	nan	0	0	0	0.086387	0.000344	0.086387	0.000344	1.580619	0.006294
242	C	51356	925240	762587	0.067344	199127	10	925240	873	1237827	1030476	0.000847	131650	67	1226924	0	0	0	nan	0	0	0	0.066497	0.000299	0.066497	0.000299	1.216692	0.005471
243	G	4082	925240	767985	0.005315	198876	10	925240	1950	1237431	1015607	0.001920	131658	68	1226674	0	0	0	nan	0	0	0	0.003395	0.000094	0.003395	0.000094	0.062118	0.001720
244	G	14225	925240	756852	0.018795	198625	10	925240	8385	1236147	992107	0.008452	131677	69	1225463	0	0	0	nan	0	0	0	0.010343	0.000183	0.010343	0.000183	0.189245	0.003348
245	C	41753	925240	773930	0.053949	198226	11	925240	4350	1233883	989540	0.004396	131773	121	1223259	0	0	0	nan	0	0	0	0.049553	0.000272	0.049553	0.000272	0.906669	0.004977
246	C	17903	925240	780122	0.022949	197816	11	925240	4292	1231949	979660	0.004381	131833	122	1221400	0	0	0	nan	0	0	0	0.018568	0.000184	0.018568	0.000184	0.339738	0.003367
247	G	5855	925240	777620	0.007529	197292	11	925240	2058	1227002	978623	0.002103	131880	311	1216574	0	0	0	nan	0	0	0	0.005426	0.000109	0.005426	0.000109	0.099279	0.001994
248	G	12432	925240	742597	0.016741	196386	11	925240	10301	1222660	959489	0.010736	131920	326	1212389	0	0	0	nan	0	0	0	0.006005	0.000184	0.006005	0.000184	0.109873	0.003367
249	C	4410	925240	726608	0.006069	194870	12	925240	3624	1215540	951825	0.003807	132110	435	1205464	0	0	0	nan	0	0	0	0.002262	0.000111	0.002262	0.000111	0.041388	0.002031
250	C	3956	925240	698867	0.005661	193168	13	925240	3084	1207419	928762	0.003321	133312	1016	1197520	0	0	0	nan	0	0	0	0.002340	0.000108	0.002340	0.000108	0.042815	0.001976
251	G	8418	925240	658919	0.012775	191651	13	925240	6293	1198801	912389	0.006897	133761	1025	1189199	0	0	0	nan	0	0	0	0.005878	0.000164	0.005878	0.000164	0.107549	0.003001
252	C	39282	925240	622639	0.063090	190292	17	925240	17569	1192115	867929	0.020242	134312	1100	1182721	0	0	0	nan	0	0	0	0.042847	0.000353	0.042847	0.000353	0.783969	0.006459
253	U	5809	925240	604162	0.009615	188010	15	925240	1137	1179134	857537	0.001326	135997	1138	1170085	0	0	0	nan	0	0	0	0.008289	0.000132	0.008289	0.000132	0.151663	0.002415
254	U	6235	925240	642091	0.009710	186715	15	925240	699	1172020	860241	0.000813	136124	1143	1163301	0	0	0	nan	0	0	0	0.008898	0.000127	0.008898	0.000127	0.162806	0.002324
255	C	11009	925240	693242	0.015880	185835	15	925240	758	1167724	918361	0.000825	136168	1144	1159271	0	0	0	nan	0	0	0	0.015055	0.000154	0.015055	0.000154	0.275461	0.002818
256	G	4172	925240	719219	0.005801	185053	15	925240	3208	1163829	936794	0.003424	136178	1148	1155799	0	0	0	nan	0	0	0	0.002376	0.000108	0.002376	0.000108	0.043474	0.001976
257	A	20260	925240	735690	0.027539	184448	16	925240	769	1165858	973626	0.000790	136180	1149	1158017	0	0	0	nan	0	0	0	0.026749	0.000196	0.026749	0.000196	0.489425	0.003586
258	G	9694	925240	732771	0.013229	184068	18	925240	4866	1169796	952117	0.005111	136187	1151	1162033	0	0	0	nan	0	0	0	0.008119	0.000153	0.008119	0.000153	0.148553	0.002799
259	C	11813	925240	758248	0.015579	183403	18	925240	2231	1172476	968343	0.002304	136186	1155	1164771	0	0	0	nan	0	0	0	0.013275	0.000151	0.013275	0.000151	0.242892	0.002763
260	A	42246	925240	773980	0.054583	182887	18	925240	833	1172159	972172	0.000857	136190	1155	1164567	0	0	0	nan	0	0	0	0.053726	0.000267	0.053726	0.000267	0.983022	0.004885
261	G	5059	925240	770800	0.006563	182191	19	925240	1051	1173086	991960	0.001060	136193	1155	1165555	0	0	0	nan	0	0	0	0.005504	0.000098	0.005504	0.000098	0.100706	0.001793
262	A	30483	925240	741838	0.041091	181686	19	925240	1021	1175859	948636	0.001076	136196	1161	1168386	0	0	0	nan	0	0	0	0.040015	0.000238	0.040015	0.000238	0.732153	0.004355
263	C	36801	925240	731929	0.050279	181145	19	925240	443	1176678	957413	0.000463	136197	1161	1169315	0	0	0	nan	0	0	0	0.049817	0.000263	0.049817	0.000263	0.911499	0.004812
264	A	38831	925240	727870	0.053349	180711	19	925240	586	1179350	941671	0.000622	136198	1163	1172137	0	0	0	nan	0	0	0	0.052727	0.000272	0.052727	0.000272	0.964743	0.004977
265	U	13219	925240	759648	0.017401	180334	20	925240	1130	1180916	1009298	0.001120	136199	1166	1173856	0	0	0	nan	0	0	0	0.016282	0.000155	0.016282	0.000155	0.297911	0.002836
266	G	12949	925240	751785	0.017224	180060	20	925240	1220	1182948	1011834	0.001206	136204	1167	1176107	0	0	0	nan	0	0	0	0.016019	0.000155	0.016019	0.000155	0.293099	0.002836
267	A	45777	925240	756149	0.060540	179804	20	925240	983	1183241	1002239	0.000981	136206	1169	1176675	0	0	0	nan	0	0	0	0.059559	0.000285	0.059559	0.000285	1.089748	0.005215
268	U	11545	925240	745071	0.015495	179493	20	925240	678	1185159	988443	0.000686	136209	1174	1178696	0	0	0	nan	0	0	0	0.014809	0.000147	0.014809	0.000147	0.270960	0.002690
269	A	28514	925240	737157	0.038681	179152	20	925240	795	1186518	981773	0.000810	136212	1176	1180172	0	0	0	nan	0	0	0	0.037871	0.000231	0.037871	0.000231	0.692924	0.004227
270	A	40972	925240	764171	0.053616	178868	20	925240	1002	1188935	1016624	0.000986	136222	1176	1182708	0	0	0	nan	0	0	0	0.052631	0.000267	0.052631	0.000267	0.962987	0.004885
271	G	7208	925240	747667	0.009641	178547	20	925240	986	1190296	1005338	0.000981	136232	1204	1184144	0	0	0	nan	0	0	0	0.008660	0.000118	0.008660	0.000118	0.158452	0.002159
272	A	39225	925240	732144	0.053576	178271	20	925240	835	1190965	986218	0.000847	136231	1205	1184888	0	0	0	nan	0	0	0	0.052729	0.000272	0.052729	0.000272	0.964780	0.004977
273	U	14221	925240	732230	0.019421	177968	20	925240	887	1192899	994840	0.000892	136233	1209	1186909	0	0	0	nan	0	0	0	0.018530	0.000166	0.018530	0.000166	0.339043	0.003037
274	A	41684	925240	716416	0.058184	177780	20	925240	690	1195796	996168	0.000693	136230	1213	1189853	0	0	0	nan	0	0	0	0.057491	0.000286	0.057491	0.000286	1.051910	0.005233
275	C	66375	925240	763191	0.086970	177431	20	925240	551	1197375	1034128	0.000533	136234	1215	1191484	0	0	0	nan	0	0	0	0.086438	0.000338	0.086438	0.000338	1.581552	0.006184
276	A	47585	925240	751066	0.063357	177206	20	925240	553	1199041	979216	0.000565	136241	1217	1193203	0	0	0	nan	0	0	0	0.062792	0.000291	0.062792	0.000291	1.148902	0.005324
277	U	12312	925240	756410	0.016277	176948	20	925240	967	1200089	968870	0.000998	136224	1220	1194304	0	0	0	nan	0	0	0	0.015279	0.000150	0.015279	0.000150	0.279559	0.002745
278	U	13027	925240	745436	0.017476	176631	20	925240	804	1202428	974201	0.000825	136230	1224	1196727	0	0	0	nan	0	0	0	0.016650	0.000156	0.016650	0.000156	0.304644	0.002854
279	G	9162	925240	760660	0.012045	176148	20	925240	1219	1203030	1026499	0.001188	136231	1230	1197463	0	0	0	nan	0	0	0	0.010857	0.000130	0.010857	0.000130	0.198650	0.002379
280	A	57215	925240	787881	0.072619	175649	20	925240	777	1204912	1059438	0.000733	136232	1230	1199452	0	0	0	nan	0	0	0	0.071885	0.000305	0.071885	0.000305	1.315276	0.005581
281	U	10716	925240	780887	0.013723	175261	20	925240	888	1206059	1038870	0.000855	136232	1232	1200674	0	0	0	nan	0	0	0	0.012868	0.000136	0.012868	0.000136	0.235445	0.002488
282	G	5597	925240	756698	0.007397	175021	20	925240	2659	1207820	1012055	0.002627	136232	1232	1202522	0	0	0	nan	0	0	0	0.004769	0.000111	0.004769	0.000111	0.087258	0.002031
283	A	55030	925240	775898	0.070924	174858	20	925240	751	1209141	1016387	0.000739	136232	1232	1203906	0	0	0	nan	0	0	0	0.070185	0.000304	0.070185	0.000304	1.284172	0.005562
284	G	17369	925240	773572	0.022453	174701	20	925240	7452	1211270	1015570	0.007338	136234	1232	1206135	0	0	0	nan	0	0	0	0.015115	0.000190	0.015115	0.000190	0.276558	0.003476
285	U	8889	925240	787645	0.011286	174552	20	925240	11126	1215078	1048759	0.010609	136234	1232	1210046	0	0	0	nan	0	0	0	0.000677	0.000156	0.000677	0.000156	0.012387	0.002854
286	U	9812	925240	793959	0.012358	174454	20	925240	1172	1218685	1047428	0.001119	136237	1233	1213800	0	0	0	nan	0	0	0	0.011239	0.000129	0.011239	0.000129	0.205639	0.002360
287	U	10070	925240	801171	0.012569	174260	20	925240	747	1220607	1040064	0.000718	136245	1233	1215868	0	0	0	nan	0	0	0	0.011851	0.000128	0.011851	0.000128	0.216837	0.002342
288	G	5936	925240	804650	0.007377	174045	20	925240	2005	1221495	1046306	0.001916	136246	1234	1216883	0	0	0	nan	0	0	0	0.005461	0.000105	0.005461	0.000105	0.099920	0.001921
289	G	3555	925240	780043	0.004557	173896	20	925240	1761	1222500	1058146	0.001664	136247	1234	1218090	0	0	0	nan	0	0	0	0.002893	0.000086	0.002893	0.000086	0.052933	0.001574
290	A	22583	925240	764045	0.029557	173721	20	925240	1286	1223022	1065494	0.001207	136248	1234	1218775	0	0	0	nan	0	0	0	0.028350	0.000200	0.028350	0.000200	0.518719	0.003659
291	C	52269	925240	742232	0.070421	173572	20	925240	2336	1223729	1056750	0.002211	136248	1237	1219559	0	0	0	nan	0	0	0	0.068211	0.000311	0.068211	0.000311	1.248053	0.005690
292	A	24219	925240	740984	0.032685	173461	20	925240	776	1225309	1057378	0.000734	136250	1238	1221233	0	0	0	nan	0	0	0	0.031951	0.000212	0.031951	0.000212	0.584606	0.003879
293	A	40505	925240	751913	0.053869	173317	20	925240	633	1226796	1084130	0.000584	136254	1239	1222795	0	0	0	nan	0	0	0	0.053285	0.000269	0.053285	0.000269	0.974953	0.004922
294	A	35633	925240	744999	0.047830	173043	20	925240	773	1227592	1063167	0.000727	136258	1239	1223650	0	0	0	nan	0	0	0	0.047103	0.000255	0.047103	0.000255	0.861841	0.004666
295	C	32896	925240	722055	0.045559	172746	20	925240	720	1227911	1016515	0.000708	136260	1239	1224023	0	0	0	nan	0	0	0	0.044851	0.000253	0.044851	0.000253	0.820637	0.004629
296	C	26408	925240	720613	0.036647	172522	20	925240	662	1216681	1028395	0.000644	136262	1240	1212834	0	0	0	nan	0	0	0	0.036003	0.000227	0.036003	0.000227	0.658745	0.004153
297	A	31305	925240	729842	0.042893	172180	20	925240	916	1217570	1026922	0.000892	136262	1244	1213758	0	0	0	nan	0	0	0	0.042001	0.000244	0.042001	0.000244	0.768490	0.004464
298	C	50273	925240	739673	0.067967	171459	20	925240	597	1218105	1084249	0.000551	136264	1244	1214346	0	0	0	nan	0	0	0	0.067416	0.000304	0.067416	0.000304	1.233507	0.005562
299	A	40394	925240	751509	0.053751	171184	20	925240	773	1219337	1093731	0.000707	136266	1244	1215675	0	0	0	nan	0	0	0	0.053044	0.000269	0.053044	0.000269	0.970543	0.004922
300	A	34385	925240	752316	0.045706	170717	20	925240	583	1220898	1079377	0.000540	136266	1245	1217324	0	0	0	nan	0	0	0	0.045165	0.000247	0.045165	0.000247	0.826382	0.004519
301	C	46169	925240	740202	0.062374	170162	20	925240	409	1221449	1031338	0.000397	136288	1250	1218006	0	0	0	nan	0	0	0	0.061977	0.000291	0.061977	0.000291	1.133990	0.005324
302	U	9540	925240	741671	0.012863	169875	20	925240	901	1221872	1027482	0.000877	136290	1253	1218522	0	0	0	nan	0	0	0	0.011986	0.000135	0.011986	0.000135	0.219307	0.002470
303	A	51595	925240	768216	0.067162	169551	20	925240	892	1223469	1052242	0.000848	136293	1255	1220190	0	0	0	nan	0	0	0	0.066314	0.000297	0.066314	0.000297	1.213344	0.005434
304	G	11541	925240	798427	0.014455	169073	20	925240	1317	1223872	1117438	0.001179	136282	1258	1220647	0	0	0	nan	0	0	0	0.013276	0.000138	0.013276	0.000138	0.242910	0.002525
305	A	31212	925240	787854	0.039616	168514	20	925240	743	1224445	1091315	0.000681	136287	1263	1221279	0	0	0	nan	0	0	0	0.038936	0.000226	0.038936	0.000226	0.712410	0.004135
306	A	50454	925240	796949	0.063309	168019	20	925240	633	1225974	1071652	0.000591	136290	1265	1222852	0	0	0	nan	0	0	0	0.062718	0.000283	0.062718	0.000283	1.147548	0.005178
307	U	12449	925240	804777	0.015469	167621	20	925240	810	1226833	1077438	0.000752	136291	1265	1223752	0	0	0	nan	0	0	0	0.014717	0.000141	0.014717	0.000141	0.269276	0.002580
308	G	5157	925240	798251	0.006460	167300	20	925240	3151	1227544	1068652	0.002949	136295	1266	1224501	0	0	0	nan	0	0	0	0.003512	0.000104	0.003512	0.000104	0.064259	0.001903
309	C	17748	925240	800802	0.022163	166935	20	925240	1358	1228453	1079427	0.001258	136295	1267	1225442	0	0	0	nan	0	0	0	0.020905	0.000170	0.020905	0.000170	0.382498	0.003110
310	A	21168	925240	797091	0.026557	166647	20	925240	821	1229777	1077969	0.000762	136295	1267	1226779	0	0	0	nan	0	0	0	0.025795	0.000184	0.025795	0.000184	0.471970	0.003367
311	G	3779	925240	783249	0.004825	166460	20	925240	856	1231942	1099623	0.000778	136296	1273	1228963	0	0	0	nan	0	0	0	0.004046	0.000083	0.004046	0.000083	0.074029	0.001519
312	U	11665	925240	771948	0.015111	166160	20	925240	1625	1234708	1094069	0.001485	136296	1273	1231749	0	0	0	nan	0	0	0	0.013626	0.000145	0.013626	0.000145	0.249314	0.002653
313	G	114330	925240	778999	0.146765	165772	20	925240	82397	1236603	1082533	0.076115	136296	1275	1233665	0	0	0	nan	0	0	0	0.070650	0.000509	nan	nan	nan	nan
314	A	58078	925240	712241	0.081543	165359	20	925240	13892	1241407	1096820	0.012666	136300	1275	1238501	0	0	0	nan	0	0	0	0.068877	0.000355	0.068877	0.000355	1.260239	0.006495
315	A	77370	925240	795127	0.097305	165040	20	925240	1127	1245891	1129346	0.000998	136302	1277	1243032	0	0	0	nan	0	0	0	0.096307	0.000351	0.096307	0.000351	1.762124	0.006422
316	A	16435	925240	820453	0.020032	164724	20	925240	533	1248132	1152709	0.000462	136301	1277	1245353	0	0	0	nan	0	0	0	0.019569	0.000158	0.019569	0.000158	0.358053	0.002891
317	A	10004	925240	820656	0.012190	164484	20	925240	574	1249041	1142677	0.000502	136301	1279	1246338	0	0	0	nan	0	0	0	0.011688	0.000124	0.011688	0.000124	0.213855	0.002269
318	A	11533	925240	817756	0.014103	164275	20	925240	675	1250291	1130989	0.000597	136302	1279	1247714	0	0	0	nan	0	0	0	0.013506	0.000133	0.013506	0.000133	0.247119	0.002433
319	A	18489	925240	820243	0.022541	162041	20	925240	553	1251004	1122816	0.000493	136285	1281	1248582	0	0	0	nan	0	0	0	0.022048	0.000167	0.022048	0.000167	0.403411	0.003056
320	A	40574	925240	824354	0.049219	161928	20	925240	1068	1251511	1103007	0.000968	136291	1281	1249177	0	0	0	nan	0	0	0	0.048251	0.000246	0.048251	0.000246	0.882846	0.004501
321	U	11384	925240	830507	0.013707	161747	20	925240	599	1252560	1114487	0.000537	136292	1284	1250320	0	0	0	nan	0	0	0	0.013170	0.000130	0.013170	0.000130	0.240971	0.002379
322	G	7265	925240	831043	0.008742	161659	20	925240	6290	1253978	1133648	0.005548	136294	1284	1251790	0	0	0	nan	0	0	0	0.003194	0.000124	0.003194	0.000124	0.058440	0.002269
323	C	53079	925240	837402	0.063385	161562	20	925240	11694	1255339	1170272	0.009993	136299	1284	1253180	0	0	0	nan	0	0	0	0.053393	0.000290	0.053393	0.000290	0.976929	0.005306
324	U	23515	925240	825045	0.028501	161369	20	925240	6802	1256114	1179571	0.005767	136301	1284	1253983	0	0	0	nan	0	0	0	0.022735	0.000199	0.022735	0.000199	0.415981	0.003641
325	U	18760	925240	814583	0.023030	161043	20	925240	1592	1256801	1155843	0.001377	136302	1284	1254698	0	0	0	nan	0	0	0	0.021653	0.000172	0.021653	0.000172	0.396184	0.003147
326	U	14171	925240	786489	0.018018	160826	20	925240	716	1257914	1144874	0.000625	136304	1285	1255843	0	0	0	nan	0	0	0	0.017393	0.000153	0.017393	0.000153	0.318239	0.002799
327	A	67717	925240	806661	0.083947	160574	20	925240	1339	1258405	1125639	0.001190	136301	1285	1256353	0	0	0	nan	0	0	0	0.082758	0.000324	0.082758	0.000324	1.514219	0.005928
328	U	13474	925240	799676	0.016849	160282	20	925240	2812	1258762	1112564	0.002527	136303	1285	1256733	0	0	0	nan	0	0	0	0.014322	0.000153	0.014322	0.000153	0.262049	0.002799
329	U	14255	925240	801748	0.017780	160003	20	925240	833	1259313	1121935	0.000742	136287	1285	1257330	0	0	0	nan	0	0	0	0.017037	0.000151	0.017037	0.000151	0.311725	0.002763
330	U	13490	925240	802357	0.016813	159527	20	925240	892	1260548	1129872	0.000789	136270	1287	1258592	0	0	0	nan	0	0	0	0.016023	0.000147	0.016023	0.000147	0.293172	0.002690
331	G	21977	925240	803096	0.027365	158893	20	925240	1120	1261564	1131137	0.000990	136271	1292	1259633	0	0	0	nan	0	0	0	0.026375	0.000187	0.026375	0.000187	0.482582	0.003422
332	U	11272	925240	801699	0.014060	158408	20	925240	1293	1262253	1124684	0.001150	136084	1293	1260339	0	0	0	nan	0	0	0	0.012910	0.000136	0.012910	0.000136	0.236214	0.002488
333	G	15548	925240	771697	0.020148	158105	20	925240	2522	1263048	1094758	0.002304	136083	1293	1261142	0	0	0	nan	0	0	0	0.017844	0.000168	0.017844	0.000168	0.326491	0.003074
334	A	17503	925240	755509	0.023167	157768	20	925240	869	1263651	1102262	0.000788	136081	1293	1261755	0	0	0	nan	0	0	0	0.022379	0.000177	0.022379	0.000177	0.409467	0.003239
335	A	60138	925240	778170	0.077281	157552	20	925240	468	1264447	1100952	0.000425	136007	1293	1262555	0	0	0	nan	0	0	0	0.076856	0.000316	0.076856	0.000316	1.406230	0.005782
336	A	59472	925240	798901	0.074442	157384	20	925240	1187	1266836	1116345	0.001063	135572	1294	1264951	0	0	0	nan	0	0	0	0.073379	0.000307	0.073379	0.000307	1.342612	0.005617
337	U	10173	925240	813065	0.012512	157144	20	925240	2738	1269336	1131079	0.002421	135569	1294	1267461	0	0	0	nan	0	0	0	0.010091	0.000132	0.010091	0.000132	0.184635	0.002415
338	U	16119	925240	829227	0.019439	156971	20	925240	620	1271684	1152683	0.000538	135013	1295	1269826	0	0	0	nan	0	0	0	0.018901	0.000155	0.018901	0.000155	0.345831	0.002836
339	U	15193	925240	834921	0.018197	156796	20	925240	1054	1274810	1150607	0.000916	134508	1301	1272987	0	0	0	nan	0	0	0	0.017281	0.000150	0.017281	0.000150	0.316190	0.002745
340	G	14641	925240	839104	0.017448	156557	20	925240	1140	1275823	1157772	0.000985	134502	1302	1274017	0	0	0	nan	0	0	0	0.016464	0.000147	0.016464	0.000147	0.301241	0.002690
341	U	10465	925240	833728	0.012552	156358	20	925240	1053	1276580	1144726	0.000920	133895	1302	1274793	0	0	0	nan	0	0	0	0.011632	0.000126	0.011632	0.000126	0.212830	0.002305
342	G	6064	925240	832383	0.007285	156228	20	925240	1399	1277372	1158176	0.001208	133899	1302	1275608	0	0	0	nan	0	0	0	0.006077	0.000099	0.006077	0.000099	0.111191	0.001811
343	A	48361	925240	844146	0.057290	156082	20	925240	756	1278098	1178142	0.000642	133581	1302	1276346	0	0	0	nan	0	0	0	0.056648	0.000262	0.056648	0.000262	1.036486	0.004794
344	U	11353	925240	843319	0.013462	155996	20	925240	997	1278730	1176555	0.000847	133580	1302	1276991	0	0	0	nan	0	0	0	0.012615	0.000129	0.012615	0.000129	0.230816	0.002360
345	G	6937	925240	837510	0.008283	155843	20	925240	4169	1280195	1178617	0.003537	133523	1302	1278476	0	0	0	nan	0	0	0	0.004746	0.000114	0.004746	0.000114	0.086837	0.002086
346	C	46080	925240	825734	0.055805	155611	20	925240	1451	1281714	1164669	0.001246	133524	1304	1279999	0	0	0	nan	0	0	0	0.054559	0.000262	0.054559	0.000262	0.998263	0.004794
347	U	11854	925240	819862	0.014459	155295	20	925240	632	1282598	1178527	0.000536	133524	1307	1280891	0	0	0	nan	0	0	0	0.013922	0.000135	0.013922	0.000135	0.254730	0.002470
348	A	53514	925240	830716	0.064419	155146	20	925240	1172	1283352	1171857	0.001000	133512	1307	1281667	0	0	0	nan	0	0	0	0.063419	0.000280	0.063419	0.000280	1.160374	0.005123
349	U	15237	925240	835098	0.018246	154991	20	925240	1156	1284145	1161566	0.000995	133512	1307	1282477	0	0	0	nan	0	0	0	0.017251	0.000151	0.017251	0.000151	0.315641	0.002763
350	U	10880	925240	831926	0.013078	154838	20	925240	765	1284939	1154605	0.000663	133494	1307	1283278	0	0	0	nan	0	0	0	0.012416	0.000128	0.012416	0.000128	0.227175	0.002342
351	G	6164	925240	831062	0.007417	154522	20	925240	5818	1285781	1158749	0.005021	133452	1308	1284133	0	0	0	nan	0	0	0	0.002396	0.000115	0.002396	0.000115	0.043839	0.002104
352	C	48695	925240	823235	0.059151	154372	20	925240	25822	1288148	1151968	0.022416	133452	1309	1286505	0	0	0	nan	0	0	0	0.036735	0.000302	0.036735	0.000302	0.672139	0.005526
353	U	19325	925240	809857	0.023862	154059	20	925240	3770	1289492	1168687	0.003226	133527	1317	1287860	0	0	0	nan	0	0	0	0.020636	0.000180	0.020636	0.000180	0.377576	0.003293
354	U	19190	925240	811709	0.023641	153787	20	925240	1538	1291351	1168403	0.001316	133490	1326	1289733	0	0	0	nan	0	0	0	0.022325	0.000174	0.022325	0.000174	0.408479	0.003184
355	U	14623	925240	797895	0.018327	153432	20	925240	605	1292193	1177996	0.000514	133427	1329	1290594	0	0	0	nan	0	0	0	0.017813	0.000153	0.017813	0.000153	0.325924	0.002799
356	A	64121	925240	792149	0.080946	153156	20	925240	1355	1292761	1096851	0.001235	133411	1330	1291170	0	0	0	nan	0	0	0	0.079710	0.000321	0.079710	0.000321	1.458450	0.005873
357	U	11462	925240	778727	0.014719	153022	20	925240	3499	1293182	1074680	0.003256	133411	1331	1291594	0	0	0	nan	0	0	0	0.011463	0.000148	0.011463	0.000148	0.209738	0.002708
358	U	15639	925240	785136	0.019919	152698	20	925240	1170	1294664	1080452	0.001083	133411	1339	1293087	0	0	0	nan	0	0	0	0.018836	0.000162	0.018836	0.000162	0.344641	0.002964
359	U	15159	925240	826678	0.018337	152447	20	925240	872	1295883	1162665	0.000750	133405	1341	1294328	0	0	0	nan	0	0	0	0.017587	0.000151	0.017587	0.000151	0.321788	0.002763
360	G	9860	925240	856380	0.011514	152075	20	925240	861	1298819	1202895	0.000716	133405	1358	1297293	0	0	0	nan	0	0	0	0.010798	0.000118	0.010798	0.000118	0.197570	0.002159
361	U	12054	925240	854723	0.014103	151932	20	925240	988	1300208	1208876	0.000817	133405	1366	1298715	0	0	0	nan	0	0	0	0.013286	0.000131	0.013286	0.000131	0.243093	0.002397
362	A	39093	925240	846555	0.046179	151559	20	925240	941	1301556	1176420	0.000800	133403	1377	1300105	0	0	0	nan	0	0	0	0.045379	0.000235	0.045379	0.000235	0.830297	0.004300
363	A	65664	925240	871210	0.075371	151005	20	925240	7692	1302154	1187725	0.006476	133404	1378	1300734	0	0	0	nan	0	0	0	0.068895	0.000303	0.068895	0.000303	1.260568	0.005544
364	C	1506	925240	880777	0.001710	150302	20	925240	1048	1302768	1188489	0.000882	133419	1387	1301350	0	0	0	nan	0	0	0	0.000828	0.000052	0.000828	0.000052	0.015150	0.000951
365	C	669	925240	896251	0.000746	149283	20	925240	725	1303180	1224447	0.000592	133411	1387	1301765	0	0	0	nan	0	0	0	0.000154	0.000036	0.000154	0.000036	0.002818	0.000659
366	A	1669	925240	885549	0.001885	149046	20	925240	2816	1303571	1200453	0.002346	133411	1387	1302168	0	0	0	nan	0	0	0	-0.000461	0.000064	-0.000461	0.000064	-0.008435	0.001171
367	U	2376	925240	881905	0.002694	148087	20	925240	4169	1303850	1195507	0.003487	133409	1387	1302447	0	0	0	nan	0	0	0	-0.000793	0.000077	-0.000793	0.000077	-0.014509	0.001409
368	U	450	925240	871780	0.000516	146910	20	925240	716	1304014	1178798	0.000607	133384	1387	1302731	0	0	0	nan	0	0	0	-0.000091	0.000033	-0.000091	0.000033	-0.001665	0.000604
369	A	1104	925240	873403	0.001264	146834	20	925240	1612	1303641	1183111	0.001363	133384	1388	1303543	0	0	0	nan	0	0	0	-0.000098	0.000051	-0.000098	0.000051	-0.001793	0.000933
370	U	810	925240	865305	0.000936	145644	20	925240	1248	1304305	1177308	0.001060	133371	1388	1304208	0	0	0	nan	0	0	0	-0.000124	0.000045	-0.000124	0.000045	-0.002269	0.000823
371	A	281	925240	865357	0.000325	145568	20	925240	333	1305187	1174487	0.000284	133371	1388	1305102	0	0	0	nan	0	0	0	0.000041	0.000025	0.000041	0.000025	0.000750	0.000457
372	A	0	925240	872676	0.000000	143079	20	925240	0	1307425	1192232	0.000000	133350	1389	1307341	0	0	0	nan	0	0	0	0.000000	0.000000	0.000000	0.000000	0.000000	0.000000
373	g	0	925240	0	nan	142977	20	925240	0	1309572	0	nan	133349	1393	1309489	0	0	0	nan	0	0	0	nan	nan	nan	nan	nan	nan
374	c	0	925240	0	nan	142927	20	925240	0	1310694	0	nan	133349	1395	1310615	0	0	0	nan	0	0	0	nan	nan	nan	nan	nan	nan
375	u	0	925240	0	nan	142314	20	925240	0	1311541	0	nan	133254	1395	1311462	0	0	0	nan	0	0	0	nan	nan	nan	nan	nan	nan
376	g	0	925240	0	nan	140878	20	925240	0	1312243	0	nan	133009	1397	1312166	0	0	0	nan	0	0	0	nan	nan	nan	nan	nan	nan
377	c	0	925240	0	nan	140702	20	925240	0	1312550	0	nan	133007	1397	1312474	0	0	0	nan	0	0	0	nan	nan	nan	nan	nan	nan
378	a	0	925240	0	nan	140619	20	925240	0	1313360	0	nan	133004	1401	1313285	0	0	0	nan	0	0	0	nan	nan	nan	nan	nan	nan
379	a	0	925240	0	nan	140388	20	925240	0	1313849	0	nan	132623	1399	1313775	0	0	0	nan	0	0	0	nan	nan	nan	nan	nan	nan
380	u	0	925240	0	nan	140096	20	925240	0	1314167	0	nan	132123	1398	1314094	0	0	0	nan	0	0	0	nan	nan	nan	nan	nan	nan
381	a	0	925240	0	nan	139828	20	925240	0	1314443	0	nan	132123	1397	1314374	0	0	0	nan	0	0	0	nan	nan	nan	nan	nan	nan
382	a	0	925240	0	nan	139727	20	925240	0	1315050	0	nan	131268	1395	1314986	0	0	0	nan	0	0	0	nan	nan	nan	nan	nan	nan
383	a	0	925240	0	nan	139638	20	925240	0	1315039	0	nan	130693	1394	1314986	0	0	0	nan	0	0	0	nan	nan	nan	nan	nan	nan
384	c	0	925240	0	nan	139386	19	925240	0	1315027	0	nan	130312	1393	1314981	0	0	0	nan	0	0	0	nan	nan	nan	nan	nan	nan
385	a	0	925240	0	nan	139145	19	925240	0	1315025	0	nan	130312	1393	1314981	0	0	0	nan	0	0	0	nan	nan	nan	nan	nan	nan
386	a	0	925240	0	nan	138725	19	925240	0	1315010	0	nan	130031	1392	1314980	0	0	0	nan	0	0	0	nan	nan	nan	nan	nan	nan
387	g	0	925240	0	nan	138689	19	925240	0	1315009	0	nan	130031	1392	1314980	0	0	0	nan	0	0	0	nan	nan	nan	nan	nan	nan
388	u	0	925240	0	nan	138670	19	925240	0	1315008	0	nan	130031	1392	1314980	0	0	0	nan	0	0	0	nan	nan	nan	nan	nan	nan
389	u	0	925240	0	nan	138386	19	925240	0	1315002	0	nan	130024	1391	1314980	0	0	0	nan	0	0	0	nan	nan	nan	nan	nan	nan
390	a	0	925240	0	nan	138377	19	925240	0	1314995	0	nan	130023	1391	1314980	0	0	0	nan	0	0	0	nan	nan	nan	nan	nan	nan
391	a	0	925240	0	nan	138243	19	925240	0	1314992	0	nan	130020	1391	1314980	0	0	0	nan	0	0	0	nan	nan	nan	nan	nan	nan
392	c	0	925240	0	nan	137734	19	925240	0	1314987	0	nan	130009	1391	1314980	0	0	0	nan	0	0	0	nan	nan	nan	nan	nan	nan
393	a	0	925240	0	nan	137430	19	925240	0	1314984	0	nan	130006	1391	1314980	0	0	0	nan	0	0	0	nan	nan	nan	nan	nan	nan
394	a	0	925240	0	nan	137181	19	925240	0	1314979	0	nan	129994	1391	1314979	0	0	0	nan	0	0	0	nan	nan	nan	nan	nan	nan
395	c	0	924832	0	nan	137150	19	924832	0	1314934	0	nan	129988	1391	1314934	0	0	0	nan	0	0	0	nan	nan	nan	nan	nan	nan
396	a	0	924764	0	nan	137139	19	924764	0	1314921	0	nan	129983	1390	1314921	0	0	0	nan	0	0	0	nan	nan	nan	nan	nan	nan
397	a	0	924476	0	nan	137096	19	924476	0	1314873	0	nan	129975	1390	1314873	0	0	0	nan	0	0	0	nan	nan	nan	nan	nan	nan
398	c	0	923885	0	nan	137020	19	923885	0	1314811	0	nan	129969	1389	1314811	0	0	0	nan	0	0	0	nan	nan	nan	nan	nan	nan
399	a	0	923339	0	nan	136904	19	923339	0	1314756	0	nan	129957	1389	1314756	0	0	0	nan	0	0	0	nan	nan	nan	nan	nan	nan
400	a	0	922914	0	nan	136893	18	922914	0	1314646	0	nan	129948	1389	1314646	0	0	0	nan	0	0	0	nan	nan	nan	nan	nan	nan
401	u	0	922834	0	nan	136884	17	922834	0	1314558	0	nan	129938	1389	1314558	0	0	0	nan	0	0	0	nan	nan	nan	nan	nan	nan
402	u	0	921852	0	nan	136759	17	921852	0	1313315	0	nan	129841	1388	1313315	0	0	0	nan	0	0	0	nan	nan	nan	nan	nan	nan
403	g	0	920276	0	nan	136590	17	920276	0	1312104	0	nan	129685	1383	1312104	0	0	0	nan	0	0	0	nan	nan	nan	nan	nan	nan
404	c	0	915800	0	nan	135905	17	915800	0	1309519	0	nan	129411	1379	1309519	0	0	0	nan	0	0	0	nan	nan	nan	nan	nan	nan