414	Window=3	Metric=PAIRMAPPER	
i	j	Sig.	Class	Zij	Zi	Zj	Mod_Depth	Mod_Comuts	Unt_Depth	Unt_Comuts
374	385	98.13	1	4.85	2.89	6.81	826147	459	883728	32
375	384	236.46	1	10.00	6.12	13.88	726620	374	744032	5
35	45	221.60	2	7.53	10.82	4.24	873232	2602	1136459	74
45	65	62.29	2	2.17	1.20	3.14	831036	2812	1113668	32
46	55	50.45	2	3.52	2.41	4.63	849683	2184	1124383	30
72	98	224.15	2	7.09	6.69	7.49	835035	1421	1102539	61
73	97	184.92	2	7.34	9.15	5.52	835453	1645	1094090	19
88	98	264.55	2	8.87	8.91	8.83	844818	1275	1097269	129
130	186	91.84	2	4.35	5.40	3.30	559539	883	978785	31
130	187	136.06	2	5.34	8.00	2.69	588336	1424	982015	36
131	186	194.05	2	6.41	5.85	6.96	626458	1375	968585	25
132	185	83.90	2	4.17	1.41	6.94	598257	1131	973653	30
133	184	94.25	2	4.77	2.36	7.18	591746	908	982389	39
134	183	124.52	2	4.67	5.48	3.85	566187	1317	1000853	97
134	188	177.54	2	5.76	7.82	3.70	610159	1828	988217	68
135	185	31.90	2	2.54	2.43	2.64	537813	482	978371	118
153	176	103.31	2	6.32	6.80	5.83	527528	3163	956918	119
173	183	44.50	2	2.07	2.77	1.38	720835	1776	991996	79
173	188	169.56	2	7.04	10.55	3.54	777566	2681	979352	82
174	185	39.39	2	3.12	2.98	3.26	750642	740	958564	130
183	203	49.28	2	2.05	1.52	2.57	723405	2398	900867	44
188	203	166.27	2	6.06	3.47	8.65	781120	3156	895129	38
203	215	73.31	2	3.43	3.82	3.03	708526	2251	755953	43
213	293	147.52	2	3.75	5.25	2.24	746123	2945	465747	67
215	251	114.15	2	2.94	4.74	1.13	680754	2359	526346	39
221	239	101.81	2	2.21	2.35	2.08	691223	859	664846	94
223	250	162.99	2	3.01	4.89	1.13	738600	1150	577092	10
224	249	179.32	2	4.78	8.60	0.96	685616	1427	583370	7
225	275	42.95	2	2.09	3.13	1.05	688941	2840	480663	26
231	240	914.75	2	9.36	7.02	11.70	682117	2054	644390	76
275	292	130.21	2	2.91	3.23	2.59	695295	2805	517499	26
277	346	117.19	2	2.90	2.14	3.66	736228	3667	538009	43
299	328	95.04	2	2.49	2.71	2.27	685574	1966	666347	52
302	349	152.97	2	3.09	3.43	2.74	701582	2883	666831	45
306	342	40.30	2	2.13	1.85	2.41	713383	1221	695555	22
307	343	105.51	2	4.19	1.73	6.64	741264	2039	742972	11
316	344	86.98	2	4.15	3.36	4.94	812862	1106	786048	138
317	341	51.89	2	3.69	1.88	5.50	805043	359	794197	22
318	336	188.05	2	3.85	6.04	1.66	799845	1138	806515	43
322	333	295.50	2	6.90	12.00	1.79	772786	1374	788674	4
327	337	623.86	2	8.93	11.33	6.53	774291	4797	835900	90
328	339	223.64	2	5.50	5.34	5.66	751822	3668	793232	301
328	345	75.46	2	2.41	1.80	3.02	774708	1973	812574	153
339	394	26.68	2	2.03	0.66	3.40	818949	1150	811613	336
31	46	42.36	0	1.53	1.02	2.03	864347	2208	1136726	17
34	73	28.28	0	0.99	0.57	1.41	864616	3291	1119121	26
35	72	44.24	0	1.74	2.16	1.33	864860	1927	1130656	84
42	73	45.59	0	1.36	0.45	2.26	861324	3151	1122239	36
45	69	127.27	0	4.42	2.44	6.40	854146	4356	1098236	85
46	64	94.06	0	4.37	4.50	4.25	855626	2622	1127267	12
52	109	36.74	0	2.71	4.86	0.56	806391	5526	1091579	24
53	108	61.49	0	3.86	7.17	0.55	795331	4851	1083054	19
54	107	25.32	0	2.65	1.80	3.49	815136	4346	1085336	19
69	88	43.73	0	1.84	2.20	1.48	855343	3019	1090897	79
153	186	25.08	0	1.28	1.66	0.90	598127	1722	975664	66
177	204	48.76	0	3.14	1.06	5.22	725193	5456	842994	76
185	194	92.41	0	8.83	7.64	10.01	764690	3540	945060	38
216	237	26.58	0	2.23	2.74	1.71	687799	2155	610872	31
219	237	27.96	0	0.95	0.10	1.80	714538	12023	619452	31
222	251	147.72	0	1.96	2.45	1.47	695897	1416	523951	36
223	240	35.80	0	0.76	1.05	0.46	715400	498	694934	30
224	259	64.13	0	1.92	3.06	0.78	695886	1183	531919	56
228	245	42.27	0	0.79	0.55	1.04	704152	1263	597106	12
228	256	162.22	0	1.74	2.14	1.35	686969	3786	543425	20
254	271	25.21	0	0.97	1.32	0.63	623600	4718	443541	55
254	277	34.72	0	1.22	1.83	0.62	657890	5027	458795	87
256	273	118.26	0	2.69	0.98	4.40	592518	5217	438565	29
269	348	29.80	0	0.74	1.01	0.47	752173	3183	502960	2
270	347	96.43	0	2.34	2.38	2.31	708519	3744	462020	4
271	340	83.67	0	2.43	2.12	2.75	672869	4842	454860	19
271	346	69.27	0	1.96	1.75	2.16	695003	3365	465041	21
277	340	51.12	0	1.30	0.92	1.67	713397	5014	529287	53
298	308	28.41	0	2.29	4.23	0.36	682842	2567	671918	3
299	324	40.66	0	0.87	1.15	0.59	681746	2128	629477	24
300	323	27.65	0	0.78	0.52	1.03	724163	1940	663753	17
303	329	405.22	0	5.41	2.66	8.16	717367	8547	714918	74
308	342	127.70	0	4.67	1.69	7.65	733529	2015	753103	5
316	342	39.94	0	1.97	1.55	2.39	806136	502	782370	33
318	331	86.94	0	2.68	2.79	2.57	778764	3269	800906	13
322	337	47.09	0	1.20	1.91	0.48	787260	774	785404	33
322	341	26.09	0	1.91	1.06	2.76	785678	244	775868	13
323	347	81.06	0	2.49	3.03	1.94	762893	2029	737764	13
340	367	25.08	0	1.73	0.81	2.65	756728	6727	752897	52
343	356	25.32	0	2.36	1.59	3.13	797213	2430	827348	18
