Nucleotide	Sequence	Modified_mutations	Modified_read_depth	Modified_effective_depth	Modified_rate	Modified_off_target_mapped_depth	Modified_low_mapq_mapped_depth	Modified_primer_pair_1_mapped_depth	Untreated_mutations	Untreated_read_depth	Untreated_effective_depth	Untreated_rate	Untreated_off_target_mapped_depth	Untreated_low_mapq_mapped_depth	Untreated_primer_pair_1_mapped_depth	Denatured_mutations	Denatured_read_depth	Denatured_effective_depth	Denatured_rate	Denatured_off_target_mapped_depth	Denatured_low_mapq_mapped_depth	Denatured_primer_pair_1_mapped_depth	Reactivity_profile	Std_err	HQ_profile	HQ_stderr	Norm_profile	Norm_stderr
1	c	0	995457	0	nan	196121	593	995457	0	1133256	0	nan	28117	447	1133256	0	0	0	nan	0	0	0	nan	nan	nan	nan	nan	nan
2	a	0	999493	0	nan	196824	596	999493	0	1135012	0	nan	28158	447	1135012	0	0	0	nan	0	0	0	nan	nan	nan	nan	nan	nan
3	g	0	1000939	0	nan	197060	596	1000939	0	1136242	0	nan	28198	449	1136242	0	0	0	nan	0	0	0	nan	nan	nan	nan	nan	nan
4	a	0	1001405	0	nan	197102	596	1001405	0	1136452	0	nan	28206	449	1136452	0	0	0	nan	0	0	0	nan	nan	nan	nan	nan	nan
5	u	0	1001961	0	nan	197161	596	1001961	0	1136790	0	nan	28210	449	1136790	0	0	0	nan	0	0	0	nan	nan	nan	nan	nan	nan
6	c	0	1002441	0	nan	197195	597	1002441	0	1136835	0	nan	28211	449	1136835	0	0	0	nan	0	0	0	nan	nan	nan	nan	nan	nan
7	a	0	1002660	0	nan	197205	597	1002660	0	1136857	0	nan	28212	449	1136857	0	0	0	nan	0	0	0	nan	nan	nan	nan	nan	nan
8	c	0	1002935	0	nan	197208	597	1002935	0	1136872	0	nan	28212	449	1136872	0	0	0	nan	0	0	0	nan	nan	nan	nan	nan	nan
9	u	0	1003227	0	nan	197212	597	1003227	0	1136894	0	nan	28213	449	1136894	0	0	0	nan	0	0	0	nan	nan	nan	nan	nan	nan
10	a	0	1003385	0	nan	197221	597	1003385	0	1136908	0	nan	28213	449	1136908	0	0	0	nan	0	0	0	nan	nan	nan	nan	nan	nan
11	g	0	1003546	0	nan	197225	597	1003546	0	1136919	0	nan	28213	449	1136919	0	0	0	nan	0	0	0	nan	nan	nan	nan	nan	nan
12	a	0	1003546	0	nan	197349	597	1003546	0	1136924	0	nan	28219	449	1136919	0	0	0	nan	0	0	0	nan	nan	nan	nan	nan	nan
13	a	0	1003546	0	nan	197446	597	1003546	0	1136932	0	nan	28221	449	1136919	0	0	0	nan	0	0	0	nan	nan	nan	nan	nan	nan
14	g	0	1003546	0	nan	197549	597	1003546	0	1136945	0	nan	28235	449	1136919	0	0	0	nan	0	0	0	nan	nan	nan	nan	nan	nan
15	c	0	1003546	0	nan	197665	597	1003546	0	1136958	0	nan	28252	449	1136919	0	0	0	nan	0	0	0	nan	nan	nan	nan	nan	nan
16	u	0	1003546	0	nan	197726	597	1003546	0	1136963	0	nan	28254	449	1136919	0	0	0	nan	0	0	0	nan	nan	nan	nan	nan	nan
17	u	0	1003546	0	nan	198125	597	1003546	0	1136970	0	nan	28257	449	1136919	0	0	0	nan	0	0	0	nan	nan	nan	nan	nan	nan
18	u	0	1003546	0	nan	198422	597	1003546	0	1136975	0	nan	28257	449	1136919	0	0	0	nan	0	0	0	nan	nan	nan	nan	nan	nan
19	a	0	1003546	0	nan	198659	597	1003546	0	1136978	0	nan	28258	449	1136919	0	0	0	nan	0	0	0	nan	nan	nan	nan	nan	nan
20	u	0	1003546	0	nan	198958	597	1003546	0	1136980	0	nan	28260	449	1136919	0	0	0	nan	0	0	0	nan	nan	nan	nan	nan	nan
21	u	0	1003546	0	nan	199438	597	1003546	0	1136982	0	nan	28261	449	1136919	0	0	0	nan	0	0	0	nan	nan	nan	nan	nan	nan
22	g	0	1003546	0	nan	199903	597	1003546	0	1136988	0	nan	28261	449	1136919	0	0	0	nan	0	0	0	nan	nan	nan	nan	nan	nan
23	c	0	1003546	0	nan	200356	600	1003546	0	1136995	0	nan	28261	449	1136919	0	0	0	nan	0	0	0	nan	nan	nan	nan	nan	nan
24	g	0	1003546	0	nan	200826	600	1003546	0	1136029	0	nan	28262	449	1135949	0	0	0	nan	0	0	0	nan	nan	nan	nan	nan	nan
25	g	0	1003546	0	nan	201014	600	1003546	0	1135960	0	nan	28263	449	1135869	0	0	0	nan	0	0	0	nan	nan	nan	nan	nan	nan
26	U	3	1003546	969292	0.000003	201090	600	1003546	2	1135916	1110859	0.000002	28257	449	1135815	0	0	0	nan	0	0	0	0.000001	0.000002	0.000001	0.000002	0.000019	0.000037
27	A	24001	1003546	956917	0.025082	201101	600	1003546	646	1135868	1114436	0.000580	28258	449	1135764	0	0	0	nan	0	0	0	0.024502	0.000163	0.024502	0.000163	0.454835	0.003026
28	G	13428	1003546	961133	0.013971	201163	600	1003546	3183	1135834	1112006	0.002862	28258	449	1135723	0	0	0	nan	0	0	0	0.011109	0.000131	0.011109	0.000131	0.206218	0.002432
29	U	10332	1003546	976486	0.010581	201186	600	1003546	2386	1135805	1113305	0.002143	28250	449	1135693	0	0	0	nan	0	0	0	0.008438	0.000113	0.008438	0.000113	0.156636	0.002098
30	U	12824	1003546	971342	0.013202	201175	600	1003546	698	1135711	1115713	0.000626	28249	449	1135594	0	0	0	nan	0	0	0	0.012577	0.000119	0.012577	0.000119	0.233469	0.002209
31	U	12681	1003546	965602	0.013133	201049	601	1003546	701	1135585	1116847	0.000628	28249	449	1135464	0	0	0	nan	0	0	0	0.012505	0.000119	0.012505	0.000119	0.232133	0.002209
32	A	24605	1003546	950244	0.025893	200874	601	1003546	600	1135449	1117947	0.000537	28249	448	1135326	0	0	0	nan	0	0	0	0.025357	0.000167	0.025357	0.000167	0.470707	0.003100
33	U	12204	1003546	944585	0.012920	200767	601	1003546	1377	1135297	1118816	0.001231	28245	448	1135171	0	0	0	nan	0	0	0	0.011689	0.000122	0.011689	0.000122	0.216985	0.002265
34	C	44615	1003546	931418	0.047900	200584	601	1003546	674	1135134	1116716	0.000604	28239	448	1135001	0	0	0	nan	0	0	0	0.047297	0.000228	0.047297	0.000228	0.877983	0.004232
35	A	53660	1003546	953341	0.056286	200458	601	1003546	907	1135033	1115461	0.000813	28210	447	1134892	0	0	0	nan	0	0	0	0.055473	0.000244	0.055473	0.000244	1.029756	0.004529
36	C	47754	1003546	953088	0.050105	200259	601	1003546	473	1134938	1109140	0.000426	28192	445	1134788	0	0	0	nan	0	0	0	0.049678	0.000230	0.049678	0.000230	0.922182	0.004270
37	A	29334	1003546	937896	0.031276	200110	601	1003546	760	1134831	1078838	0.000704	28170	437	1134671	0	0	0	nan	0	0	0	0.030572	0.000184	0.030572	0.000184	0.567514	0.003416
38	G	4918	1003546	938752	0.005239	199967	600	1003546	1500	1134730	1079777	0.001389	28145	437	1134553	0	0	0	nan	0	0	0	0.003850	0.000083	0.003850	0.000083	0.071468	0.001541
39	U	11724	1003546	938849	0.012488	199838	600	1003546	1144	1134676	1084083	0.001055	28140	437	1134487	0	0	0	nan	0	0	0	0.011432	0.000119	0.011432	0.000119	0.212214	0.002209
40	U	13791	1003546	935555	0.014741	199328	600	1003546	934	1133615	1094058	0.000854	28118	436	1133410	0	0	0	nan	0	0	0	0.013887	0.000129	0.013887	0.000129	0.257787	0.002395
41	A	17655	1003546	913929	0.019318	198580	598	1003546	1230	1132368	1096521	0.001122	28086	429	1132156	0	0	0	nan	0	0	0	0.018196	0.000149	0.018196	0.000149	0.337776	0.002766
42	A	68639	1003546	936505	0.073293	198367	598	1003546	559	1132176	1091359	0.000512	28072	427	1131957	0	0	0	nan	0	0	0	0.072781	0.000281	0.072781	0.000281	1.351048	0.005216
43	A	59889	1003546	960346	0.062362	198247	598	1003546	830	1132003	1094514	0.000758	28059	420	1131783	0	0	0	nan	0	0	0	0.061604	0.000256	0.061604	0.000256	1.143567	0.004752
44	U	10709	1003546	971703	0.011021	198175	598	1003546	890	1131904	1097246	0.000811	28056	420	1131679	0	0	0	nan	0	0	0	0.010210	0.000110	0.010210	0.000110	0.189530	0.002042
45	U	9096	1003546	975257	0.009327	198131	599	1003546	607	1131833	1105315	0.000549	27905	420	1131604	0	0	0	nan	0	0	0	0.008778	0.000100	0.008778	0.000100	0.162948	0.001856
46	G	5458	1003546	974535	0.005601	198087	599	1003546	3250	1131709	1107030	0.002936	27897	419	1131474	0	0	0	nan	0	0	0	0.002665	0.000092	0.002665	0.000092	0.049471	0.001708
47	C	26070	1003546	975963	0.026712	198074	599	1003546	1034	1131656	1106403	0.000935	27881	419	1131415	0	0	0	nan	0	0	0	0.025778	0.000168	0.025778	0.000168	0.478522	0.003119
48	U	5374	1003546	964489	0.005572	198005	599	1003546	501	1131547	1110898	0.000451	27762	419	1131302	0	0	0	nan	0	0	0	0.005121	0.000079	0.005121	0.000079	0.095062	0.001466
49	A	5491	1003546	952826	0.005763	197888	600	1003546	679	1131364	1105762	0.000614	27709	417	1131113	0	0	0	nan	0	0	0	0.005149	0.000081	0.005149	0.000081	0.095582	0.001504
50	A	47446	1003546	960341	0.049405	197595	599	1003546	1003	1131019	1108539	0.000905	27736	417	1130762	0	0	0	nan	0	0	0	0.048501	0.000229	0.048501	0.000229	0.900333	0.004251
51	C	54626	1003546	955907	0.057146	197317	599	1003546	556	1130779	1106220	0.000503	27696	416	1130519	0	0	0	nan	0	0	0	0.056643	0.000245	0.056643	0.000245	1.051475	0.004548
52	G	6661	1003546	959590	0.006942	197101	599	1003546	2682	1130617	1111287	0.002413	27660	416	1130349	0	0	0	nan	0	0	0	0.004528	0.000097	0.004528	0.000097	0.084054	0.001801
53	C	18856	1003546	942380	0.020009	196770	600	1003546	2045	1130310	1105983	0.001849	27600	416	1130032	0	0	0	nan	0	0	0	0.018160	0.000151	0.018160	0.000151	0.337108	0.002803
54	A	52140	1003546	950289	0.054868	196137	599	1003546	866	1129657	1099880	0.000787	27313	416	1129372	0	0	0	nan	0	0	0	0.054080	0.000242	0.054080	0.000242	1.003897	0.004492
55	G	4227	1003546	951222	0.004444	195855	599	1003546	719	1129229	1097541	0.000655	27144	414	1128938	0	0	0	nan	0	0	0	0.003789	0.000073	0.003789	0.000073	0.070336	0.001355
56	U	19266	1003546	962130	0.020024	195650	599	1003546	2289	1128992	1098219	0.002084	26376	407	1128694	0	0	0	nan	0	0	0	0.017940	0.000151	0.017940	0.000151	0.333024	0.002803
57	C	58860	1003546	963271	0.061104	195394	599	1003546	770	1128804	1102814	0.000698	26327	406	1128494	0	0	0	nan	0	0	0	0.060406	0.000253	0.060406	0.000253	1.121328	0.004696
58	A	51737	1003546	972493	0.053200	194956	599	1003546	875	1128192	1100375	0.000795	26059	405	1127876	0	0	0	nan	0	0	0	0.052405	0.000235	0.052405	0.000235	0.972804	0.004362
59	G	8869	1003546	975399	0.009093	194387	599	1003546	790	1127376	1103642	0.000716	25958	403	1127046	0	0	0	nan	0	0	0	0.008377	0.000100	0.008377	0.000100	0.155504	0.001856
60	U	15260	1003546	965683	0.015802	193962	599	1003546	881	1126981	1101952	0.000799	25411	401	1126642	0	0	0	nan	0	0	0	0.015003	0.000131	0.015003	0.000131	0.278504	0.002432
61	G	8246	1003546	954823	0.008636	193585	598	1003546	2541	1126473	1094043	0.002323	25354	389	1126111	0	0	0	nan	0	0	0	0.006314	0.000106	0.006314	0.000106	0.117208	0.001968
62	G	4795	1003546	951133	0.005041	193218	598	1003546	2124	1126090	1086697	0.001955	25312	389	1125702	0	0	0	nan	0	0	0	0.003087	0.000084	0.003087	0.000084	0.057305	0.001559
63	G	5593	1003546	948323	0.005898	192956	598	1003546	4301	1125768	1082991	0.003971	25221	388	1125357	0	0	0	nan	0	0	0	0.001926	0.000099	0.001926	0.000099	0.035753	0.001838
64	C	9259	1003546	951186	0.009734	192822	598	1003546	2342	1125653	1083048	0.002162	25197	384	1125235	0	0	0	nan	0	0	0	0.007572	0.000111	0.007572	0.000111	0.140560	0.002061
65	C	29773	1003546	950304	0.031330	192634	598	1003546	662	1125482	1088512	0.000608	25140	377	1125056	0	0	0	nan	0	0	0	0.030722	0.000183	0.030722	0.000183	0.570298	0.003397
66	U	10698	1003546	950512	0.011255	192398	598	1003546	1772	1125308	1093882	0.001620	25063	373	1124881	0	0	0	nan	0	0	0	0.009635	0.000115	0.009635	0.000115	0.178856	0.002135
67	C	76574	1003546	936676	0.081751	192122	598	1003546	1566	1125081	1098777	0.001425	25050	340	1124641	0	0	0	nan	0	0	0	0.080326	0.000298	0.080326	0.000298	1.491107	0.005532
68	G	6015	1003546	935764	0.006428	191642	598	1003546	2177	1124235	1092685	0.001992	25019	331	1123785	0	0	0	nan	0	0	0	0.004436	0.000093	0.004436	0.000093	0.082346	0.001726
69	G	8994	1003546	936612	0.009603	191487	598	1003546	4886	1123956	1093167	0.004470	25005	326	1123497	0	0	0	nan	0	0	0	0.005133	0.000120	0.005133	0.000120	0.095285	0.002228
70	C	56375	1003546	942369	0.059823	191327	598	1003546	2030	1123795	1090553	0.001861	24995	324	1123308	0	0	0	nan	0	0	0	0.057961	0.000255	0.057961	0.000255	1.075941	0.004734
71	G	3228	1003546	951741	0.003392	191086	598	1003546	1844	1123470	1083082	0.001703	24964	313	1122971	0	0	0	nan	0	0	0	0.001689	0.000072	0.001689	0.000072	0.031353	0.001337
72	G	6978	1003546	947261	0.007367	190773	598	1003546	4172	1123100	1082721	0.003853	24937	307	1122597	0	0	0	nan	0	0	0	0.003513	0.000106	0.003513	0.000106	0.065212	0.001968
73	C	11387	1003546	941407	0.012096	190580	598	1003546	4014	1122993	1074323	0.003736	24918	301	1122485	0	0	0	nan	0	0	0	0.008359	0.000128	0.008359	0.000128	0.155170	0.002376
74	C	18740	1003546	930975	0.020129	190309	598	1003546	1927	1122742	1080841	0.001783	24880	295	1122231	0	0	0	nan	0	0	0	0.018347	0.000153	0.018347	0.000153	0.340579	0.002840
75	A	55009	1003546	922137	0.059654	190479	598	1003546	544	1122542	1076687	0.000505	24861	279	1122029	0	0	0	nan	0	0	0	0.059149	0.000255	0.059149	0.000255	1.097994	0.004734
76	A	62173	1003546	938940	0.066216	190333	598	1003546	495	1122480	1082864	0.000457	24844	275	1121962	0	0	0	nan	0	0	0	0.065759	0.000266	0.065759	0.000266	1.220697	0.004938
77	G	5648	1003546	954179	0.005919	190242	598	1003546	2785	1122383	1087253	0.002562	24813	270	1121861	0	0	0	nan	0	0	0	0.003358	0.000093	0.003358	0.000093	0.062335	0.001726
78	C	29334	1003546	968581	0.030286	190095	598	1003546	2223	1122244	1092130	0.002035	24792	269	1121717	0	0	0	nan	0	0	0	0.028250	0.000182	0.028250	0.000182	0.524410	0.003379
79	U	7361	1003546	979870	0.007512	189989	598	1003546	699	1122172	1097447	0.000637	24776	268	1121642	0	0	0	nan	0	0	0	0.006875	0.000091	0.006875	0.000091	0.127622	0.001689
80	U	7031	1003546	975578	0.007207	189839	598	1003546	905	1122092	1096624	0.000825	24766	268	1121556	0	0	0	nan	0	0	0	0.006382	0.000090	0.006382	0.000090	0.118470	0.001671
81	G	3696	1003546	972875	0.003799	189588	598	1003546	1480	1121939	1092740	0.001354	24751	268	1121397	0	0	0	nan	0	0	0	0.002445	0.000072	0.002445	0.000072	0.045387	0.001337
82	G	11602	1003546	971325	0.011945	189413	597	1003546	4795	1121861	1091498	0.004393	24739	262	1121315	0	0	0	nan	0	0	0	0.007551	0.000128	0.007551	0.000128	0.140171	0.002376
83	C	23778	1003546	957761	0.024827	189273	597	1003546	1674	1121821	1092204	0.001533	24733	259	1121268	0	0	0	nan	0	0	0	0.023294	0.000165	0.023294	0.000165	0.432411	0.003063
84	A	34354	1003546	955294	0.035962	189118	597	1003546	443	1121769	1097806	0.000404	24702	249	1121214	0	0	0	nan	0	0	0	0.035558	0.000195	0.035558	0.000195	0.660070	0.003620
85	A	43887	1003546	961349	0.045651	189003	597	1003546	594	1121698	1093663	0.000543	24693	246	1121139	0	0	0	nan	0	0	0	0.045108	0.000219	0.045108	0.000219	0.837348	0.004065
86	U	8439	1003546	968964	0.008709	188843	597	1003546	3458	1121539	1095172	0.003157	24685	244	1120976	0	0	0	nan	0	0	0	0.005552	0.000109	0.005552	0.000109	0.103063	0.002023
87	C	31454	1003546	972908	0.032330	188721	596	1003546	788	1121439	1091818	0.000722	24684	244	1120871	0	0	0	nan	0	0	0	0.031608	0.000184	0.031608	0.000184	0.586745	0.003416
88	C	30758	1003546	975720	0.031523	188561	596	1003546	808	1121266	1089366	0.000742	24671	243	1120688	0	0	0	nan	0	0	0	0.030782	0.000182	0.030782	0.000182	0.571412	0.003379
89	G	10103	1003546	972689	0.010387	188414	596	1003546	4838	1121120	1085400	0.004457	24667	241	1120535	0	0	0	nan	0	0	0	0.005929	0.000122	0.005929	0.000122	0.110061	0.002265
90	G	4760	1003546	970218	0.004906	188220	596	1003546	1617	1120937	1084660	0.001491	24662	240	1120348	0	0	0	nan	0	0	0	0.003415	0.000080	0.003415	0.000080	0.063393	0.001485
91	U	12083	1003546	962222	0.012557	188001	596	1003546	1027	1120762	1087257	0.000945	24647	237	1120167	0	0	0	nan	0	0	0	0.011613	0.000118	0.011613	0.000118	0.215574	0.002190
92	A	42619	1003546	963889	0.044216	187868	595	1003546	624	1120664	1083004	0.000576	24641	232	1120065	0	0	0	nan	0	0	0	0.043639	0.000215	0.043639	0.000215	0.810079	0.003991
93	C	31251	1003546	973795	0.032092	187737	595	1003546	705	1120552	1079604	0.000653	24630	218	1119949	0	0	0	nan	0	0	0	0.031439	0.000183	0.031439	0.000183	0.583608	0.003397
94	U	6406	1003546	975801	0.006565	187625	595	1003546	554	1120456	1084733	0.000511	24636	218	1119850	0	0	0	nan	0	0	0	0.006054	0.000085	0.006054	0.000085	0.112382	0.001578
95	G	5576	1003546	978692	0.005697	187556	595	1003546	1039	1120383	1095581	0.000948	24614	215	1119776	0	0	0	nan	0	0	0	0.004749	0.000082	0.004749	0.000082	0.088157	0.001522
96	U	9789	1003546	979696	0.009992	187463	595	1003546	1001	1120300	1099165	0.000911	24596	215	1119690	0	0	0	nan	0	0	0	0.009081	0.000105	0.009081	0.000105	0.168572	0.001949
97	U	7782	1003546	978526	0.007953	187383	595	1003546	609	1120237	1097549	0.000555	24596	211	1119619	0	0	0	nan	0	0	0	0.007398	0.000093	0.007398	0.000093	0.137330	0.001726
98	G	9930	1003546	973611	0.010199	187396	595	1003546	3878	1120200	1093522	0.003546	24587	210	1119573	0	0	0	nan	0	0	0	0.006653	0.000117	0.006653	0.000117	0.123501	0.002172
99	G	5139	1003546	972775	0.005283	187346	595	1003546	1153	1120145	1095011	0.001053	24575	203	1119510	0	0	0	nan	0	0	0	0.004230	0.000080	0.004230	0.000080	0.078522	0.001485
100	U	8382	1003546	952660	0.008799	187262	595	1003546	819	1120106	1095891	0.000747	24565	198	1119469	0	0	0	nan	0	0	0	0.008051	0.000100	0.008051	0.000100	0.149452	0.001856
101	A	30760	1003546	918982	0.033472	187148	595	1003546	987	1120035	1073135	0.000920	24557	197	1119396	0	0	0	nan	0	0	0	0.032552	0.000193	0.032552	0.000193	0.604269	0.003583
102	A	59766	1003546	940721	0.063532	187001	595	1003546	589	1119957	1075864	0.000547	24554	196	1119317	0	0	0	nan	0	0	0	0.062985	0.000261	0.062985	0.000261	1.169203	0.004845
103	A	49045	1003546	939218	0.052219	186835	592	1003546	645	1119784	1072015	0.000602	24550	196	1119143	0	0	0	nan	0	0	0	0.051617	0.000237	0.051617	0.000237	0.958176	0.004399
104	G	7072	1003546	948837	0.007453	186712	592	1003546	3775	1119676	1089612	0.003465	24547	196	1119035	0	0	0	nan	0	0	0	0.003989	0.000105	0.003989	0.000105	0.074049	0.001949
105	C	13969	1003546	941989	0.014829	186565	592	1003546	2682	1119507	1089323	0.002462	24534	192	1118862	0	0	0	nan	0	0	0	0.012367	0.000134	0.012367	0.000134	0.229571	0.002487
106	C	12748	1003546	944419	0.013498	186497	592	1003546	607	1119348	1091504	0.000556	24523	186	1118701	0	0	0	nan	0	0	0	0.012942	0.000122	0.012942	0.000122	0.240245	0.002265
107	A	50029	1003546	957562	0.052246	186322	592	1003546	793	1119199	1091649	0.000726	24453	181	1118551	0	0	0	nan	0	0	0	0.051520	0.000235	0.051520	0.000235	0.956376	0.004362
108	C	32588	1003546	962441	0.033860	186217	591	1003546	705	1119010	1088191	0.000648	24446	180	1118361	0	0	0	nan	0	0	0	0.033212	0.000189	0.033212	0.000189	0.616521	0.003508
109	C	29143	1003546	965855	0.030173	185957	591	1003546	644	1118770	1085318	0.000593	24441	179	1118116	0	0	0	nan	0	0	0	0.029580	0.000178	0.029580	0.000178	0.549099	0.003304
110	A	44294	1003546	970739	0.045629	185816	591	1003546	540	1118648	1084610	0.000498	24424	177	1117989	0	0	0	nan	0	0	0	0.045131	0.000218	0.045131	0.000218	0.837775	0.004047
111	U	9980	1003546	975724	0.010228	185690	591	1003546	700	1118537	1089669	0.000642	24422	177	1117875	0	0	0	nan	0	0	0	0.009586	0.000105	0.009586	0.000105	0.177947	0.001949
112	G	5303	1003546	975561	0.005436	185559	591	1003546	2317	1118454	1090062	0.002126	24411	175	1117790	0	0	0	nan	0	0	0	0.003310	0.000087	0.003310	0.000087	0.061444	0.001615
113	G	4592	1003546	974249	0.004713	185427	590	1003546	2375	1118354	1090307	0.002178	24396	174	1117687	0	0	0	nan	0	0	0	0.002535	0.000083	0.002535	0.000083	0.047058	0.001541
114	U	4824	1003546	975815	0.004944	184416	578	1003546	2195	1117576	1091514	0.002011	20308	109	1116916	0	0	0	nan	0	0	0	0.002933	0.000083	0.002933	0.000083	0.054446	0.001541
115	C	9476	1003546	978676	0.009682	184296	578	1003546	9222	1117534	1098645	0.008394	20296	107	1116871	0	0	0	nan	0	0	0	0.001288	0.000132	0.001288	0.000132	0.023909	0.002450
116	U	3887	1003546	978386	0.003973	184204	578	1003546	1422	1117475	1102027	0.001290	20268	105	1116808	0	0	0	nan	0	0	0	0.002683	0.000072	0.002683	0.000072	0.049805	0.001337
117	U	4886	1003546	940398	0.005196	184097	578	1003546	2307	1117359	1103172	0.002091	20268	105	1116689	0	0	0	nan	0	0	0	0.003104	0.000086	0.003104	0.000086	0.057620	0.001596
118	C	12007	1003546	921500	0.013030	183930	578	1003546	684	1117237	1104050	0.000620	20266	104	1116565	0	0	0	nan	0	0	0	0.012410	0.000121	0.012410	0.000121	0.230369	0.002246
119	A	63274	1003546	920354	0.068750	183695	578	1003546	760	1117124	1101317	0.000690	20260	104	1116450	0	0	0	nan	0	0	0	0.068060	0.000274	0.068060	0.000274	1.263411	0.005086
120	C	93754	1003546	911106	0.102901	184054	580	1003546	642	1117003	1101380	0.000583	20257	104	1116329	0	0	0	nan	0	0	0	0.102318	0.000337	0.102318	0.000337	1.899349	0.006256
121	A	58731	1003546	916542	0.064079	183849	581	1003546	495	1116867	1098320	0.000451	20249	102	1116191	0	0	0	nan	0	0	0	0.063628	0.000265	0.063628	0.000265	1.181139	0.004919
122	C	77604	1003546	920119	0.084341	183652	581	1003546	486	1116742	1094528	0.000444	20249	102	1116065	0	0	0	nan	0	0	0	0.083897	0.000303	0.083897	0.000303	1.557396	0.005625
123	U	19247	1003546	943468	0.020400	183398	581	1003546	1124	1116555	1092540	0.001029	20248	102	1115876	0	0	0	nan	0	0	0	0.019371	0.000150	0.019371	0.000150	0.359588	0.002784
124	C	76821	1003546	961202	0.079922	183122	581	1003546	1153	1116238	1089640	0.001058	20226	96	1115555	0	0	0	nan	0	0	0	0.078864	0.000290	0.078864	0.000290	1.463967	0.005383
125	G	2957	1003546	954393	0.003098	182572	581	1003546	771	1115562	1083136	0.000712	20221	94	1114876	0	0	0	nan	0	0	0	0.002386	0.000062	0.002386	0.000062	0.044292	0.001151
126	A	20073	1003546	952846	0.021066	182261	581	1003546	633	1115361	1075409	0.000589	20218	94	1114674	0	0	0	nan	0	0	0	0.020478	0.000151	0.020478	0.000151	0.380137	0.002803
127	A	22386	1003546	961388	0.023285	182135	581	1003546	943	1115233	1073749	0.000878	20207	93	1114544	0	0	0	nan	0	0	0	0.022407	0.000158	0.022407	0.000158	0.415945	0.002933
128	G	3708	1003546	960896	0.003859	182016	581	1003546	696	1115109	1072255	0.000649	20207	71	1114420	0	0	0	nan	0	0	0	0.003210	0.000068	0.003210	0.000068	0.059588	0.001262
129	A	34797	1003546	965869	0.036027	181828	581	1003546	2884	1114957	1075114	0.002683	20203	70	1114267	0	0	0	nan	0	0	0	0.033344	0.000199	0.033344	0.000199	0.618971	0.003694
130	U	6793	1003546	966959	0.007025	181720	570	1003546	1175	1114853	1076298	0.001092	20181	64	1114162	0	0	0	nan	0	0	0	0.005933	0.000091	0.005933	0.000091	0.110135	0.001689
131	U	14855	1003546	973478	0.015260	181632	570	1003546	728	1114759	1086724	0.000670	20055	62	1114069	0	0	0	nan	0	0	0	0.014590	0.000128	0.014590	0.000128	0.270837	0.002376
132	U	17189	1003546	972512	0.017675	181525	570	1003546	1281	1114647	1089544	0.001176	20055	62	1113957	0	0	0	nan	0	0	0	0.016499	0.000139	0.016499	0.000139	0.306274	0.002580
133	C	48594	1003546	974748	0.049853	181397	547	1003546	725	1114563	1088803	0.000666	20054	58	1113868	0	0	0	nan	0	0	0	0.049187	0.000227	0.049187	0.000227	0.913068	0.004214
134	G	11373	1003546	978532	0.011623	181279	547	1003546	1042	1114486	1084091	0.000961	20050	57	1113790	0	0	0	nan	0	0	0	0.010661	0.000113	0.010661	0.000113	0.197902	0.002098
135	U	8924	1003546	977939	0.009125	181125	547	1003546	851	1114361	1084032	0.000785	19952	57	1113661	0	0	0	nan	0	0	0	0.008340	0.000100	0.008340	0.000100	0.154817	0.001856
136	U	8807	1003546	970252	0.009077	180931	547	1003546	464	1114182	1083517	0.000428	19951	57	1113479	0	0	0	nan	0	0	0	0.008649	0.000099	0.008649	0.000099	0.160553	0.001838
137	G	11106	1003546	969223	0.011459	180637	547	1003546	3596	1113883	1083938	0.003318	19945	55	1113178	0	0	0	nan	0	0	0	0.008141	0.000122	0.008141	0.000122	0.151123	0.002265
138	G	4887	1003546	970513	0.005035	180431	547	1003546	2172	1113595	1081818	0.002008	19943	49	1112889	0	0	0	nan	0	0	0	0.003028	0.000084	0.003028	0.000084	0.056209	0.001559
139	G	2950	1003546	974395	0.003028	180128	547	1003546	1564	1113058	1076931	0.001452	19943	49	1112349	0	0	0	nan	0	0	0	0.001575	0.000067	0.001575	0.000067	0.029237	0.001244
140	G	3298	1003546	962280	0.003427	179861	544	1003546	1094	1112709	1065359	0.001027	19941	37	1111999	0	0	0	nan	0	0	0	0.002400	0.000067	0.002400	0.000067	0.044552	0.001244
141	A	43687	1003546	963678	0.045334	179495	506	1003546	1139	1112329	1066636	0.001068	19932	35	1111619	0	0	0	nan	0	0	0	0.044266	0.000219	0.044266	0.000219	0.821718	0.004065
142	C	55212	1003546	964275	0.057258	179396	500	1003546	535	1112194	1067297	0.000501	19923	8	1111483	0	0	0	nan	0	0	0	0.056756	0.000245	0.056756	0.000245	1.053572	0.004548
143	U	8229	1003546	963916	0.008537	179259	495	1003546	748	1112005	1074967	0.000696	19921	8	1111292	0	0	0	nan	0	0	0	0.007841	0.000097	0.007841	0.000097	0.145554	0.001801
144	G	3474	1003546	959328	0.003621	178984	494	1003546	1606	1111689	1070595	0.001500	19919	8	1110976	0	0	0	nan	0	0	0	0.002121	0.000072	0.002121	0.000072	0.039373	0.001337
145	G	7125	1003546	957165	0.007444	178753	487	1003546	4865	1111480	1074338	0.004528	19913	8	1110766	0	0	0	nan	0	0	0	0.002915	0.000110	0.002915	0.000110	0.054112	0.002042
146	C	22005	1003546	948116	0.023209	178482	482	1003546	1332	1111277	1074265	0.001240	19911	8	1110563	0	0	0	nan	0	0	0	0.021969	0.000160	0.021969	0.000160	0.407815	0.002970
147	G	3599	1003546	941407	0.003823	178145	474	1003546	1017	1111014	1068173	0.000952	19911	8	1110298	0	0	0	nan	0	0	0	0.002871	0.000070	0.002871	0.000070	0.053295	0.001299
148	A	44185	1003546	937273	0.047142	177869	462	1003546	741	1110790	1067656	0.000694	19911	8	1110073	0	0	0	nan	0	0	0	0.046448	0.000226	0.046448	0.000226	0.862223	0.004195
149	C	45024	1003546	931347	0.048343	178472	440	1003546	620	1110710	1069095	0.000580	19909	8	1109992	0	0	0	nan	0	0	0	0.047763	0.000229	0.047763	0.000229	0.886634	0.004251
150	A	57386	1003546	942169	0.060908	178242	310	1003546	789	1110552	1081864	0.000729	19895	8	1109832	0	0	0	nan	0	0	0	0.060179	0.000256	0.060179	0.000256	1.117114	0.004752
151	G	4078	1003546	937334	0.004351	178099	269	1003546	885	1110401	1079171	0.000820	19893	8	1109682	0	0	0	nan	0	0	0	0.003531	0.000073	0.003531	0.000073	0.065547	0.001355
152	A	43265	1003546	937256	0.046161	177866	260	1003546	610	1110231	1079214	0.000565	19889	8	1109512	0	0	0	nan	0	0	0	0.045596	0.000223	0.045596	0.000223	0.846407	0.004140
153	C	49678	1003546	941537	0.052763	177804	163	1003546	628	1110089	1077173	0.000583	19888	7	1109369	0	0	0	nan	0	0	0	0.052180	0.000238	0.052180	0.000238	0.968627	0.004418
154	A	38866	1003546	948761	0.040965	177667	142	1003546	687	1109949	1075869	0.000639	19879	7	1109229	0	0	0	nan	0	0	0	0.040326	0.000209	0.040326	0.000209	0.748579	0.003880
155	G	5014	1003546	947403	0.005292	177583	102	1003546	3959	1109761	1074781	0.003684	19876	6	1109041	0	0	0	nan	0	0	0	0.001609	0.000095	0.001609	0.000095	0.029868	0.001764
156	C	20298	1003546	946870	0.021437	177377	96	1003546	1472	1109586	1073279	0.001371	19876	3	1108864	0	0	0	nan	0	0	0	0.020065	0.000155	0.020065	0.000155	0.372470	0.002877
157	C	17285	1003546	934361	0.018499	177365	96	1003546	1081	1109445	1072938	0.001008	19877	3	1108721	0	0	0	nan	0	0	0	0.017492	0.000144	0.017492	0.000144	0.324707	0.002673
158	G	4714	1003546	923991	0.005102	177114	95	1003546	2006	1109748	1066858	0.001880	19871	2	1109023	0	0	0	nan	0	0	0	0.003221	0.000085	0.003221	0.000085	0.059792	0.001578
159	G	8810	1003546	912846	0.009651	176853	95	1003546	7277	1109612	1069071	0.006807	19861	1	1108885	0	0	0	nan	0	0	0	0.002844	0.000130	0.002844	0.000130	0.052794	0.002413
160	C	113091	1003546	916475	0.123398	176657	92	1003546	2930	1109541	1074379	0.002727	19862	1	1108814	0	0	0	nan	0	0	0	0.120671	0.000370	0.120671	0.000370	2.240039	0.006868
161	U	9537	1003546	913326	0.010442	176654	91	1003546	720	1109467	1075087	0.000670	19858	1	1108739	0	0	0	nan	0	0	0	0.009772	0.000110	0.009772	0.000110	0.181399	0.002042
162	A	27916	1003546	922605	0.030258	176666	91	1003546	636	1109326	1080578	0.000589	19857	0	1108598	0	0	0	nan	0	0	0	0.029669	0.000183	0.029669	0.000183	0.550751	0.003397
163	C	14973	1003546	925642	0.016176	176919	93	1003546	475	1109289	1079457	0.000440	19856	0	1108560	0	0	0	nan	0	0	0	0.015736	0.000134	0.015736	0.000134	0.292110	0.002487
164	A	17082	1003546	933629	0.018296	176926	93	1003546	473	1109253	1080762	0.000438	19854	0	1108524	0	0	0	nan	0	0	0	0.017859	0.000141	0.017859	0.000141	0.331520	0.002617
165	A	21518	1003546	945838	0.022750	176793	92	1003546	640	1109190	1078251	0.000594	19853	0	1108461	0	0	0	nan	0	0	0	0.022157	0.000157	0.022157	0.000157	0.411305	0.002914
166	C	33900	1003546	960662	0.035288	176623	69	1003546	765	1109165	1078874	0.000709	19852	0	1108436	0	0	0	nan	0	0	0	0.034579	0.000193	0.034579	0.000193	0.641897	0.003583
167	C	18773	1003546	957005	0.019616	176374	67	1003546	589	1109092	1082384	0.000544	19851	0	1108363	0	0	0	nan	0	0	0	0.019072	0.000145	0.019072	0.000145	0.354037	0.002692
168	U	2752	1003546	951221	0.002893	176130	67	1003546	1078	1109001	1078665	0.000999	19848	0	1108271	0	0	0	nan	0	0	0	0.001894	0.000063	0.001894	0.000063	0.035159	0.001169
169	G	2516	1003546	940366	0.002676	175895	65	1003546	1703	1108915	1068481	0.001594	19847	0	1108184	0	0	0	nan	0	0	0	0.001082	0.000066	0.001082	0.000066	0.020085	0.001225
170	G	2715	1003546	938386	0.002893	175659	65	1003546	1432	1108759	1064708	0.001345	19846	0	1108028	0	0	0	nan	0	0	0	0.001548	0.000066	0.001548	0.000066	0.028736	0.001225
171	A	9675	1003546	942208	0.010268	175492	63	1003546	656	1108680	1064897	0.000616	19845	0	1107948	0	0	0	nan	0	0	0	0.009652	0.000107	0.009652	0.000107	0.179172	0.001986
172	C	7858	1003546	951104	0.008262	175366	63	1003546	612	1108534	1068051	0.000573	19844	0	1107802	0	0	0	nan	0	0	0	0.007689	0.000096	0.007689	0.000096	0.142732	0.001782
173	C	17905	1003546	954090	0.018767	175198	63	1003546	554	1108431	1072101	0.000517	19839	0	1107696	0	0	0	nan	0	0	0	0.018250	0.000142	0.018250	0.000142	0.338778	0.002636
174	A	45770	1003546	948851	0.048237	174998	62	1003546	536	1108335	1068183	0.000502	19837	0	1107598	0	0	0	nan	0	0	0	0.047736	0.000227	0.047736	0.000227	0.886132	0.004214
175	A	64466	1003546	953504	0.067610	175090	61	1003546	601	1108241	1066204	0.000564	19835	0	1107501	0	0	0	nan	0	0	0	0.067046	0.000267	0.067046	0.000267	1.244588	0.004956
176	G	2560	1003546	941020	0.002720	174943	59	1003546	717	1108161	1067529	0.000672	19832	0	1107421	0	0	0	nan	0	0	0	0.002049	0.000059	0.002049	0.000059	0.038036	0.001095
177	U	9308	1003546	937846	0.009925	174767	59	1003546	6208	1108086	1067742	0.005814	19830	0	1107345	0	0	0	nan	0	0	0	0.004111	0.000127	0.004111	0.000127	0.076313	0.002358
178	C	6793	1003546	940014	0.007226	174647	58	1003546	680	1107998	1074323	0.000633	19830	0	1107256	0	0	0	nan	0	0	0	0.006594	0.000091	0.006594	0.000091	0.122406	0.001689
179	C	23847	1003546	951207	0.025070	174483	51	1003546	18531	1107980	1072944	0.017271	19831	0	1107237	0	0	0	nan	0	0	0	0.007799	0.000206	0.007799	0.000206	0.144774	0.003824
180	U	3391	1003546	952769	0.003559	174360	47	1003546	1261	1107952	1076518	0.001171	19830	0	1107207	0	0	0	nan	0	0	0	0.002388	0.000069	0.002388	0.000069	0.044329	0.001281
181	U	5584	1003546	946129	0.005902	174168	47	1003546	1162	1107943	1076137	0.001080	19830	0	1107198	0	0	0	nan	0	0	0	0.004822	0.000085	0.004822	0.000085	0.089512	0.001578
182	G	6601	1003546	914803	0.007216	173915	46	1003546	895	1107956	1073842	0.000833	19830	0	1107207	0	0	0	nan	0	0	0	0.006382	0.000093	0.006382	0.000093	0.118470	0.001726
183	A	64362	1003546	913408	0.070464	173782	46	1003546	612	1107896	1074840	0.000569	19827	0	1107146	0	0	0	nan	0	0	0	0.069894	0.000279	0.069894	0.000279	1.297456	0.005179
184	A	64131	1003546	920424	0.069675	173738	46	1003546	629	1107829	1075176	0.000585	19826	0	1107078	0	0	0	nan	0	0	0	0.069090	0.000276	0.069090	0.000276	1.282531	0.005123
185	C	106382	1003546	938100	0.113402	173596	46	1003546	503	1107729	1077174	0.000467	19824	0	1106978	0	0	0	nan	0	0	0	0.112935	0.000348	0.112935	0.000348	2.096434	0.006460
186	A	55831	1003546	956816	0.058351	173361	46	1003546	593	1107496	1077794	0.000550	19821	0	1106745	0	0	0	nan	0	0	0	0.057801	0.000248	0.057801	0.000248	1.072971	0.004604
187	G	4699	1003546	957206	0.004909	173225	44	1003546	2484	1107134	1071047	0.002319	19823	1	1106381	0	0	0	nan	0	0	0	0.002590	0.000085	0.002590	0.000085	0.048079	0.001578
188	G	4068	1003546	953145	0.004268	173015	43	1003546	2011	1106727	1067060	0.001885	19830	1	1105971	0	0	0	nan	0	0	0	0.002383	0.000079	0.002383	0.000079	0.044236	0.001466
189	G	3571	1003546	934657	0.003821	172547	43	1003546	1608	1106219	1049802	0.001532	19825	1	1105463	0	0	0	nan	0	0	0	0.002289	0.000074	0.002289	0.000074	0.042491	0.001374
190	A	29223	1003546	945848	0.030896	172060	43	1003546	627	1105740	1051741	0.000596	19824	1	1104982	0	0	0	nan	0	0	0	0.030300	0.000182	0.030300	0.000182	0.562465	0.003379
191	G	6911	1003546	946577	0.007301	171852	43	1003546	3924	1105557	1051419	0.003732	19826	1	1104797	0	0	0	nan	0	0	0	0.003569	0.000106	0.003569	0.000106	0.066252	0.001968
192	G	6128	1003546	925766	0.006619	171472	41	1003546	1962	1105200	1031032	0.001903	19833	1	1104435	0	0	0	nan	0	0	0	0.004716	0.000095	0.004716	0.000095	0.087544	0.001764
193	U	14250	1003546	931024	0.015306	171260	41	1003546	1962	1104919	1034126	0.001897	19831	1	1104152	0	0	0	nan	0	0	0	0.013408	0.000135	0.013408	0.000135	0.248895	0.002506
194	G	2276	1003546	922804	0.002466	171052	41	1003546	953	1104820	1034393	0.000921	19825	1	1104051	0	0	0	nan	0	0	0	0.001545	0.000060	0.001545	0.000060	0.028680	0.001114
195	U	27795	1003546	952186	0.029191	170881	41	1003546	2474	1104679	1060095	0.002334	18558	1	1103921	0	0	0	nan	0	0	0	0.026857	0.000181	0.026857	0.000181	0.498552	0.003360
196	G	2701	1003546	954865	0.002829	170821	41	1003546	813	1104500	1063881	0.000764	18577	1	1103741	0	0	0	nan	0	0	0	0.002064	0.000061	0.002064	0.000061	0.038314	0.001132
197	U	12117	1003546	961440	0.012603	170735	41	1003546	8878	1104418	1063724	0.008346	18582	1	1103659	0	0	0	nan	0	0	0	0.004257	0.000145	0.004257	0.000145	0.079024	0.002692
198	C	10348	1003546	961575	0.010762	170396	40	1003546	1738	1104337	1060518	0.001639	18524	1	1103578	0	0	0	nan	0	0	0	0.009123	0.000113	0.009123	0.000113	0.169352	0.002098
199	C	8957	1003546	962816	0.009303	177186	42	1003546	982	1104477	1059054	0.000927	24759	33	1103630	0	0	0	nan	0	0	0	0.008376	0.000103	0.008376	0.000103	0.155485	0.001912
200	A	11627	1003546	968759	0.012002	179036	42	1003546	953	1104514	1063231	0.000896	25022	33	1103657	0	0	0	nan	0	0	0	0.011106	0.000115	0.011106	0.000115	0.206163	0.002135
201	G	33174	1003546	940890	0.035258	179458	44	1003546	25642	1104555	1036623	0.024736	25110	34	1103696	0	0	0	nan	0	0	0	0.010522	0.000248	0.010522	0.000248	0.195322	0.004604
202	U	4272	1003546	938618	0.004551	181555	44	1003546	1560	1104642	1032391	0.001511	27443	51	1103760	0	0	0	nan	0	0	0	0.003040	0.000079	0.003040	0.000079	0.056432	0.001466
203	U	5450	1003546	938327	0.005808	181501	25	1003546	1149	1104742	1030770	0.001115	27448	51	1103860	0	0	0	nan	0	0	0	0.004694	0.000085	0.004694	0.000085	0.087136	0.001578
204	U	5168	1003546	968269	0.005337	181533	24	1003546	853	1104779	1058236	0.000806	27459	51	1103896	0	0	0	nan	0	0	0	0.004531	0.000079	0.004531	0.000079	0.084110	0.001466
205	G	7673	1003546	961723	0.007978	181487	24	1003546	3933	1104796	1068989	0.003679	27458	51	1103912	0	0	0	nan	0	0	0	0.004299	0.000108	0.004299	0.000108	0.079803	0.002005
206	U	7364	1003546	962542	0.007651	181362	24	1003546	1584	1104758	1072529	0.001477	27460	51	1103872	0	0	0	nan	0	0	0	0.006174	0.000097	0.006174	0.000097	0.114609	0.001801
207	U	9042	1003546	962576	0.009394	181274	24	1003546	721	1104740	1069471	0.000674	27462	51	1103853	0	0	0	nan	0	0	0	0.008719	0.000102	0.008719	0.000102	0.161852	0.001893
208	U	12079	1003546	967218	0.012488	181144	24	1003546	1130	1104557	1071871	0.001054	27462	51	1103668	0	0	0	nan	0	0	0	0.011434	0.000118	0.011434	0.000118	0.212252	0.002190
209	C	51004	1003546	908148	0.056163	180848	24	1003546	680	1104317	1068109	0.000637	27460	51	1103428	0	0	0	nan	0	0	0	0.055526	0.000250	0.055526	0.000250	1.030740	0.004641
210	A	64039	1003546	900533	0.071112	180595	24	1003546	954	1104079	1065692	0.000895	27463	51	1103190	0	0	0	nan	0	0	0	0.070217	0.000283	0.070217	0.000283	1.303452	0.005253
211	G	9763	1003546	894730	0.010912	180389	23	1003546	921	1103925	1056272	0.000872	27467	51	1103036	0	0	0	nan	0	0	0	0.010040	0.000114	0.010040	0.000114	0.186374	0.002116
212	A	63729	1003546	907512	0.070224	180030	23	1003546	456	1103391	1056344	0.000432	27464	51	1102501	0	0	0	nan	0	0	0	0.069792	0.000279	0.069792	0.000279	1.295562	0.005179
213	A	51897	1003546	915444	0.056691	179797	23	1003546	419	1102915	1051515	0.000398	27461	51	1102023	0	0	0	nan	0	0	0	0.056292	0.000250	0.056292	0.000250	1.044959	0.004641
214	U	14173	1003546	926088	0.015304	179520	23	1003546	2457	1102602	1056235	0.002326	27461	51	1101710	0	0	0	nan	0	0	0	0.012978	0.000137	0.012978	0.000137	0.240913	0.002543
215	C	75223	1003546	934352	0.080508	179302	23	1003546	687	1102546	1047744	0.000656	27462	51	1101652	0	0	0	nan	0	0	0	0.079853	0.000295	0.079853	0.000295	1.482326	0.005476
216	U	7867	1003546	950119	0.008280	179076	23	1003546	921	1102409	1050904	0.000876	27464	51	1101513	0	0	0	nan	0	0	0	0.007404	0.000098	0.007404	0.000098	0.137442	0.001819
217	C	18538	1003546	950429	0.019505	178934	23	1003546	1246	1102455	1048802	0.001188	27464	51	1101558	0	0	0	nan	0	0	0	0.018317	0.000147	0.018317	0.000147	0.340022	0.002729
218	G	10675	1003546	954931	0.011179	178626	22	1003546	4211	1102609	1055222	0.003991	27463	51	1101709	0	0	0	nan	0	0	0	0.007188	0.000124	0.007188	0.000124	0.133432	0.002302
219	G	5327	1003546	953771	0.005585	178383	22	1003546	2481	1102636	1054879	0.002352	27463	51	1101730	0	0	0	nan	0	0	0	0.003233	0.000090	0.003233	0.000090	0.060015	0.001671
220	G	3911	1003546	949424	0.004119	178143	22	1003546	2353	1102430	1050660	0.002240	27463	51	1101518	0	0	0	nan	0	0	0	0.001880	0.000080	0.001880	0.000080	0.034899	0.001485
221	G	3959	1003546	942074	0.004202	177850	22	1003546	1498	1102114	1044677	0.001434	27464	51	1101198	0	0	0	nan	0	0	0	0.002768	0.000076	0.002768	0.000076	0.051383	0.001411
222	U	6846	1003546	942851	0.007261	177609	22	1003546	1098	1101702	1041552	0.001054	27460	51	1100786	0	0	0	nan	0	0	0	0.006207	0.000093	0.006207	0.000093	0.115222	0.001726
223	G	4204	1003546	938732	0.004478	177500	22	1003546	937	1101526	1043188	0.000898	27458	51	1100609	0	0	0	nan	0	0	0	0.003580	0.000075	0.003580	0.000075	0.066456	0.001392
224	U	16645	1003546	942774	0.017655	177359	22	1003546	10684	1101334	1049050	0.010184	27457	51	1100415	0	0	0	nan	0	0	0	0.007471	0.000169	0.007471	0.000169	0.138686	0.003137
225	C	52162	1003546	937624	0.055632	177220	22	1003546	836	1101251	1055344	0.000792	27459	51	1100322	0	0	0	nan	0	0	0	0.054840	0.000245	0.054840	0.000245	1.018005	0.004548
226	C	68549	1003546	949880	0.072166	177119	22	1003546	1089	1101135	1059230	0.001028	27464	51	1100202	0	0	0	nan	0	0	0	0.071138	0.000277	0.071138	0.000277	1.320548	0.005142
227	G	5536	1003546	948195	0.005838	177053	22	1003546	1488	1101320	1060335	0.001403	27465	52	1100374	0	0	0	nan	0	0	0	0.004435	0.000086	0.004435	0.000086	0.082328	0.001596
228	U	12918	1003546	944422	0.013678	176852	22	1003546	938	1101179	1058272	0.000886	27466	52	1100224	0	0	0	nan	0	0	0	0.012792	0.000124	0.012792	0.000124	0.237460	0.002302
229	A	31629	1003546	935727	0.033802	176664	22	1003546	485	1101105	1047692	0.000463	27465	52	1100144	0	0	0	nan	0	0	0	0.033339	0.000191	0.033339	0.000191	0.618878	0.003546
230	A	40707	1003546	942650	0.043184	176536	23	1003546	408	1100906	1048604	0.000389	27467	52	1099945	0	0	0	nan	0	0	0	0.042794	0.000215	0.042794	0.000215	0.794393	0.003991
231	C	33598	1003546	942795	0.035637	176473	23	1003546	392	1100816	1047077	0.000374	27465	52	1099855	0	0	0	nan	0	0	0	0.035262	0.000195	0.035262	0.000195	0.654575	0.003620
232	U	7634	1003546	948425	0.008049	176290	22	1003546	3524	1100615	1057585	0.003332	27465	52	1099653	0	0	0	nan	0	0	0	0.004717	0.000108	0.004717	0.000108	0.087563	0.002005
233	C	14623	1003546	949089	0.015407	176007	22	1003546	1790	1100505	1063341	0.001683	27465	52	1099543	0	0	0	nan	0	0	0	0.013724	0.000133	0.013724	0.000133	0.254761	0.002469
234	C	20549	1003546	951960	0.021586	175734	22	1003546	1432	1100212	1064083	0.001346	27464	52	1099249	0	0	0	nan	0	0	0	0.020240	0.000155	0.020240	0.000155	0.375719	0.002877
235	G	3631	1003546	931671	0.003897	175389	22	1003546	1275	1099726	1048020	0.001217	27463	51	1098763	0	0	0	nan	0	0	0	0.002681	0.000073	0.002681	0.000073	0.049768	0.001355
236	A	36586	1003546	919776	0.039777	175005	22	1003546	542	1099442	1032922	0.000525	27463	51	1098477	0	0	0	nan	0	0	0	0.039252	0.000209	0.039252	0.000209	0.728642	0.003880
237	U	13038	1003546	915458	0.014242	174807	22	1003546	6603	1099258	1032346	0.006396	27467	54	1098291	0	0	0	nan	0	0	0	0.007846	0.000147	0.007846	0.000147	0.145647	0.002729
238	C	48600	1003546	919505	0.052855	174615	22	1003546	830	1099229	1041216	0.000797	27468	54	1098260	0	0	0	nan	0	0	0	0.052057	0.000241	0.052057	0.000241	0.966344	0.004474
239	C	56040	1003546	919249	0.060963	174397	22	1003546	1971	1099062	1051787	0.001874	27450	54	1098089	0	0	0	nan	0	0	0	0.059089	0.000261	0.059089	0.000261	1.096880	0.004845
240	A	52600	1003546	900761	0.058395	174149	22	1003546	920	1098561	1049521	0.000877	27451	54	1097582	0	0	0	nan	0	0	0	0.057518	0.000256	0.057518	0.000256	1.067718	0.004752
241	A	55639	1003546	931655	0.059721	173778	22	1003546	422	1097861	1039737	0.000406	27451	54	1096872	0	0	0	nan	0	0	0	0.059315	0.000254	0.059315	0.000254	1.101076	0.004715
242	A	34914	1003546	927911	0.037626	173455	22	1003546	666	1097428	1041822	0.000639	27451	54	1096432	0	0	0	nan	0	0	0	0.036987	0.000203	0.036987	0.000203	0.686597	0.003768
243	G	4705	1003546	927284	0.005074	173258	22	1003546	1423	1097138	1041087	0.001367	27450	54	1096140	0	0	0	nan	0	0	0	0.003707	0.000082	0.003707	0.000082	0.068814	0.001522
244	G	4340	1003546	921415	0.004710	172988	22	1003546	1060	1096369	1038149	0.001021	27450	54	1095372	0	0	0	nan	0	0	0	0.003689	0.000078	0.003689	0.000078	0.068480	0.001448
245	A	42858	1003546	927758	0.046195	172732	23	1003546	1088	1095895	1031028	0.001055	27453	54	1094897	0	0	0	nan	0	0	0	0.045140	0.000225	0.045140	0.000225	0.837942	0.004177
246	U	12852	1003546	938421	0.013695	172523	22	1003546	1101	1095499	1028675	0.001070	27457	54	1094496	0	0	0	nan	0	0	0	0.012625	0.000125	0.012625	0.000125	0.234360	0.002320
247	U	15045	1003546	945340	0.015915	172343	22	1003546	834	1095483	1032422	0.000808	27413	52	1094475	0	0	0	nan	0	0	0	0.015107	0.000133	0.015107	0.000133	0.280434	0.002469
248	G	4600	1003546	950024	0.004842	172164	22	1003546	905	1095227	1038057	0.000872	27418	52	1094216	0	0	0	nan	0	0	0	0.003970	0.000077	0.003970	0.000077	0.073696	0.001429
249	U	13502	1003546	945161	0.014285	171940	22	1003546	4914	1095035	1036091	0.004743	27419	52	1094021	0	0	0	nan	0	0	0	0.009543	0.000140	0.009543	0.000140	0.177149	0.002599
250	C	21418	1003546	944318	0.022681	171409	22	1003546	1467	1094550	1039950	0.001411	27419	50	1093539	0	0	0	nan	0	0	0	0.021270	0.000159	0.021270	0.000159	0.394839	0.002952
251	C	36222	1003546	943715	0.038382	170995	21	1003546	742	1094062	1038583	0.000714	27420	50	1093050	0	0	0	nan	0	0	0	0.037668	0.000203	0.037668	0.000203	0.699238	0.003768
252	U	10375	1003546	936773	0.011075	170558	21	1003546	1249	1093540	1039420	0.001202	27421	50	1092525	0	0	0	nan	0	0	0	0.009874	0.000114	0.009874	0.000114	0.183293	0.002116
253	G	4276	1003546	901210	0.004745	170190	21	1003546	1417	1092718	1022789	0.001385	27425	50	1091706	0	0	0	nan	0	0	0	0.003359	0.000081	0.003359	0.000081	0.062354	0.001504
254	A	62746	1003546	903391	0.069456	169860	21	1003546	630	1091914	1020466	0.000617	27424	49	1090900	0	0	0	nan	0	0	0	0.068839	0.000278	0.068839	0.000278	1.277871	0.005161
255	G	4987	1003546	901974	0.005529	169686	21	1003546	4021	1091856	1018938	0.003946	27424	49	1090837	0	0	0	nan	0	0	0	0.001583	0.000100	0.001583	0.000100	0.029386	0.001856
256	C	36753	1003546	929122	0.039557	169509	21	1003546	1618	1091552	1034033	0.001565	27423	48	1090529	0	0	0	nan	0	0	0	0.037992	0.000210	0.037992	0.000210	0.705253	0.003898
257	G	10956	1003546	932634	0.011747	169312	21	1003546	5234	1091857	1036332	0.005051	27423	48	1090833	0	0	0	nan	0	0	0	0.006697	0.000132	0.006697	0.000132	0.124318	0.002450
258	G	4789	1003546	921735	0.005196	169109	21	1003546	1255	1092014	1024232	0.001225	27418	48	1090990	0	0	0	nan	0	0	0	0.003970	0.000083	0.003970	0.000083	0.073696	0.001541
259	U	13965	1003546	924216	0.015110	168826	22	1003546	1042	1091672	1023932	0.001018	27420	48	1090649	0	0	0	nan	0	0	0	0.014092	0.000132	0.014092	0.000132	0.261592	0.002450
260	G	25776	1003546	896269	0.028759	168653	23	1003546	24916	1091693	1020606	0.024413	27406	48	1090669	0	0	0	nan	0	0	0	0.004346	0.000237	0.004346	0.000237	0.080676	0.004399
261	A	35795	1003546	881415	0.040611	168440	23	1003546	890	1091860	1031127	0.000863	27404	48	1090838	0	0	0	nan	0	0	0	0.039748	0.000217	0.039748	0.000217	0.737850	0.004028
262	A	36308	1003546	898521	0.040409	168176	23	1003546	526	1091992	1031502	0.000510	27406	48	1090970	0	0	0	nan	0	0	0	0.039899	0.000213	0.039899	0.000213	0.740653	0.003954
263	A	24499	1003546	905757	0.027048	168057	23	1003546	346	1092030	1035986	0.000334	27406	48	1091009	0	0	0	nan	0	0	0	0.026714	0.000174	0.026714	0.000174	0.495897	0.003230
264	A	54072	1003546	916269	0.059013	167983	35	1003546	450	1091997	1037936	0.000434	27406	47	1090977	0	0	0	nan	0	0	0	0.058580	0.000255	0.058580	0.000255	1.087432	0.004734
265	U	13397	1003546	921664	0.014536	167960	39	1003546	487	1091841	1027471	0.000474	27404	47	1090822	0	0	0	nan	0	0	0	0.014062	0.000127	0.014062	0.000127	0.261036	0.002358
266	G	6951	1003546	926880	0.007499	167903	43	1003546	2680	1091798	1026925	0.002610	27405	47	1090779	0	0	0	nan	0	0	0	0.004890	0.000103	0.004890	0.000103	0.090774	0.001912
267	G	4121	1003546	929510	0.004434	167770	44	1003546	2128	1091807	1028545	0.002069	27403	47	1090790	0	0	0	nan	0	0	0	0.002365	0.000082	0.002365	0.000082	0.043902	0.001522
268	G	5096	1003546	933152	0.005461	167627	44	1003546	3367	1091827	1043054	0.003228	27406	47	1090810	0	0	0	nan	0	0	0	0.002233	0.000095	0.002233	0.000095	0.041452	0.001764
269	C	63737	1003546	939170	0.067865	167411	44	1003546	2561	1091818	1044368	0.002452	27406	47	1090801	0	0	0	nan	0	0	0	0.065413	0.000273	0.065413	0.000273	1.214274	0.005068
270	U	8222	1003546	938562	0.008760	167254	49	1003546	960	1091736	1044312	0.000919	27409	47	1090719	0	0	0	nan	0	0	0	0.007841	0.000101	0.007841	0.000101	0.145554	0.001875
271	G	3660	1003546	927792	0.003945	167000	87	1003546	806	1091556	1047154	0.000770	27411	47	1090538	0	0	0	nan	0	0	0	0.003175	0.000071	0.003175	0.000071	0.058938	0.001318
272	A	40472	1003546	928091	0.043608	166765	89	1003546	585	1091261	1048740	0.000558	27412	47	1090242	0	0	0	nan	0	0	0	0.043050	0.000218	0.043050	0.000218	0.799145	0.004047
273	A	50749	1003546	937526	0.054131	166545	90	1003546	635	1090499	1048838	0.000605	27412	47	1089482	0	0	0	nan	0	0	0	0.053525	0.000241	0.053525	0.000241	0.993595	0.004474
274	G	3992	1003546	927853	0.004302	166390	92	1003546	739	1089766	1037974	0.000712	27412	47	1088749	0	0	0	nan	0	0	0	0.003590	0.000073	0.003590	0.000073	0.066642	0.001355
275	A	46493	1003546	918931	0.050595	166208	94	1003546	544	1089272	1032246	0.000527	27416	47	1088255	0	0	0	nan	0	0	0	0.050068	0.000236	0.050068	0.000236	0.929422	0.004381
276	U	9892	1003546	912953	0.010835	166071	99	1003546	1276	1089863	1029675	0.001239	27419	47	1088843	0	0	0	nan	0	0	0	0.009596	0.000114	0.009596	0.000114	0.178132	0.002116
277	C	61193	1003546	920901	0.066449	165927	99	1003546	773	1090125	1037419	0.000745	27420	47	1089105	0	0	0	nan	0	0	0	0.065704	0.000270	0.065704	0.000270	1.219676	0.005012
278	G	4580	1003546	924661	0.004953	165761	112	1003546	1411	1090627	1044168	0.001351	27422	47	1089608	0	0	0	nan	0	0	0	0.003602	0.000082	0.003602	0.000082	0.066865	0.001522
279	A	25608	1003546	920352	0.027824	165607	116	1003546	504	1091666	1045097	0.000482	27416	48	1090646	0	0	0	nan	0	0	0	0.027342	0.000175	0.027342	0.000175	0.507555	0.003249
280	C	23408	1003546	914299	0.025602	165401	131	1003546	577	1092613	1043503	0.000553	27397	48	1091590	0	0	0	nan	0	0	0	0.025049	0.000169	0.025049	0.000169	0.464989	0.003137
281	A	42913	1003546	910352	0.047139	89956	135	1003546	449	1091436	1035961	0.000433	11939	3	1091178	0	0	0	nan	0	0	0	0.046705	0.000228	0.046705	0.000228	0.866994	0.004232
282	U	13555	1003546	908350	0.014923	89745	137	1003546	5209	1091493	1036210	0.005027	11936	3	1091234	0	0	0	nan	0	0	0	0.009896	0.000146	0.009896	0.000146	0.183701	0.002710
283	C	75726	1003546	912581	0.082980	89501	145	1003546	804	1092052	1038637	0.000774	11935	4	1091793	0	0	0	nan	0	0	0	0.082206	0.000303	0.082206	0.000303	1.526006	0.005625
284	C	76892	1003546	925411	0.083090	89380	147	1003546	611	1092847	1045545	0.000584	11923	4	1092588	0	0	0	nan	0	0	0	0.082505	0.000301	0.082505	0.000301	1.531556	0.005588
285	A	62300	1003546	939304	0.066326	89296	156	1003546	519	1093579	1044739	0.000497	11922	6	1093315	0	0	0	nan	0	0	0	0.065829	0.000267	0.065829	0.000267	1.221996	0.004956
286	U	13248	1003546	945335	0.014014	89201	171	1003546	1251	1093976	1043610	0.001199	11922	6	1093713	0	0	0	nan	0	0	0	0.012815	0.000126	0.012815	0.000126	0.237887	0.002339
287	G	4073	1003546	940991	0.004328	89086	188	1003546	797	1094544	1044712	0.000763	11922	6	1094279	0	0	0	nan	0	0	0	0.003566	0.000073	0.003566	0.000073	0.066196	0.001355
288	U	9426	1003546	937940	0.010050	88974	189	1003546	3563	1094794	1049749	0.003394	11922	9	1094528	0	0	0	nan	0	0	0	0.006656	0.000118	0.006656	0.000118	0.123557	0.002190
289	C	17353	1003546	928752	0.018684	88878	190	1003546	604	1095055	1050360	0.000575	11924	10	1094791	0	0	0	nan	0	0	0	0.018109	0.000144	0.018109	0.000144	0.336161	0.002673
290	A	58497	1003546	948718	0.061659	88709	190	1003546	564	1095229	1051120	0.000537	11926	10	1094969	0	0	0	nan	0	0	0	0.061122	0.000256	0.061122	0.000256	1.134619	0.004752
291	U	7767	1003546	950665	0.008170	88600	194	1003546	1431	1095756	1050265	0.001363	11928	11	1095496	0	0	0	nan	0	0	0	0.006808	0.000099	0.006808	0.000099	0.126378	0.001838
292	C	20902	1003546	944105	0.022139	88436	197	1003546	655	1096285	1044518	0.000627	11927	12	1096025	0	0	0	nan	0	0	0	0.021512	0.000155	0.021512	0.000155	0.399331	0.002877
293	A	34136	1003546	938816	0.036361	88170	199	1003546	411	1096741	1035300	0.000397	11929	13	1096481	0	0	0	nan	0	0	0	0.035964	0.000198	0.035964	0.000198	0.667607	0.003676
294	U	9318	1003546	932388	0.009994	87858	199	1003546	2847	1097163	1029377	0.002766	11928	14	1096903	0	0	0	nan	0	0	0	0.007228	0.000116	0.007228	0.000116	0.134175	0.002153
295	C	26026	1003546	923203	0.028191	87205	200	1003546	2160	1095076	1009734	0.002139	11928	15	1094815	0	0	0	nan	0	0	0	0.026052	0.000181	0.026052	0.000181	0.483608	0.003360
296	C	22003	1003546	931746	0.023615	86177	200	1003546	825	1047935	983115	0.000839	11930	15	1047678	0	0	0	nan	0	0	0	0.022776	0.000162	0.022776	0.000162	0.422795	0.003007
297	C	31945	1003546	931694	0.034287	85017	201	1003546	1752	1048002	984302	0.001780	11930	16	1047744	0	0	0	nan	0	0	0	0.032507	0.000196	0.032507	0.000196	0.603434	0.003638
298	G	3914	1003546	922040	0.004245	83822	214	1003546	1128	1048884	996519	0.001132	11932	15	1048624	0	0	0	nan	0	0	0	0.003113	0.000076	0.003113	0.000076	0.057787	0.001411
299	U	10751	1003546	898860	0.011961	82466	214	1003546	810	1049547	996598	0.000813	11932	15	1049284	0	0	0	nan	0	0	0	0.011148	0.000119	0.011148	0.000119	0.206942	0.002209
300	A	69839	1003546	912186	0.076562	81159	214	1003546	387	1050064	995603	0.000389	11932	16	1049801	0	0	0	nan	0	0	0	0.076174	0.000290	0.076174	0.000290	1.414032	0.005383
301	U	13845	1003546	915301	0.015126	80096	224	1003546	580	1050452	997859	0.000581	11931	17	1050189	0	0	0	nan	0	0	0	0.014545	0.000131	0.014545	0.000131	0.270002	0.002432
302	G	8388	1003546	903489	0.009284	79186	226	1003546	582	1050704	992707	0.000586	11933	17	1050443	0	0	0	nan	0	0	0	0.008698	0.000104	0.008698	0.000104	0.161463	0.001931
303	A	71153	1003546	904607	0.078656	77376	226	1003546	579	1050977	988374	0.000586	11929	17	1050715	0	0	0	nan	0	0	0	0.078070	0.000296	0.078070	0.000296	1.449228	0.005495
304	A	51524	1003546	919363	0.056043	76112	229	1003546	437	1051415	996598	0.000438	11928	17	1051153	0	0	0	nan	0	0	0	0.055605	0.000248	0.055605	0.000248	1.032206	0.004604
305	G	5037	1003546	925716	0.005441	74811	241	1003546	1655	1051855	996775	0.001660	11928	19	1051592	0	0	0	nan	0	0	0	0.003781	0.000087	0.003781	0.000087	0.070187	0.001615
306	G	3313	1003546	910434	0.003639	73224	242	1003546	1196	1052152	984920	0.001214	11929	19	1051889	0	0	0	nan	0	0	0	0.002425	0.000072	0.002425	0.000072	0.045016	0.001337
307	U	6196	1003546	894565	0.006926	70232	243	1003546	2374	1052480	968939	0.002450	11919	19	1052217	0	0	0	nan	0	0	0	0.004476	0.000101	0.004476	0.000101	0.083089	0.001875
308	C	19209	1003546	887693	0.021639	68454	243	1003546	691	1052936	962001	0.000718	11926	20	1052672	0	0	0	nan	0	0	0	0.020921	0.000159	0.020921	0.000159	0.388361	0.002952
309	U	8458	1003546	894431	0.009456	67337	257	1003546	947	1053462	966767	0.000980	11745	22	1053202	0	0	0	nan	0	0	0	0.008477	0.000108	0.008477	0.000108	0.157360	0.002005
310	G	4213	1003546	851139	0.004950	66006	266	1003546	1179	1053763	933861	0.001263	11729	23	1053504	0	0	0	nan	0	0	0	0.003687	0.000085	0.003687	0.000085	0.068442	0.001578
311	A	62472	1003546	862489	0.072432	65211	266	1003546	522	1054194	934856	0.000558	11729	26	1053936	0	0	0	nan	0	0	0	0.071874	0.000291	0.071874	0.000291	1.334211	0.005402
312	G	5861	1003546	856980	0.006839	64823	300	1003546	4136	1055495	928952	0.004452	11731	27	1055235	0	0	0	nan	0	0	0	0.002387	0.000113	0.002387	0.000113	0.044310	0.002098
313	C	20432	1003546	889791	0.022963	64335	301	1003546	1631	1057009	958417	0.001702	11746	28	1056749	0	0	0	nan	0	0	0	0.021261	0.000166	0.021261	0.000166	0.394672	0.003081
314	G	9545	1003546	887579	0.010754	63894	310	1003546	3390	1058493	958207	0.003538	11746	29	1058234	0	0	0	nan	0	0	0	0.007216	0.000126	0.007216	0.000126	0.133952	0.002339
315	G	6660	1003546	888277	0.007498	63482	314	1003546	4894	1060175	970580	0.005042	11747	30	1059916	0	0	0	nan	0	0	0	0.002455	0.000117	0.002455	0.000117	0.045573	0.002172
316	C	20188	1003546	902607	0.022366	63122	314	1003546	1599	1061999	997710	0.001603	11753	30	1061741	0	0	0	nan	0	0	0	0.020764	0.000162	0.020764	0.000162	0.385446	0.003007
317	G	2925	1003546	907184	0.003224	62657	315	1003546	1022	1062768	1008646	0.001013	11753	30	1062510	0	0	0	nan	0	0	0	0.002211	0.000068	0.002211	0.000068	0.041043	0.001262
318	A	48692	1003546	901981	0.053983	62159	315	1003546	526	1063319	1004001	0.000524	11754	32	1063065	0	0	0	nan	0	0	0	0.053459	0.000246	0.053459	0.000246	0.992370	0.004567
319	C	34490	1003546	897171	0.038443	61585	317	1003546	518	1063790	997460	0.000519	11747	33	1063539	0	0	0	nan	0	0	0	0.037924	0.000208	0.037924	0.000208	0.703990	0.003861
320	C	51954	1003546	889733	0.058393	61014	317	1003546	5465	1064247	994765	0.005494	11746	34	1063997	0	0	0	nan	0	0	0	0.052899	0.000267	0.052899	0.000267	0.981974	0.004956
321	A	14109	1003546	870586	0.016206	60333	317	1003546	645	1064652	985629	0.000654	11746	35	1064402	0	0	0	nan	0	0	0	0.015552	0.000139	0.015552	0.000139	0.288695	0.002580
322	A	45730	1003546	891156	0.051315	59620	318	1003546	998	1065114	981430	0.001017	11742	36	1064865	0	0	0	nan	0	0	0	0.050298	0.000242	0.050298	0.000242	0.933691	0.004492
323	A	66459	1003546	908143	0.073181	59109	319	1003546	20113	1065493	978591	0.020553	11744	36	1065245	0	0	0	nan	0	0	0	0.052628	0.000319	0.052628	0.000319	0.976944	0.005922
324	U	13278	1003546	916796	0.014483	58488	320	1003546	443	1065891	990640	0.000447	11760	38	1065643	0	0	0	nan	0	0	0	0.014036	0.000127	0.014036	0.000127	0.260553	0.002358
325	G	6869	1003546	910394	0.007545	57951	320	1003546	2014	1066491	993943	0.002026	11765	38	1066244	0	0	0	nan	0	0	0	0.005519	0.000102	0.005519	0.000102	0.102450	0.001893
326	G	4706	1003546	912196	0.005159	57608	320	1003546	2271	1067211	1005754	0.002258	11763	39	1066964	0	0	0	nan	0	0	0	0.002901	0.000089	0.002901	0.000089	0.053852	0.001652
327	G	5776	1003546	898569	0.006428	57326	321	1003546	3136	1067941	1001915	0.003130	11771	39	1067694	0	0	0	nan	0	0	0	0.003298	0.000101	0.003298	0.000101	0.061221	0.001875
328	C	28200	1003546	907963	0.031059	56848	321	1003546	3191	1068500	1007459	0.003167	11782	41	1068254	0	0	0	nan	0	0	0	0.027891	0.000193	0.027891	0.000193	0.517746	0.003583
329	C	22899	1003546	913208	0.025075	56474	321	1003546	705	1069100	1010319	0.000698	12000	46	1068854	0	0	0	nan	0	0	0	0.024378	0.000168	0.024378	0.000168	0.452533	0.003119
330	A	38743	1003546	917017	0.042249	56098	321	1003546	498	1069587	1016314	0.000490	12001	46	1069342	0	0	0	nan	0	0	0	0.041759	0.000216	0.041759	0.000216	0.775180	0.004010
331	G	2819	1003546	908856	0.003102	55816	321	1003546	599	1069937	1006771	0.000595	12001	46	1069693	0	0	0	nan	0	0	0	0.002507	0.000063	0.002507	0.000063	0.046538	0.001169
332	A	33503	1003546	893468	0.037498	55515	321	1003546	379	1070160	993571	0.000381	12002	46	1069916	0	0	0	nan	0	0	0	0.037116	0.000206	0.037116	0.000206	0.688991	0.003824
333	U	5800	1003546	869261	0.006672	55305	326	1003546	717	1070643	983796	0.000729	12007	51	1070398	0	0	0	nan	0	0	0	0.005944	0.000092	0.005944	0.000092	0.110340	0.001708
334	C	31485	1003546	883487	0.035637	55144	326	1003546	5518	1071075	996691	0.005536	12005	56	1070830	0	0	0	nan	0	0	0	0.030101	0.000214	0.030101	0.000214	0.558771	0.003973
335	G	137404	1003546	892040	0.154033	54896	326	1003546	142770	1071661	1013729	0.140836	12003	61	1071416	0	0	0	nan	0	0	0	0.013197	0.000558	nan	nan	nan	nan
336	A	39785	1003546	844479	0.047112	54650	327	1003546	3199	1073742	1023222	0.003126	12327	76	1073496	0	0	0	nan	0	0	0	0.043985	0.000243	0.043985	0.000243	0.816502	0.004511
337	A	66175	1003546	904628	0.073152	47361	328	1003546	469	1075066	1024198	0.000458	10041	78	1074979	0	0	0	nan	0	0	0	0.072694	0.000285	0.072694	0.000285	1.349433	0.005291
338	A	15823	1003546	932580	0.016967	46970	328	1003546	361	1075881	1033086	0.000349	10041	79	1075794	0	0	0	nan	0	0	0	0.016617	0.000136	0.016617	0.000136	0.308465	0.002525
339	A	6457	1003546	927710	0.006960	46603	328	1003546	328	1076244	1031450	0.000318	10036	81	1076157	0	0	0	nan	0	0	0	0.006642	0.000088	0.006642	0.000088	0.123297	0.001634
340	A	19170	1003546	919245	0.020854	45442	328	1003546	250	1076465	1036201	0.000241	10026	84	1076378	0	0	0	nan	0	0	0	0.020613	0.000151	0.020613	0.000151	0.382643	0.002803
341	A	65994	1003546	910659	0.072468	44951	328	1003546	2919	1076743	1013718	0.002879	10005	84	1076660	0	0	0	nan	0	0	0	0.069589	0.000287	0.069589	0.000287	1.291794	0.005328
342	U	25696	1003546	887559	0.028951	44411	328	1003546	5260	1076967	1010019	0.005208	9992	89	1076889	0	0	0	nan	0	0	0	0.023743	0.000194	0.023743	0.000194	0.440746	0.003601
343	U	14458	1003546	884002	0.016355	43881	331	1003546	1448	1077184	1003615	0.001443	9966	90	1077108	0	0	0	nan	0	0	0	0.014912	0.000141	0.014912	0.000141	0.276814	0.002617
344	U	13855	1003546	898857	0.015414	43593	331	1003546	652	1077335	1024480	0.000636	9954	97	1077260	0	0	0	nan	0	0	0	0.014778	0.000133	0.014778	0.000133	0.274327	0.002469
345	U	13305	1003546	891834	0.014919	43227	331	1003546	528	1077646	1034458	0.000510	9943	101	1077571	0	0	0	nan	0	0	0	0.014408	0.000131	0.014408	0.000131	0.267458	0.002432
346	U	13282	1003546	892022	0.014890	43029	331	1003546	371	1077829	1035503	0.000358	9951	105	1077754	0	0	0	nan	0	0	0	0.014531	0.000131	0.014531	0.000131	0.269742	0.002432
347	A	69408	1003546	911802	0.076122	42698	331	1003546	840	1078233	1032791	0.000813	9949	106	1078159	0	0	0	nan	0	0	0	0.075308	0.000290	0.075308	0.000290	1.397957	0.005383
348	A	58669	1003546	942837	0.062226	42280	331	1003546	1084	1078552	1026637	0.001056	9940	107	1078481	0	0	0	nan	0	0	0	0.061170	0.000259	0.061170	0.000259	1.135510	0.004808
349	G	7574	1003546	949860	0.007974	41941	332	1003546	2807	1078775	1032103	0.002720	9939	107	1078706	0	0	0	nan	0	0	0	0.005254	0.000105	0.005254	0.000105	0.097531	0.001949
350	G	6306	1003546	942085	0.006694	41411	332	1003546	979	1078970	1018598	0.000961	9934	109	1078902	0	0	0	nan	0	0	0	0.005733	0.000090	0.005733	0.000090	0.106423	0.001671
351	U	18110	1003546	941424	0.019237	40430	332	1003546	735	1079153	1013118	0.000725	9920	110	1079087	0	0	0	nan	0	0	0	0.018511	0.000145	0.018511	0.000145	0.343623	0.002692
352	G	5537	1003546	937464	0.005906	40007	332	1003546	3659	1079434	1013561	0.003610	9917	110	1079370	0	0	0	nan	0	0	0	0.002296	0.000099	0.002296	0.000099	0.042621	0.001838
353	G	3644	1003546	946530	0.003850	39467	332	1003546	1209	1079885	1024053	0.001181	9917	112	1079821	0	0	0	nan	0	0	0	0.002669	0.000072	0.002669	0.000072	0.049545	0.001337
354	U	6057	1003546	958173	0.006321	39173	332	1003546	1410	1080396	1038418	0.001358	9921	114	1080332	0	0	0	nan	0	0	0	0.004964	0.000089	0.004964	0.000089	0.092148	0.001652
355	G	2463	1003546	953474	0.002583	38935	333	1003546	831	1080773	1034046	0.000804	9921	120	1080709	0	0	0	nan	0	0	0	0.001780	0.000059	0.001780	0.000059	0.033042	0.001095
356	U	8160	1003546	946217	0.008624	38504	333	1003546	1415	1081284	1033064	0.001370	9938	120	1081220	0	0	0	nan	0	0	0	0.007254	0.000102	0.007254	0.000102	0.134657	0.001893
357	A	32794	1003546	936279	0.035026	38258	333	1003546	461	1081721	1023243	0.000451	9936	124	1081657	0	0	0	nan	0	0	0	0.034575	0.000195	0.034575	0.000195	0.641822	0.003620
358	C	17775	1003546	939706	0.018915	38081	333	1003546	900	1082122	1022864	0.000880	9936	131	1082058	0	0	0	nan	0	0	0	0.018036	0.000145	0.018036	0.000145	0.334806	0.002692
359	C	22046	1003546	942745	0.023385	37802	333	1003546	1059	1082834	1027955	0.001030	9936	138	1082771	0	0	0	nan	0	0	0	0.022355	0.000161	0.022355	0.000161	0.414980	0.002989
360	C	47710	1003546	950382	0.050201	37650	333	1003546	1068	1083346	1034271	0.001033	9936	150	1083283	0	0	0	nan	0	0	0	0.049168	0.000232	0.049168	0.000232	0.912715	0.004307
361	U	6657	1003546	958400	0.006946	37562	333	1003546	1263	1083789	1041645	0.001213	9939	158	1083727	0	0	0	nan	0	0	0	0.005733	0.000092	0.005733	0.000092	0.106423	0.001708
362	G	5773	1003546	960123	0.006013	37476	333	1003546	1070	1084249	1039453	0.001029	9939	161	1084187	0	0	0	nan	0	0	0	0.004983	0.000085	0.004983	0.000085	0.092500	0.001578
363	U	5517	1003546	957879	0.005760	37296	333	1003546	1290	1084806	1044239	0.001235	9941	161	1084744	0	0	0	nan	0	0	0	0.004524	0.000085	0.004524	0.000085	0.083980	0.001578
364	G	3349	1003546	954491	0.003509	37147	333	1003546	1000	1085172	1043433	0.000958	9943	162	1085110	0	0	0	nan	0	0	0	0.002550	0.000068	0.002550	0.000068	0.047336	0.001262
365	G	3562	1003546	948296	0.003756	36858	333	1003546	1096	1085620	1039818	0.001054	9944	163	1085558	0	0	0	nan	0	0	0	0.002702	0.000071	0.002702	0.000071	0.050158	0.001318
366	A	22074	1003546	954332	0.023130	36550	333	1003546	542	1086127	1041864	0.000520	9947	163	1086065	0	0	0	nan	0	0	0	0.022610	0.000157	0.022610	0.000157	0.419714	0.002914
367	U	7305	1003546	959427	0.007614	36335	333	1003546	932	1086392	1041186	0.000895	9950	166	1086330	0	0	0	nan	0	0	0	0.006719	0.000094	0.006719	0.000094	0.124726	0.001745
368	G	2837	1003546	949150	0.002989	36183	333	1003546	851	1086725	1041120	0.000817	9950	166	1086663	0	0	0	nan	0	0	0	0.002172	0.000063	0.002172	0.000063	0.040319	0.001169
369	A	21178	1003546	937266	0.022596	35967	333	1003546	529	1086993	1031545	0.000513	9968	166	1086931	0	0	0	nan	0	0	0	0.022083	0.000157	0.022083	0.000157	0.409931	0.002914
370	U	4732	1003546	932946	0.005072	35853	333	1003546	1148	1087324	1024339	0.001121	9968	168	1087262	0	0	0	nan	0	0	0	0.003951	0.000081	0.003951	0.000081	0.073343	0.001504
371	C	30559	1003546	941149	0.032470	35774	333	1003546	687	1087984	1031711	0.000666	9969	170	1087922	0	0	0	nan	0	0	0	0.031804	0.000187	0.031804	0.000187	0.590384	0.003471
372	A	4767	1003546	940187	0.005070	35683	334	1003546	449	1088588	1026293	0.000437	9984	175	1088525	0	0	0	nan	0	0	0	0.004633	0.000076	0.004633	0.000076	0.086003	0.001411
373	U	3581	1003546	937315	0.003820	35574	334	1003546	1293	1089282	1035998	0.001248	9984	178	1089219	0	0	0	nan	0	0	0	0.002572	0.000073	0.002572	0.000073	0.047745	0.001355
374	C	12181	1003546	925085	0.013167	35491	334	1003546	691	1090029	1040118	0.000664	9984	180	1089965	0	0	0	nan	0	0	0	0.012503	0.000122	0.012503	0.000122	0.232096	0.002265
375	A	55854	1003546	936818	0.059621	35374	334	1003546	454	1090514	1057070	0.000429	9986	183	1090450	0	0	0	nan	0	0	0	0.059191	0.000253	0.059191	0.000253	1.098774	0.004696
376	C	93242	1003546	913534	0.102067	35301	334	1003546	27055	1090834	1049423	0.025781	9989	184	1090769	0	0	0	nan	0	0	0	0.076287	0.000369	0.076287	0.000369	1.416130	0.006850
377	U	18143	1003546	906667	0.020011	35260	334	1003546	2598	1091197	1042145	0.002493	10000	195	1091131	0	0	0	nan	0	0	0	0.017518	0.000156	0.017518	0.000156	0.325190	0.002896
378	U	16599	1003546	912477	0.018191	35156	334	1003546	684	1091656	1043370	0.000656	10017	195	1091586	0	0	0	nan	0	0	0	0.017536	0.000143	0.017536	0.000143	0.325524	0.002655
379	U	15144	1003546	907953	0.016679	35015	334	1003546	376	1091895	1049016	0.000358	10026	199	1091825	0	0	0	nan	0	0	0	0.016321	0.000137	0.016321	0.000137	0.302970	0.002543
380	A	72123	1003546	927951	0.077723	34259	334	1003546	1319	1092068	1053794	0.001252	10031	200	1091997	0	0	0	nan	0	0	0	0.076471	0.000291	0.076471	0.000291	1.419546	0.005402
381	A	46467	1003546	954968	0.048658	34139	334	1003546	647	1092484	1056738	0.000612	10167	212	1092387	0	0	0	nan	0	0	0	0.048046	0.000227	0.048046	0.000227	0.891887	0.004214
382	G	7502	1003546	950583	0.007892	34043	334	1003546	3475	1092687	1037635	0.003349	10167	217	1092591	0	0	0	nan	0	0	0	0.004543	0.000107	0.004543	0.000107	0.084333	0.001986
383	G	5128	1003546	948136	0.005409	33875	334	1003546	1540	1092800	1032398	0.001492	10172	223	1092704	0	0	0	nan	0	0	0	0.003917	0.000085	0.003917	0.000085	0.072712	0.001578
384	U	3156	1003546	946330	0.003335	33744	334	1003546	807	1092939	1032068	0.000782	10187	225	1092844	0	0	0	nan	0	0	0	0.002553	0.000065	0.002553	0.000065	0.047392	0.001207
385	G	1810	1003546	931246	0.001944	33545	334	1003546	808	1093199	1018360	0.000793	10184	226	1093104	0	0	0	nan	0	0	0	0.001150	0.000054	0.001150	0.000054	0.021348	0.001002
386	A	13565	1003546	947504	0.014317	33438	334	1003546	388	1093373	1040117	0.000373	10198	228	1093278	0	0	0	nan	0	0	0	0.013944	0.000124	0.013944	0.000124	0.258845	0.002302
387	U	4995	1003546	944676	0.005288	33362	335	1003546	2136	1093707	1035422	0.002063	10201	229	1093612	0	0	0	nan	0	0	0	0.003225	0.000087	0.003225	0.000087	0.059866	0.001615
388	C	20395	1003546	947553	0.021524	33244	335	1003546	1493	1093921	1046847	0.001426	10206	250	1093826	0	0	0	nan	0	0	0	0.020098	0.000155	0.020098	0.000155	0.373083	0.002877
389	C	66879	1003546	941940	0.071001	33126	335	1003546	935	1094227	1055232	0.000886	10206	267	1094132	0	0	0	nan	0	0	0	0.070115	0.000276	0.070115	0.000276	1.301558	0.005123
390	U	6745	1003546	941438	0.007165	33071	334	1003546	856	1094446	1056385	0.000810	10203	269	1094351	0	0	0	nan	0	0	0	0.006354	0.000092	0.006354	0.000092	0.117951	0.001708
391	G	4847	1003546	930281	0.005210	33011	334	1003546	2944	1094798	1057137	0.002785	10203	274	1094703	0	0	0	nan	0	0	0	0.002425	0.000091	0.002425	0.000091	0.045016	0.001689
392	C	29221	1003546	925822	0.031562	32965	334	1003546	1141	1095061	1058406	0.001078	10205	278	1094966	0	0	0	nan	0	0	0	0.030484	0.000187	0.030484	0.000187	0.565880	0.003471
393	A	45691	1003546	923450	0.049479	32890	334	1003546	702	1095442	1061853	0.000661	10214	286	1095347	0	0	0	nan	0	0	0	0.048817	0.000233	0.048817	0.000233	0.906199	0.004325
394	C	52086	1003546	928057	0.056124	32834	334	1003546	614	1095846	1063439	0.000577	10212	300	1095751	0	0	0	nan	0	0	0	0.055546	0.000247	0.055546	0.000247	1.031111	0.004585
395	U	14670	1003546	921427	0.015921	32812	334	1003546	489	1096083	1068922	0.000457	10228	300	1095988	0	0	0	nan	0	0	0	0.015463	0.000133	0.015463	0.000133	0.287043	0.002469
396	A	57766	1003546	950906	0.060748	32665	334	1003546	566	1096274	1073583	0.000527	10228	303	1096182	0	0	0	nan	0	0	0	0.060221	0.000254	0.060221	0.000254	1.117894	0.004715
397	U	12885	1003546	953957	0.013507	32649	335	1003546	798	1096403	1076400	0.000741	10233	305	1096311	0	0	0	nan	0	0	0	0.012766	0.000122	0.012766	0.000122	0.236978	0.002265
398	G	4220	1003546	954470	0.004421	32574	335	1003546	1414	1096501	1074856	0.001316	10237	320	1096410	0	0	0	nan	0	0	0	0.003106	0.000077	0.003106	0.000077	0.057657	0.001429
399	G	6975	1003546	938887	0.007429	32479	335	1003546	4501	1096617	1071295	0.004201	10233	320	1096530	0	0	0	nan	0	0	0	0.003228	0.000109	0.003228	0.000109	0.059922	0.002023
400	C	17731	1003546	915594	0.019366	32443	335	1003546	1338	1096723	1073863	0.001246	10240	323	1096636	0	0	0	nan	0	0	0	0.018120	0.000149	0.018120	0.000149	0.336365	0.002766
401	A	39668	1003546	939057	0.042242	32352	335	1003546	819	1096829	1070744	0.000765	10235	323	1096742	0	0	0	nan	0	0	0	0.041477	0.000214	0.041477	0.000214	0.769945	0.003973
402	C	62942	1003546	945031	0.066603	32285	337	1003546	536	1096922	1072658	0.000500	10235	327	1096835	0	0	0	nan	0	0	0	0.066103	0.000266	0.066103	0.000266	1.227083	0.004938
403	A	39714	1003546	948499	0.041870	32129	337	1003546	448	1097052	1067583	0.000420	10165	328	1096965	0	0	0	nan	0	0	0	0.041451	0.000211	0.041451	0.000211	0.769463	0.003917
404	C	52494	1003546	952125	0.055134	32084	337	1003546	1077	1097151	1071771	0.001005	10165	331	1097064	0	0	0	nan	0	0	0	0.054129	0.000243	0.054129	0.000243	1.004807	0.004511
405	U	11759	1003546	956264	0.012297	32060	337	1003546	839	1097300	1066180	0.000787	10166	331	1097213	0	0	0	nan	0	0	0	0.011510	0.000117	0.011510	0.000117	0.213662	0.002172
406	G	7191	1003546	959762	0.007492	31974	338	1003546	2524	1097406	1073549	0.002351	10133	332	1097321	0	0	0	nan	0	0	0	0.005141	0.000100	0.005141	0.000100	0.095433	0.001856
407	G	4460	1003546	952969	0.004680	31836	338	1003546	1142	1097585	1061921	0.001075	10119	334	1097500	0	0	0	nan	0	0	0	0.003605	0.000077	0.003605	0.000077	0.066920	0.001429
408	U	12081	1003546	947076	0.012756	31784	338	1003546	945	1097696	1063570	0.000889	10119	334	1097614	0	0	0	nan	0	0	0	0.011868	0.000120	0.011868	0.000120	0.220308	0.002228
409	A	60355	1003546	946267	0.063782	31658	338	1003546	659	1097988	1058073	0.000623	10117	334	1097909	0	0	0	nan	0	0	0	0.063159	0.000261	0.063159	0.000261	1.172433	0.004845
410	A	47355	1003546	954185	0.049629	31472	338	1003546	485	1098082	1054701	0.000460	10107	335	1098034	0	0	0	nan	0	0	0	0.049169	0.000229	0.049169	0.000229	0.912734	0.004251
411	U	9154	1003546	955823	0.009577	31424	338	1003546	1047	1098187	1058910	0.000989	10107	335	1098140	0	0	0	nan	0	0	0	0.008588	0.000105	0.008588	0.000105	0.159421	0.001949
412	C	31453	1003546	954132	0.032965	31395	338	1003546	556	1098397	1062894	0.000523	10107	336	1098354	0	0	0	nan	0	0	0	0.032442	0.000187	0.032442	0.000187	0.602227	0.003471
413	G	3308	1003546	962094	0.003438	31366	338	1003546	862	1098604	1081415	0.000797	10114	337	1098563	0	0	0	nan	0	0	0	0.002641	0.000066	0.002641	0.000066	0.049025	0.001225
414	A	38677	1003546	971482	0.039812	31198	338	1003546	411	1098740	1076591	0.000382	10032	340	1098702	0	0	0	nan	0	0	0	0.039431	0.000203	0.039431	0.000203	0.731965	0.003768
415	C	23601	1003546	973979	0.024232	31148	338	1003546	548	1098896	1074325	0.000510	10033	340	1098862	0	0	0	nan	0	0	0	0.023721	0.000159	0.023721	0.000159	0.440337	0.002952
416	G	8168	1003546	978592	0.008347	31086	338	1003546	2524	1099176	1070242	0.002358	10022	340	1099144	0	0	0	nan	0	0	0	0.005988	0.000104	0.005988	0.000104	0.111156	0.001931
417	G	3956	1003546	978970	0.004041	30953	338	1003546	2016	1099390	1069527	0.001885	10021	340	1099359	0	0	0	nan	0	0	0	0.002156	0.000077	0.002156	0.000077	0.040022	0.001429
418	G	2343	1003546	980149	0.002390	30880	338	1003546	1562	1099544	1070122	0.001460	10019	340	1099513	0	0	0	nan	0	0	0	0.000931	0.000062	0.000931	0.000062	0.017282	0.001151
419	G	6118	1003546	976449	0.006266	30753	338	1003546	2668	1099619	1067130	0.002500	10017	340	1099589	0	0	0	nan	0	0	0	0.003765	0.000094	0.003765	0.000094	0.069890	0.001745
420	U	9139	1003546	971670	0.009405	30702	338	1003546	1008	1099787	1060426	0.000951	10017	340	1099760	0	0	0	nan	0	0	0	0.008455	0.000103	0.008455	0.000103	0.156952	0.001912
421	U	11879	1003546	970398	0.012241	30381	338	1003546	408	1099984	1064235	0.000383	10013	340	1099957	0	0	0	nan	0	0	0	0.011858	0.000114	0.011858	0.000114	0.220122	0.002116
422	A	41982	1003546	971646	0.043207	30291	338	1003546	441	1100539	1065651	0.000414	10013	340	1100515	0	0	0	nan	0	0	0	0.042793	0.000212	0.042793	0.000212	0.794375	0.003935
423	C	25368	1003546	976740	0.025972	30215	338	1003546	559	1100911	1076190	0.000519	10013	340	1100887	0	0	0	nan	0	0	0	0.025453	0.000165	0.025453	0.000165	0.472489	0.003063
424	G	5736	1003546	970288	0.005912	30057	338	1003546	3973	1101241	1066585	0.003725	10040	340	1101218	0	0	0	nan	0	0	0	0.002187	0.000098	0.002187	0.000098	0.040598	0.001819
425	C	19845	1003546	964864	0.020568	29877	338	1003546	2084	1101416	1060640	0.001965	10039	340	1101393	0	0	0	nan	0	0	0	0.018603	0.000152	0.018603	0.000152	0.345331	0.002822
426	C	13602	1003546	965769	0.014084	29587	338	1003546	1185	1101707	1060236	0.001118	10039	340	1101684	0	0	0	nan	0	0	0	0.012966	0.000125	0.012966	0.000125	0.240690	0.002320
427	G	1875	1003546	963746	0.001946	29559	338	1003546	892	1101985	1067030	0.000836	10039	339	1101962	0	0	0	nan	0	0	0	0.001110	0.000053	0.001110	0.000053	0.020605	0.000984
428	A	21181	1003546	966689	0.021911	29520	338	1003546	345	1102348	1079809	0.000320	10039	339	1102327	0	0	0	nan	0	0	0	0.021591	0.000152	0.021591	0.000152	0.400798	0.002822
429	A	54092	1003546	969755	0.055779	29287	338	1003546	474	1102928	1081744	0.000438	10037	340	1102909	0	0	0	nan	0	0	0	0.055341	0.000241	0.055341	0.000241	1.027306	0.004474
430	C	83089	1003546	980177	0.084769	28772	338	1003546	664	1103373	1083657	0.000613	10036	340	1103354	0	0	0	nan	0	0	0	0.084157	0.000295	0.084157	0.000295	1.562222	0.005476
431	A	53326	1003546	988527	0.053945	28628	338	1003546	1231	1103373	1077684	0.001142	10036	340	1103354	0	0	0	nan	0	0	0	0.052803	0.000236	0.052803	0.000236	0.980192	0.004381
432	U	0	1003546	991236	0.000000	28522	338	1003546	0	1103372	1079469	0.000000	10036	340	1103354	0	0	0	nan	0	0	0	0.000000	0.000000	0.000000	0.000000	0.000000	0.000000
433	g	0	1003546	0	nan	28192	338	1003546	0	1103372	0	nan	10036	340	1103354	0	0	0	nan	0	0	0	nan	nan	nan	nan	nan	nan
434	a	0	1003546	0	nan	28134	338	1003546	0	1103370	0	nan	10036	340	1103354	0	0	0	nan	0	0	0	nan	nan	nan	nan	nan	nan
435	u	0	1003546	0	nan	27949	338	1003546	0	1103370	0	nan	10035	340	1103354	0	0	0	nan	0	0	0	nan	nan	nan	nan	nan	nan
436	c	0	1003546	0	nan	27714	338	1003546	0	1103368	0	nan	10032	340	1103354	0	0	0	nan	0	0	0	nan	nan	nan	nan	nan	nan
437	g	0	1003546	0	nan	27194	338	1003546	0	1103367	0	nan	10029	340	1103354	0	0	0	nan	0	0	0	nan	nan	nan	nan	nan	nan
438	a	0	1003546	0	nan	27061	337	1003546	0	1103363	0	nan	10029	340	1103354	0	0	0	nan	0	0	0	nan	nan	nan	nan	nan	nan
439	c	0	1003546	0	nan	26284	337	1003546	0	1103361	0	nan	10026	340	1103354	0	0	0	nan	0	0	0	nan	nan	nan	nan	nan	nan
440	u	0	1003546	0	nan	25856	337	1003546	0	1103361	0	nan	10026	340	1103354	0	0	0	nan	0	0	0	nan	nan	nan	nan	nan	nan
441	a	0	1003546	0	nan	25328	337	1003546	0	1103356	0	nan	10023	340	1103354	0	0	0	nan	0	0	0	nan	nan	nan	nan	nan	nan
442	u	0	1003546	0	nan	25192	337	1003546	0	1103354	0	nan	10022	340	1103354	0	0	0	nan	0	0	0	nan	nan	nan	nan	nan	nan
443	u	0	1003364	0	nan	25188	337	1003364	0	1103347	0	nan	10022	340	1103347	0	0	0	nan	0	0	0	nan	nan	nan	nan	nan	nan
444	u	0	1002943	0	nan	25187	337	1002943	0	1103330	0	nan	10022	340	1103330	0	0	0	nan	0	0	0	nan	nan	nan	nan	nan	nan
445	c	0	1002918	0	nan	25186	337	1002918	0	1103325	0	nan	10022	340	1103325	0	0	0	nan	0	0	0	nan	nan	nan	nan	nan	nan
446	g	0	1002902	0	nan	25184	337	1002902	0	1103319	0	nan	10021	340	1103319	0	0	0	nan	0	0	0	nan	nan	nan	nan	nan	nan
447	g	0	1001683	0	nan	25182	334	1001683	0	1103298	0	nan	10021	340	1103298	0	0	0	nan	0	0	0	nan	nan	nan	nan	nan	nan
448	a	0	1001627	0	nan	25180	334	1001627	0	1103268	0	nan	10021	340	1103268	0	0	0	nan	0	0	0	nan	nan	nan	nan	nan	nan
449	c	0	1001583	0	nan	25180	334	1001583	0	1103242	0	nan	10021	340	1103242	0	0	0	nan	0	0	0	nan	nan	nan	nan	nan	nan
450	g	0	1001480	0	nan	25176	334	1001480	0	1103185	0	nan	10021	340	1103185	0	0	0	nan	0	0	0	nan	nan	nan	nan	nan	nan
451	g	0	998704	0	nan	25125	332	998704	0	1101795	0	nan	9996	339	1101795	0	0	0	nan	0	0	0	nan	nan	nan	nan	nan	nan
452	c	0	994337	0	nan	25034	330	994337	0	1098960	0	nan	9965	338	1098960	0	0	0	nan	0	0	0	nan	nan	nan	nan	nan	nan