Nucleotide	Sequence	Modified_mutations	Modified_read_depth	Modified_effective_depth	Modified_rate	Modified_off_target_mapped_depth	Modified_low_mapq_mapped_depth	Modified_primer_pair_1_mapped_depth	Untreated_mutations	Untreated_read_depth	Untreated_effective_depth	Untreated_rate	Untreated_off_target_mapped_depth	Untreated_low_mapq_mapped_depth	Untreated_primer_pair_1_mapped_depth	Denatured_mutations	Denatured_read_depth	Denatured_effective_depth	Denatured_rate	Denatured_off_target_mapped_depth	Denatured_low_mapq_mapped_depth	Denatured_primer_pair_1_mapped_depth	Reactivity_profile	Std_err	HQ_profile	HQ_stderr	Norm_profile	Norm_stderr
1	a	0	489509	0	nan	78186	2	489509	0	874913	0	nan	151294	41	874913	0	0	0	nan	0	0	0	nan	nan	nan	nan	nan	nan
2	g	0	491449	0	nan	78779	2	491449	0	876008	0	nan	151403	41	876008	0	0	0	nan	0	0	0	nan	nan	nan	nan	nan	nan
3	g	0	492849	0	nan	79001	2	492849	0	878057	0	nan	151924	41	878057	0	0	0	nan	0	0	0	nan	nan	nan	nan	nan	nan
4	u	0	492972	0	nan	79019	2	492972	0	878284	0	nan	151931	41	878284	0	0	0	nan	0	0	0	nan	nan	nan	nan	nan	nan
5	g	0	493220	0	nan	79048	2	493220	0	878551	0	nan	151952	41	878551	0	0	0	nan	0	0	0	nan	nan	nan	nan	nan	nan
6	a	0	493421	0	nan	79071	2	493421	0	878694	0	nan	151955	41	878694	0	0	0	nan	0	0	0	nan	nan	nan	nan	nan	nan
7	u	0	493561	0	nan	79098	2	493561	0	879216	0	nan	151956	41	879216	0	0	0	nan	0	0	0	nan	nan	nan	nan	nan	nan
8	c	0	493663	0	nan	79104	2	493663	0	887985	0	nan	151956	41	887985	0	0	0	nan	0	0	0	nan	nan	nan	nan	nan	nan
9	c	0	494097	0	nan	79116	2	494097	0	888395	0	nan	151956	41	888395	0	0	0	nan	0	0	0	nan	nan	nan	nan	nan	nan
10	u	0	494352	0	nan	79128	2	494352	0	888472	0	nan	151956	41	888472	0	0	0	nan	0	0	0	nan	nan	nan	nan	nan	nan
11	g	0	494462	0	nan	79136	2	494462	0	888493	0	nan	151956	41	888493	0	0	0	nan	0	0	0	nan	nan	nan	nan	nan	nan
12	c	0	494462	0	nan	79431	2	494462	0	888495	0	nan	151961	41	888493	0	0	0	nan	0	0	0	nan	nan	nan	nan	nan	nan
13	a	0	494462	0	nan	80938	2	494462	0	888499	0	nan	151965	41	888493	0	0	0	nan	0	0	0	nan	nan	nan	nan	nan	nan
14	c	0	494462	0	nan	81752	2	494462	0	888501	0	nan	151966	41	888493	0	0	0	nan	0	0	0	nan	nan	nan	nan	nan	nan
15	u	0	494462	0	nan	82570	2	494462	0	888505	0	nan	151968	41	888493	0	0	0	nan	0	0	0	nan	nan	nan	nan	nan	nan
16	a	0	494462	0	nan	83339	2	494462	0	888507	0	nan	151973	41	888494	0	0	0	nan	0	0	0	nan	nan	nan	nan	nan	nan
17	u	0	494462	0	nan	83835	2	494462	0	888509	0	nan	151979	41	888494	0	0	0	nan	0	0	0	nan	nan	nan	nan	nan	nan
18	g	0	494462	0	nan	84215	2	494462	0	888515	0	nan	151981	41	888494	0	0	0	nan	0	0	0	nan	nan	nan	nan	nan	nan
19	g	0	494462	0	nan	84523	2	494462	0	888519	0	nan	151984	41	888494	0	0	0	nan	0	0	0	nan	nan	nan	nan	nan	nan
20	c	0	494462	0	nan	85033	2	494462	0	888531	0	nan	151991	41	888497	0	0	0	nan	0	0	0	nan	nan	nan	nan	nan	nan
21	A	7	494462	464399	0.000015	85342	2	494462	0	888533	872305	0.000000	151992	41	888498	0	0	0	nan	0	0	0	0.000015	0.000006	0.000015	0.000006	0.000283	0.000113
22	C	37171	494462	458530	0.081066	85541	2	494462	23650	888533	872153	0.027117	151992	41	888498	0	0	0	nan	0	0	0	0.053949	0.000456	0.053949	0.000456	1.016480	0.008592
23	A	15432	494462	481437	0.032054	85713	2	494462	510	888535	875959	0.000582	152023	41	888500	0	0	0	nan	0	0	0	0.031472	0.000259	0.031472	0.000259	0.592979	0.004880
24	C	21039	494462	478093	0.044006	85855	2	494462	617	888505	873209	0.000707	152024	41	888469	0	0	0	nan	0	0	0	0.043299	0.000305	0.043299	0.000305	0.815818	0.005747
25	U	5767	494462	478845	0.012044	85909	2	494462	902	888446	877568	0.001028	152025	41	888409	0	0	0	nan	0	0	0	0.011016	0.000162	0.011016	0.000162	0.207558	0.003052
26	G	5231	494462	478178	0.010939	85958	2	494462	3298	887743	876293	0.003764	152028	41	887702	0	0	0	nan	0	0	0	0.007176	0.000165	0.007176	0.000165	0.135207	0.003109
27	G	3107	494462	478020	0.006500	86105	2	494462	1589	887706	878806	0.001808	152031	41	887660	0	0	0	nan	0	0	0	0.004692	0.000125	0.004692	0.000125	0.088404	0.002355
28	U	6529	494462	473355	0.013793	86175	2	494462	1221	887641	875268	0.001395	152035	41	887595	0	0	0	nan	0	0	0	0.012398	0.000175	0.012398	0.000175	0.233597	0.003297
29	A	24923	494462	473072	0.052683	86151	2	494462	571	887479	871344	0.000655	152034	41	887431	0	0	0	nan	0	0	0	0.052028	0.000335	0.052028	0.000335	0.980285	0.006312
30	A	25315	494462	480471	0.052688	85990	2	494462	495	887123	872097	0.000568	151981	41	887074	0	0	0	nan	0	0	0	0.052120	0.000332	0.052120	0.000332	0.982019	0.006255
31	U	4840	494462	479721	0.010089	85927	2	494462	1296	886950	873265	0.001484	151982	41	886898	0	0	0	nan	0	0	0	0.008605	0.000151	0.008605	0.000151	0.162131	0.002845
32	C	16037	494462	473365	0.033879	85729	2	494462	593	886461	876192	0.000677	151982	41	886405	0	0	0	nan	0	0	0	0.033202	0.000269	0.033202	0.000269	0.625575	0.005068
33	G	2019	494462	473475	0.004264	85481	2	494462	975	885396	871080	0.001119	151983	41	885335	0	0	0	nan	0	0	0	0.003145	0.000101	0.003145	0.000101	0.059256	0.001903
34	A	22171	494462	482729	0.045928	85309	2	494462	580	884853	870222	0.000666	151974	39	884791	0	0	0	nan	0	0	0	0.045262	0.000310	0.045262	0.000310	0.852804	0.005841
35	C	11161	494462	482230	0.023145	85221	2	494462	491	884499	867880	0.000566	151973	39	884435	0	0	0	nan	0	0	0	0.022579	0.000221	0.022579	0.000221	0.425422	0.004164
36	G	5493	494462	479933	0.011445	85146	2	494462	3722	884276	867997	0.004288	151973	39	884207	0	0	0	nan	0	0	0	0.007157	0.000170	0.007157	0.000170	0.134849	0.003203
37	G	3059	494462	465993	0.006564	85122	2	494462	3485	884200	843667	0.004131	151973	39	884129	0	0	0	nan	0	0	0	0.002434	0.000138	0.002434	0.000138	0.045860	0.002600
38	G	1447	494462	466251	0.003103	85055	2	494462	1551	884147	843592	0.001839	151973	39	884073	0	0	0	nan	0	0	0	0.001265	0.000094	0.001265	0.000094	0.023834	0.001771
39	G	2148	494462	466848	0.004601	84992	2	494462	1414	884092	846509	0.001670	151973	39	884018	0	0	0	nan	0	0	0	0.002931	0.000109	0.002931	0.000109	0.055224	0.002054
40	U	4347	494462	477250	0.009108	84973	2	494462	1245	883982	864680	0.001440	151973	39	883903	0	0	0	nan	0	0	0	0.007669	0.000144	0.007669	0.000144	0.144495	0.002713
41	U	4940	494462	477943	0.010336	84880	2	494462	481	883891	874272	0.000550	151973	39	883808	0	0	0	nan	0	0	0	0.009786	0.000149	0.009786	0.000149	0.184383	0.002807
42	A	21034	494462	479978	0.043823	84798	2	494462	508	883808	872287	0.000582	151970	39	883723	0	0	0	nan	0	0	0	0.043240	0.000303	0.043240	0.000303	0.814706	0.005709
43	C	12774	494462	480788	0.026569	84718	2	494462	541	883668	870017	0.000622	151971	39	883579	0	0	0	nan	0	0	0	0.025947	0.000237	0.025947	0.000237	0.488880	0.004465
44	G	4703	494462	481908	0.009759	84556	2	494462	4316	883441	867181	0.004977	151969	39	883347	0	0	0	nan	0	0	0	0.004782	0.000161	0.004782	0.000161	0.090100	0.003033
45	C	9948	494462	479837	0.020732	84501	2	494462	1811	883400	866950	0.002089	151960	39	883303	0	0	0	nan	0	0	0	0.018643	0.000214	0.018643	0.000214	0.351262	0.004032
46	C	6173	494462	480485	0.012847	84428	2	494462	1351	883344	867194	0.001558	151964	39	883239	0	0	0	nan	0	0	0	0.011290	0.000169	0.011290	0.000169	0.212720	0.003184
47	G	1335	494462	474795	0.002812	84331	2	494462	1172	883178	863118	0.001358	151927	39	883067	0	0	0	nan	0	0	0	0.001454	0.000087	0.001454	0.000087	0.027396	0.001639
48	A	7051	494462	471481	0.014955	84242	2	494462	450	883091	864667	0.000520	151877	39	882976	0	0	0	nan	0	0	0	0.014435	0.000180	0.014435	0.000180	0.271977	0.003391
49	A	23874	494462	471079	0.050679	84170	2	494462	616	883047	866473	0.000711	151878	39	882924	0	0	0	nan	0	0	0	0.049968	0.000329	0.049968	0.000329	0.941472	0.006199
50	C	35846	494462	470339	0.076213	84041	2	494462	339	882921	868820	0.000390	151893	39	882791	0	0	0	nan	0	0	0	0.075823	0.000403	0.075823	0.000403	1.428618	0.007593
51	A	26455	494462	472702	0.055965	83921	2	494462	427	882793	866112	0.000493	151881	39	882663	0	0	0	nan	0	0	0	0.055472	0.000345	0.055472	0.000345	1.045175	0.006500
52	U	6062	494462	470228	0.012892	83823	2	494462	941	882695	865427	0.001087	151874	39	882565	0	0	0	nan	0	0	0	0.011804	0.000169	0.011804	0.000169	0.222405	0.003184
53	G	4604	494462	466717	0.009865	83718	2	494462	1024	882571	865367	0.001183	151868	39	882440	0	0	0	nan	0	0	0	0.008681	0.000150	0.008681	0.000150	0.163563	0.002826
54	A	20928	494462	469199	0.044604	83551	2	494462	667	882382	864938	0.000771	151865	39	882251	0	0	0	nan	0	0	0	0.043833	0.000310	0.043833	0.000310	0.825879	0.005841
55	U	4091	494462	466677	0.008766	83442	2	494462	1088	882215	862563	0.001261	151864	39	882084	0	0	0	nan	0	0	0	0.007505	0.000142	0.007505	0.000142	0.141405	0.002675
56	C	17288	494462	468415	0.036907	83315	2	494462	757	882093	863270	0.000877	151858	39	881962	0	0	0	nan	0	0	0	0.036031	0.000283	0.036031	0.000283	0.678878	0.005332
57	G	2986	494462	464156	0.006433	83184	2	494462	1404	881899	862862	0.001627	151835	39	881766	0	0	0	nan	0	0	0	0.004806	0.000125	0.004806	0.000125	0.090552	0.002355
58	A	25035	494462	471768	0.053066	83029	2	494462	870	881595	864455	0.001006	151809	39	881462	0	0	0	nan	0	0	0	0.052060	0.000337	0.052060	0.000337	0.980888	0.006350
59	C	35156	494462	469236	0.074922	82876	2	494462	544	881401	865409	0.000629	151788	39	881267	0	0	0	nan	0	0	0	0.074293	0.000400	0.074293	0.000400	1.399791	0.007537
60	U	7759	494462	466600	0.016629	82708	2	494462	687	881135	865647	0.000794	151766	39	881001	0	0	0	nan	0	0	0	0.015835	0.000191	0.015835	0.000191	0.298355	0.003599
61	A	35437	494462	472536	0.074993	82619	2	494462	1026	881058	864150	0.001187	151750	39	880924	0	0	0	nan	0	0	0	0.073806	0.000400	0.073806	0.000400	1.390615	0.007537
62	U	3968	494462	474870	0.008356	82559	2	494462	1231	880986	863014	0.001426	151744	39	880852	0	0	0	nan	0	0	0	0.006930	0.000139	0.006930	0.000139	0.130572	0.002619
63	U	5260	494462	474923	0.011075	82446	2	494462	589	880909	861670	0.000684	151744	39	880773	0	0	0	nan	0	0	0	0.010392	0.000155	0.010392	0.000155	0.195801	0.002920
64	U	4621	494462	473655	0.009756	82248	2	494462	878	880751	862561	0.001018	151741	39	880614	0	0	0	nan	0	0	0	0.008738	0.000148	0.008738	0.000148	0.164637	0.002789
65	C	20943	494462	465066	0.045032	82091	2	494462	730	880650	863143	0.000846	151717	39	880509	0	0	0	nan	0	0	0	0.044187	0.000313	0.044187	0.000313	0.832549	0.005897
66	G	2829	494462	464967	0.006084	81898	2	494462	1394	880341	862511	0.001616	151709	39	880196	0	0	0	nan	0	0	0	0.004468	0.000122	0.004468	0.000122	0.084184	0.002299
67	G	1889	494462	446229	0.004233	81602	2	494462	1294	879849	857901	0.001508	151698	39	879703	0	0	0	nan	0	0	0	0.002725	0.000106	0.002725	0.000106	0.051343	0.001997
68	A	26898	494462	451845	0.059529	81495	2	494462	590	879783	855788	0.000689	151692	39	879636	0	0	0	nan	0	0	0	0.058840	0.000364	0.058840	0.000364	1.108633	0.006858
69	C	32145	494462	461025	0.069725	81455	2	494462	734	879739	855593	0.000858	151691	39	879592	0	0	0	nan	0	0	0	0.068867	0.000390	0.068867	0.000390	1.297557	0.007348
70	G	2532	494462	478394	0.005293	81407	2	494462	1658	879632	855138	0.001939	151663	39	879483	0	0	0	nan	0	0	0	0.003354	0.000115	0.003354	0.000115	0.063194	0.002167
71	G	4425	494462	477700	0.009263	81294	2	494462	4718	879538	854620	0.005521	151409	39	879388	0	0	0	nan	0	0	0	0.003743	0.000161	0.003743	0.000161	0.070524	0.003033
72	C	6557	494462	477282	0.013738	81166	2	494462	2576	879435	857602	0.003004	151191	39	879288	0	0	0	nan	0	0	0	0.010734	0.000180	0.010734	0.000180	0.202245	0.003391
73	C	9158	494462	479871	0.019084	75830	2	494462	1171	878414	856892	0.001367	74740	38	878321	0	0	0	nan	0	0	0	0.017718	0.000203	0.017718	0.000203	0.333834	0.003825
74	G	2255	494462	473886	0.004759	75557	2	494462	1192	877866	848869	0.001404	46499	38	877788	0	0	0	nan	0	0	0	0.003354	0.000108	0.003354	0.000108	0.063194	0.002035
75	U	5049	494462	461163	0.010948	75362	2	494462	841	877523	845264	0.000995	33498	38	877459	0	0	0	nan	0	0	0	0.009953	0.000158	0.009953	0.000158	0.187529	0.002977
76	A	34626	494462	466802	0.074177	75217	2	494462	532	877258	847669	0.000628	25025	38	877198	0	0	0	nan	0	0	0	0.073549	0.000400	0.073549	0.000400	1.385773	0.007537
77	U	7775	494462	468389	0.016599	75139	2	494462	663	877013	853816	0.000777	15018	38	876965	0	0	0	nan	0	0	0	0.015823	0.000191	0.015823	0.000191	0.298129	0.003599
78	G	4709	494462	470832	0.010001	74982	2	494462	706	876528	856635	0.000824	6548	38	876492	0	0	0	nan	0	0	0	0.009177	0.000149	0.009177	0.000149	0.172908	0.002807
79	A	27484	494462	470428	0.058423	74888	2	494462	596	876415	855729	0.000696	5178	38	876381	0	0	0	nan	0	0	0	0.057727	0.000354	0.057727	0.000354	1.087663	0.006670
80	A	19316	494462	472622	0.040870	74818	2	494462	715	876301	857423	0.000834	4497	38	876267	0	0	0	nan	0	0	0	0.040036	0.000296	0.040036	0.000296	0.754338	0.005577
81	G	1979	494462	470744	0.004204	74799	2	494462	1263	876214	856758	0.001474	4132	36	876180	0	0	0	nan	0	0	0	0.002730	0.000103	0.002730	0.000103	0.051437	0.001941
82	G	4615	494462	470717	0.009804	74665	2	494462	4793	876133	859166	0.005579	4002	36	876099	0	0	0	nan	0	0	0	0.004226	0.000165	0.004226	0.000165	0.079624	0.003109
83	C	15383	494462	465580	0.033041	74552	2	494462	1370	876067	860388	0.001592	3927	36	876034	0	0	0	nan	0	0	0	0.031448	0.000270	0.031448	0.000270	0.592527	0.005087
84	A	33204	494462	468700	0.070843	74446	2	494462	408	876013	862633	0.000473	3904	36	875980	0	0	0	nan	0	0	0	0.070370	0.000389	0.070370	0.000389	1.325876	0.007329
85	U	6897	494462	467013	0.014768	74370	2	494462	2125	875936	859134	0.002473	3904	36	875903	0	0	0	nan	0	0	0	0.012295	0.000186	0.012295	0.000186	0.231656	0.003505
86	C	25631	494462	474506	0.054016	74258	2	494462	591	875881	856899	0.000690	3896	36	875848	0	0	0	nan	0	0	0	0.053326	0.000339	0.053326	0.000339	1.004741	0.006387
87	G	4270	494462	475541	0.008979	74126	2	494462	4339	875845	856093	0.005068	3892	36	875812	0	0	0	nan	0	0	0	0.003911	0.000157	0.003911	0.000157	0.073689	0.002958
88	C	8772	494462	478824	0.018320	73977	2	494462	2285	875771	857574	0.002664	3891	36	875737	0	0	0	nan	0	0	0	0.015655	0.000203	0.015655	0.000203	0.294964	0.003825
89	C	3648	494462	475806	0.007667	73827	2	494462	1327	875718	859666	0.001544	3876	36	875683	0	0	0	nan	0	0	0	0.006123	0.000134	0.006123	0.000134	0.115366	0.002525
90	G	2539	494462	453134	0.005603	73680	2	494462	1768	875671	857003	0.002063	3869	34	875636	0	0	0	nan	0	0	0	0.003540	0.000122	0.003540	0.000122	0.066699	0.002299
91	U	3259	494462	448917	0.007260	73396	2	494462	1373	875586	855276	0.001605	3842	31	875551	0	0	0	nan	0	0	0	0.005654	0.000134	0.005654	0.000134	0.106530	0.002525
92	G	6442	494462	445504	0.014460	73218	2	494462	2685	875503	851788	0.003152	3839	31	875468	0	0	0	nan	0	0	0	0.011308	0.000190	0.011308	0.000190	0.213060	0.003580
93	U	8215	494462	457169	0.017969	72911	2	494462	1492	875507	853315	0.001748	3838	31	875472	0	0	0	nan	0	0	0	0.016221	0.000203	0.016221	0.000203	0.305628	0.003825
94	U	5794	494462	453300	0.012782	72678	2	494462	1174	875317	855886	0.001372	3837	31	875282	0	0	0	nan	0	0	0	0.011410	0.000173	0.011410	0.000173	0.214981	0.003260
95	C	24448	494462	446949	0.054700	72458	2	494462	691	875197	853791	0.000809	3837	31	875161	0	0	0	nan	0	0	0	0.053890	0.000351	0.053890	0.000351	1.015368	0.006613
96	G	2439	494462	451156	0.005406	72260	2	494462	1022	875020	852447	0.001199	3832	31	874983	0	0	0	nan	0	0	0	0.004207	0.000116	0.004207	0.000116	0.079266	0.002186
97	A	9111	494462	459218	0.019840	72063	2	494462	348	874850	852543	0.000408	3821	31	874812	0	0	0	nan	0	0	0	0.019432	0.000209	0.019432	0.000209	0.366128	0.003938
98	C	4984	494462	463619	0.010750	71972	2	494462	1353	874754	854949	0.001583	3821	31	874715	0	0	0	nan	0	0	0	0.009168	0.000158	0.009168	0.000158	0.172739	0.002977
99	G	2182	494462	464604	0.004696	71926	2	494462	1912	874693	852863	0.002242	3785	31	874654	0	0	0	nan	0	0	0	0.002455	0.000113	0.002455	0.000113	0.046256	0.002129
100	G	4452	494462	459047	0.009698	71844	2	494462	4407	874606	848258	0.005195	3770	31	874567	0	0	0	nan	0	0	0	0.004503	0.000165	0.004503	0.000165	0.084843	0.003109
101	C	56415	494462	445803	0.126547	71761	2	494462	25739	874555	826624	0.031137	3767	30	874516	0	0	0	nan	0	0	0	0.095409	0.000567	0.095409	0.000567	1.797648	0.010683
102	A	14692	494462	431530	0.034046	71695	2	494462	1705	874495	830456	0.002053	3762	29	874456	0	0	0	nan	0	0	0	0.031993	0.000285	0.031993	0.000285	0.602796	0.005370
103	A	15226	494462	448277	0.033966	71614	2	494462	641	874466	836841	0.000766	3755	26	874426	0	0	0	nan	0	0	0	0.033200	0.000277	0.033200	0.000277	0.625538	0.005219
104	A	17450	494462	465501	0.037486	71431	2	494462	301	874307	854456	0.000352	3750	26	874267	0	0	0	nan	0	0	0	0.037134	0.000285	0.037134	0.000285	0.699660	0.005370
105	A	4951	494462	463400	0.010684	71148	2	494462	315	874091	853077	0.000369	3747	26	874050	0	0	0	nan	0	0	0	0.010315	0.000153	0.010315	0.000153	0.194350	0.002883
106	A	19123	494462	462877	0.041313	70747	2	494462	617	873812	851286	0.000725	3747	26	873771	0	0	0	nan	0	0	0	0.040589	0.000300	0.040589	0.000300	0.764757	0.005652
107	G	3691	494462	457632	0.008065	70163	2	494462	872	873508	848163	0.001028	3739	26	873467	0	0	0	nan	0	0	0	0.007037	0.000137	0.007037	0.000137	0.132588	0.002581
108	A	17066	494462	447262	0.038157	69928	2	494462	489	873292	847044	0.000577	3729	26	873251	0	0	0	nan	0	0	0	0.037579	0.000293	0.037579	0.000293	0.708044	0.005521
109	U	5179	494462	443070	0.011689	69621	2	494462	1316	873120	846441	0.001555	3727	26	873078	0	0	0	nan	0	0	0	0.010134	0.000168	0.010134	0.000168	0.190940	0.003165
110	C	14498	494462	439253	0.033006	69507	2	494462	737	873009	851311	0.000866	3711	26	872967	0	0	0	nan	0	0	0	0.032140	0.000276	0.032140	0.000276	0.605566	0.005200
111	A	16443	494462	454840	0.036151	69380	2	494462	681	872975	852623	0.000799	3701	26	872933	0	0	0	nan	0	0	0	0.035352	0.000284	0.035352	0.000284	0.666084	0.005351
112	C	24389	494462	438993	0.055557	69284	2	494462	566	872953	854083	0.000663	3695	23	872911	0	0	0	nan	0	0	0	0.054894	0.000357	0.054894	0.000357	1.034285	0.006726
113	U	6132	494462	439624	0.013948	69177	2	494462	956	872911	853348	0.001120	3692	20	872869	0	0	0	nan	0	0	0	0.012828	0.000182	0.012828	0.000182	0.241699	0.003429
114	G	3321	494462	431474	0.007697	69109	2	494462	1368	872941	856024	0.001598	3654	19	872899	0	0	0	nan	0	0	0	0.006099	0.000140	0.006099	0.000140	0.114914	0.002638
115	U	4890	494462	442341	0.011055	69032	2	494462	794	872939	856142	0.000927	3644	7	872897	0	0	0	nan	0	0	0	0.010127	0.000161	0.010127	0.000161	0.190808	0.003033
116	A	13571	494462	438630	0.030940	68954	2	494462	420	872939	857467	0.000490	3625	7	872898	0	0	0	nan	0	0	0	0.030450	0.000267	0.030450	0.000267	0.573723	0.005031
117	A	32290	494462	455356	0.070912	69072	2	494462	622	872926	858248	0.000725	3634	7	872884	0	0	0	nan	0	0	0	0.070187	0.000396	0.070187	0.000396	1.322428	0.007461
118	C	24774	494462	458343	0.054051	68996	2	494462	431	872921	860403	0.000501	3634	7	872880	0	0	0	nan	0	0	0	0.053550	0.000344	0.053550	0.000344	1.008962	0.006481
119	A	25232	494462	460406	0.054804	68853	2	494462	638	872806	861322	0.000741	3632	4	872765	0	0	0	nan	0	0	0	0.054063	0.000346	0.054063	0.000346	1.018628	0.006519
120	G	4024	494462	460122	0.008746	68800	2	494462	3592	872747	855815	0.004197	3627	4	872707	0	0	0	nan	0	0	0	0.004548	0.000155	0.004548	0.000155	0.085691	0.002920
121	G	2366	494462	461016	0.005132	68669	2	494462	2666	872597	850378	0.003135	3627	4	872557	0	0	0	nan	0	0	0	0.001997	0.000122	0.001997	0.000122	0.037626	0.002299
122	G	1397	494462	456808	0.003058	68547	2	494462	1187	872522	846006	0.001403	3628	4	872482	0	0	0	nan	0	0	0	0.001655	0.000091	0.001655	0.000091	0.031183	0.001715
123	A	10346	494462	458846	0.022548	68387	2	494462	1304	872459	846280	0.001541	3625	4	872419	0	0	0	nan	0	0	0	0.021007	0.000226	0.021007	0.000226	0.395803	0.004258
124	C	26325	494462	464235	0.056706	68304	2	494462	1880	872414	848200	0.002216	3624	4	872374	0	0	0	nan	0	0	0	0.054490	0.000353	0.054490	0.000353	1.026673	0.006651
125	C	21865	494462	470938	0.046429	68170	2	494462	1252	872319	852013	0.001469	3622	4	872280	0	0	0	nan	0	0	0	0.044959	0.000317	0.044959	0.000317	0.847095	0.005973
126	C	19530	494462	455451	0.042881	68111	2	494462	1320	872267	851203	0.001551	3619	3	872228	0	0	0	nan	0	0	0	0.041330	0.000310	0.041330	0.000310	0.778719	0.005841
127	U	6376	494462	453284	0.014066	68018	2	494462	1798	872180	852367	0.002109	3606	3	872141	0	0	0	nan	0	0	0	0.011957	0.000183	0.011957	0.000183	0.225288	0.003448
128	G	5150	494462	443171	0.011621	67966	2	494462	1196	872156	851054	0.001405	3604	3	872117	0	0	0	nan	0	0	0	0.010215	0.000167	0.010215	0.000167	0.192466	0.003147
129	U	6297	494462	455671	0.013819	67881	2	494462	1044	872086	852584	0.001225	3601	3	872047	0	0	0	nan	0	0	0	0.012595	0.000178	0.012595	0.000178	0.237309	0.003354
130	G	2331	494462	456398	0.005107	67824	2	494462	1685	872071	849707	0.001983	3601	3	872031	0	0	0	nan	0	0	0	0.003124	0.000116	0.003124	0.000116	0.058861	0.002186
131	G	1681	494462	465933	0.003608	67744	2	494462	1141	872017	849098	0.001344	3598	3	871977	0	0	0	nan	0	0	0	0.002264	0.000097	0.002264	0.000097	0.042657	0.001828
132	A	12652	494462	460020	0.027503	67636	2	494462	464	872032	847504	0.000547	3596	3	871992	0	0	0	nan	0	0	0	0.026956	0.000246	0.026956	0.000246	0.507891	0.004635
133	A	12260	494462	460331	0.026633	67564	2	494462	444	871939	849734	0.000523	3590	3	871898	0	0	0	nan	0	0	0	0.026110	0.000242	0.026110	0.000242	0.491951	0.004560
134	C	13015	494462	454783	0.028618	67503	2	494462	624	871907	851132	0.000733	3586	3	871866	0	0	0	nan	0	0	0	0.027885	0.000253	0.027885	0.000253	0.525395	0.004767
135	G	2400	494462	457057	0.005251	67448	2	494462	2022	871808	851236	0.002375	3586	3	871767	0	0	0	nan	0	0	0	0.002876	0.000119	0.002876	0.000119	0.054188	0.002242
136	G	6165	494462	446589	0.013805	67351	2	494462	5888	871709	849820	0.006929	3583	3	871668	0	0	0	nan	0	0	0	0.006876	0.000198	0.006876	0.000198	0.129554	0.003731
137	C	14717	494462	421294	0.034933	67299	2	494462	1404	871654	847950	0.001656	3491	3	871613	0	0	0	nan	0	0	0	0.033277	0.000291	0.033277	0.000291	0.626988	0.005483
138	A	5016	494462	419346	0.011961	67253	2	494462	409	871656	849172	0.000482	3492	2	871615	0	0	0	nan	0	0	0	0.011480	0.000171	0.011480	0.000171	0.216300	0.003222
139	A	35765	494462	423466	0.084458	67191	2	494462	538	871656	850328	0.000633	3480	2	871615	0	0	0	nan	0	0	0	0.083825	0.000447	0.083825	0.000447	1.579388	0.008422
140	C	46625	494462	424994	0.109707	67107	1	494462	4344	871641	853796	0.005088	3475	2	871600	0	0	0	nan	0	0	0	0.104620	0.000514	0.104620	0.000514	1.971197	0.009685
141	A	15048	494462	413249	0.036414	67094	1	494462	1062	871617	852292	0.001246	3470	2	871575	0	0	0	nan	0	0	0	0.035168	0.000299	0.035168	0.000299	0.662618	0.005634
142	A	21009	494462	431007	0.048744	66960	1	494462	1211	871554	849515	0.001426	3428	2	871512	0	0	0	nan	0	0	0	0.047318	0.000339	0.047318	0.000339	0.891542	0.006387
143	A	15375	494462	434986	0.035346	66790	1	494462	296	871451	847237	0.000349	3422	0	871409	0	0	0	nan	0	0	0	0.034997	0.000286	0.034997	0.000286	0.659396	0.005389
144	A	22393	494462	439769	0.050920	66656	1	494462	412	871263	844929	0.000488	3395	0	871221	0	0	0	nan	0	0	0	0.050432	0.000341	0.050432	0.000341	0.950214	0.006425
145	U	6093	494462	440085	0.013845	66534	1	494462	789	871102	840874	0.000938	3388	0	871060	0	0	0	nan	0	0	0	0.012907	0.000180	0.012907	0.000180	0.243187	0.003391
146	U	6247	494462	439254	0.014222	66415	1	494462	487	870849	840993	0.000579	3387	0	870807	0	0	0	nan	0	0	0	0.013643	0.000182	0.013643	0.000182	0.257054	0.003429
147	A	24838	494462	449273	0.055285	66263	1	494462	588	870692	842097	0.000698	3392	0	870649	0	0	0	nan	0	0	0	0.054587	0.000352	0.054587	0.000352	1.028501	0.006632
148	U	5630	494462	454468	0.012388	66166	1	494462	1817	870608	848600	0.002141	3391	0	870565	0	0	0	nan	0	0	0	0.010247	0.000173	0.010247	0.000173	0.193069	0.003260
149	C	19814	494462	448981	0.044131	65970	1	494462	700	870541	846639	0.000827	3390	0	870498	0	0	0	nan	0	0	0	0.043304	0.000315	0.043304	0.000315	0.815912	0.005935
150	G	4171	494462	449452	0.009280	65623	1	494462	1158	870393	846511	0.001368	3388	0	870350	0	0	0	nan	0	0	0	0.007912	0.000149	0.007912	0.000149	0.149074	0.002807
151	A	26706	494462	460284	0.058021	65392	1	494462	514	870236	845050	0.000608	3377	0	870192	0	0	0	nan	0	0	0	0.057412	0.000356	0.057412	0.000356	1.081728	0.006708
152	C	21458	494462	459461	0.046703	65211	1	494462	576	870186	842339	0.000684	3368	0	870141	0	0	0	nan	0	0	0	0.046019	0.000320	0.046019	0.000320	0.867067	0.006029
153	G	1749	494462	445404	0.003927	64993	1	494462	1377	869941	836811	0.001646	3346	0	869895	0	0	0	nan	0	0	0	0.002281	0.000104	0.002281	0.000104	0.042977	0.001960
154	A	22727	494462	448046	0.050725	64809	1	494462	581	869737	830244	0.000700	3345	0	869691	0	0	0	nan	0	0	0	0.050025	0.000338	0.050025	0.000338	0.942546	0.006368
155	G	3871	494462	447714	0.008646	64764	1	494462	3450	869928	831663	0.004148	3334	0	869883	0	0	0	nan	0	0	0	0.004498	0.000156	0.004498	0.000156	0.084749	0.002939
156	C	19520	494462	459822	0.042451	64635	1	494462	1063	870202	836103	0.001271	3332	0	870157	0	0	0	nan	0	0	0	0.041180	0.000306	0.041180	0.000306	0.775893	0.005765
157	G	3723	494462	463554	0.008031	64531	1	494462	2916	870305	840706	0.003469	3328	0	870261	0	0	0	nan	0	0	0	0.004563	0.000146	0.004563	0.000146	0.085974	0.002751
158	C	19241	494462	461903	0.041656	64377	1	494462	3131	870506	834148	0.003754	3323	0	870462	0	0	0	nan	0	0	0	0.037902	0.000308	0.037902	0.000308	0.714130	0.005803
159	C	12089	494462	457482	0.026425	64121	1	494462	11572	870553	833625	0.013882	3319	0	870508	0	0	0	nan	0	0	0	0.012544	0.000273	0.012544	0.000273	0.236348	0.005144
160	U	5397	494462	452985	0.011914	63942	1	494462	1647	870480	834276	0.001974	3251	0	870436	0	0	0	nan	0	0	0	0.009940	0.000169	0.009940	0.000169	0.187284	0.003184
161	G	1996	494462	444188	0.004494	63825	1	494462	1157	870417	836942	0.001382	3243	0	870374	0	0	0	nan	0	0	0	0.003111	0.000108	0.003111	0.000108	0.058616	0.002035
162	A	23768	494462	448838	0.052955	63707	1	494462	477	870323	834421	0.000572	3244	0	870280	0	0	0	nan	0	0	0	0.052383	0.000344	0.052383	0.000344	0.986974	0.006481
163	U	5300	494462	447293	0.011849	63659	1	494462	1939	870360	835829	0.002320	3232	0	870317	0	0	0	nan	0	0	0	0.009529	0.000171	0.009529	0.000171	0.179541	0.003222
164	C	24022	494462	446798	0.053765	63632	1	494462	769	870544	839900	0.000916	3224	0	870500	0	0	0	nan	0	0	0	0.052849	0.000348	0.052849	0.000348	0.995754	0.006557
165	A	15474	494462	439594	0.035201	63570	1	494462	374	870709	843587	0.000443	3219	0	870665	0	0	0	nan	0	0	0	0.034757	0.000284	0.034757	0.000284	0.654874	0.005351
166	A	25756	494462	449687	0.057275	63550	1	494462	1208	870812	845853	0.001428	3212	0	870768	0	0	0	nan	0	0	0	0.055847	0.000359	0.055847	0.000359	1.052241	0.006764
167	C	19088	494462	448259	0.042583	63518	1	494462	1927	871009	845508	0.002279	3208	0	870965	0	0	0	nan	0	0	0	0.040303	0.000313	0.040303	0.000313	0.759369	0.005897
168	C	20972	494462	459343	0.045657	63439	1	494462	1270	871080	849878	0.001494	3198	0	871036	0	0	0	nan	0	0	0	0.044162	0.000318	0.044162	0.000318	0.832078	0.005992
169	C	13516	494462	463655	0.029151	63355	1	494462	1597	871018	848823	0.001881	3196	0	870974	0	0	0	nan	0	0	0	0.027270	0.000255	0.027270	0.000255	0.513807	0.004805
170	C	17499	494462	464318	0.037688	63232	1	494462	1692	870880	848844	0.001993	3193	0	870837	0	0	0	nan	0	0	0	0.035694	0.000289	0.035694	0.000289	0.672528	0.005445
171	G	2454	494462	448119	0.005476	62972	1	494462	1123	870623	839402	0.001338	3167	0	870580	0	0	0	nan	0	0	0	0.004138	0.000118	0.004138	0.000118	0.077966	0.002223
172	A	26586	494462	461799	0.057571	62793	1	494462	515	870432	840031	0.000613	3142	0	870390	0	0	0	nan	0	0	0	0.056957	0.000354	0.056957	0.000354	1.073155	0.006670
173	C	19515	494462	461168	0.042316	62672	1	494462	1104	870407	839341	0.001315	3080	0	870365	0	0	0	nan	0	0	0	0.041001	0.000305	0.041001	0.000305	0.772520	0.005747
174	G	2336	494462	466716	0.005005	62492	1	494462	1778	870204	841452	0.002113	1994	0	870178	0	0	0	nan	0	0	0	0.002892	0.000115	0.002892	0.000115	0.054490	0.002167
175	G	2886	494462	463983	0.006220	62293	1	494462	3717	870177	840548	0.004422	1988	0	870152	0	0	0	nan	0	0	0	0.001798	0.000137	0.001798	0.000137	0.033877	0.002581
176	C	11022	494462	458734	0.024027	62177	1	494462	2128	870144	835404	0.002547	1988	0	870119	0	0	0	nan	0	0	0	0.021480	0.000235	0.021480	0.000235	0.404715	0.004428
177	U	5253	494462	460974	0.011395	62051	1	494462	4275	870160	839794	0.005091	1984	0	870135	0	0	0	nan	0	0	0	0.006305	0.000175	0.006305	0.000175	0.118796	0.003297
178	C	17893	494462	458365	0.039037	61963	1	494462	2063	870175	840505	0.002454	2068	0	870148	0	0	0	nan	0	0	0	0.036582	0.000297	0.036582	0.000297	0.689259	0.005596
179	C	31650	494462	466597	0.067832	61853	1	494462	2303	870131	844114	0.002728	1273	0	870105	0	0	0	nan	0	0	0	0.065103	0.000385	0.065103	0.000385	1.226638	0.007254
180	C	34177	494462	469051	0.072864	61771	1	494462	1826	870197	846050	0.002158	1270	0	870171	0	0	0	nan	0	0	0	0.070706	0.000397	0.070706	0.000397	1.332207	0.007480
181	U	5473	494462	469772	0.011650	61660	1	494462	1316	870336	845967	0.001556	1454	0	870303	0	0	0	nan	0	0	0	0.010095	0.000163	0.010095	0.000163	0.190205	0.003071
182	G	7225	494462	472666	0.015286	61585	1	494462	4809	870672	848590	0.005667	2243	0	870622	0	0	0	nan	0	0	0	0.009619	0.000198	0.009619	0.000198	0.181236	0.003731
183	C	16724	494462	474390	0.035254	61526	1	494462	1586	871226	851250	0.001863	6158	0	871063	0	0	0	nan	0	0	0	0.033391	0.000277	0.033391	0.000277	0.629136	0.005219
184	U	4285	494462	474899	0.009023	61453	1	494462	1073	871909	847644	0.001266	12475	0	871563	0	0	0	nan	0	0	0	0.007757	0.000143	0.007757	0.000143	0.146153	0.002694
185	G	4486	494462	474038	0.009463	61397	1	494462	3373	873033	846146	0.003986	23049	0	872398	0	0	0	nan	0	0	0	0.005477	0.000157	0.005477	0.000157	0.103195	0.002958
186	U	4785	494462	473918	0.010097	61359	1	494462	2032	873875	843351	0.002409	30759	0	873000	0	0	0	nan	0	0	0	0.007687	0.000155	0.007687	0.000155	0.144835	0.002920
187	U	3625	494462	474027	0.007647	61296	1	494462	4215	876111	848734	0.004966	57672	0	874626	0	0	0	nan	0	0	0	0.002681	0.000148	0.002681	0.000148	0.050514	0.002789
188	C	12877	494462	473949	0.027170	282469	8	494462	738	885270	859374	0.000859	157674	1	881215	0	0	0	nan	0	0	0	0.026311	0.000242	0.026311	0.000242	0.495738	0.004560
189	C	16796	494462	470197	0.035721	283117	8	494462	798	885390	859300	0.000929	157914	1	881330	0	0	0	nan	0	0	0	0.034793	0.000278	0.034793	0.000278	0.655552	0.005238
190	G	2506	494462	457058	0.005483	283280	8	494462	1868	885415	851409	0.002194	157993	1	881350	0	0	0	nan	0	0	0	0.003289	0.000121	0.003289	0.000121	0.061970	0.002280
191	A	28407	494462	460565	0.061679	283259	8	494462	1056	885453	848089	0.001245	157776	1	881388	0	0	0	nan	0	0	0	0.060433	0.000368	0.060433	0.000368	1.138648	0.006934
192	G	2394	494462	459829	0.005206	283246	8	494462	1180	885678	851761	0.001385	157845	1	881613	0	0	0	nan	0	0	0	0.003821	0.000114	0.003821	0.000114	0.071993	0.002148
193	U	6000	494462	455115	0.013183	283209	8	494462	1038	885803	858577	0.001209	157841	1	881740	0	0	0	nan	0	0	0	0.011975	0.000174	0.011975	0.000174	0.225627	0.003278
194	A	21103	494462	449185	0.046981	283147	8	494462	588	885897	865361	0.000679	157845	1	881834	0	0	0	nan	0	0	0	0.046301	0.000325	0.046301	0.000325	0.872380	0.006123
195	A	34013	494462	453080	0.075071	283070	8	494462	694	885842	862757	0.000804	157846	1	881778	0	0	0	nan	0	0	0	0.074266	0.000408	0.074266	0.000408	1.399282	0.007687
196	C	29261	494462	453301	0.064551	283011	8	494462	641	885783	862990	0.000743	157852	1	881719	0	0	0	nan	0	0	0	0.063808	0.000379	0.063808	0.000379	1.202238	0.007141
197	C	19865	494462	456972	0.043471	282938	8	494462	577	885650	859373	0.000671	157850	1	881586	0	0	0	nan	0	0	0	0.042800	0.000310	0.042800	0.000310	0.806416	0.005841
198	A	14541	494462	455485	0.031924	282860	8	494462	476	885553	853807	0.000558	157843	1	881489	0	0	0	nan	0	0	0	0.031367	0.000266	0.031367	0.000266	0.591001	0.005012
199	U	7253	494462	457777	0.015844	282816	8	494462	2194	885479	853889	0.002569	157833	1	881415	0	0	0	nan	0	0	0	0.013275	0.000194	0.013275	0.000194	0.250121	0.003655
200	C	17366	494462	453759	0.038271	282773	8	494462	536	885455	845385	0.000634	157831	1	881391	0	0	0	nan	0	0	0	0.037637	0.000292	0.037637	0.000292	0.709137	0.005502
201	A	6540	494462	455664	0.014353	282707	8	494462	1884	885455	849140	0.002219	157829	1	881391	0	0	0	nan	0	0	0	0.012134	0.000185	0.012134	0.000185	0.228623	0.003486
202	A	29796	494462	461960	0.064499	282614	8	494462	621	885808	855502	0.000726	157826	1	881744	0	0	0	nan	0	0	0	0.063773	0.000375	0.063773	0.000375	1.201578	0.007066
203	C	24497	494462	467631	0.052385	282555	8	494462	437	885778	863987	0.000506	157825	1	881714	0	0	0	nan	0	0	0	0.051880	0.000336	0.051880	0.000336	0.977497	0.006331
204	G	2747	494462	467663	0.005874	282458	8	494462	1824	885768	861082	0.002118	157817	1	881704	0	0	0	nan	0	0	0	0.003756	0.000123	0.003756	0.000123	0.070769	0.002318
205	G	1999	494462	456538	0.004379	282337	8	494462	1572	885491	851030	0.001847	157791	1	881427	0	0	0	nan	0	0	0	0.002531	0.000108	0.002531	0.000108	0.047688	0.002035
206	A	23546	494462	462394	0.050922	282220	8	494462	1021	885268	848770	0.001203	157790	1	881204	0	0	0	nan	0	0	0	0.049719	0.000334	0.049719	0.000334	0.936780	0.006293
207	G	3036	494462	463689	0.006547	282175	8	494462	1122	885294	849361	0.001321	157787	1	881230	0	0	0	nan	0	0	0	0.005226	0.000125	0.005226	0.000125	0.098466	0.002355
208	U	5888	494462	469559	0.012539	282122	8	494462	1609	885243	855227	0.001881	157786	1	881181	0	0	0	nan	0	0	0	0.010658	0.000170	0.010658	0.000170	0.200813	0.003203
209	G	2112	494462	465174	0.004540	282086	8	494462	965	885181	857757	0.001125	157784	1	881118	0	0	0	nan	0	0	0	0.003415	0.000105	0.003415	0.000105	0.064344	0.001978
210	A	28376	494462	469029	0.060499	282030	8	494462	803	885162	859801	0.000934	157784	1	881106	0	0	0	nan	0	0	0	0.059566	0.000361	0.059566	0.000361	1.122312	0.006802
211	C	30277	494462	470366	0.064369	282000	8	494462	585	885214	835646	0.000700	157782	1	881182	0	0	0	nan	0	0	0	0.063669	0.000371	0.063669	0.000371	1.199619	0.006990
212	C	20137	494462	469240	0.042914	281941	8	494462	1179	885099	833961	0.001414	157782	1	881080	0	0	0	nan	0	0	0	0.041500	0.000305	0.041500	0.000305	0.781922	0.005747
213	G	2406	494462	466968	0.005152	281832	8	494462	1851	884875	829628	0.002231	157773	1	880921	0	0	0	nan	0	0	0	0.002921	0.000117	0.002921	0.000117	0.055036	0.002204
214	G	4819	494462	466153	0.010338	281497	7	494462	4535	883986	829455	0.005467	157671	1	880198	0	0	0	nan	0	0	0	0.004870	0.000170	0.004870	0.000170	0.091758	0.003203
215	C	18875	494462	464372	0.040646	281344	7	494462	2397	883790	827505	0.002897	157666	1	880039	0	0	0	nan	0	0	0	0.037750	0.000302	0.037750	0.000302	0.711266	0.005690
216	U	5669	494462	461476	0.012284	281226	7	494462	1013	883536	825900	0.001227	157648	1	879890	0	0	0	nan	0	0	0	0.011058	0.000168	0.011058	0.000168	0.208349	0.003165
217	G	2068	494462	458774	0.004508	281047	7	494462	1608	883204	821575	0.001957	157643	1	879728	0	0	0	nan	0	0	0	0.002550	0.000110	0.002550	0.000110	0.048046	0.002073
218	G	4670	494462	460237	0.010147	280912	6	494462	4704	883048	824666	0.005704	157637	1	879614	0	0	0	nan	0	0	0	0.004443	0.000170	0.004443	0.000170	0.083713	0.003203
219	C	64782	494462	466057	0.139000	280809	6	494462	1816	883009	827953	0.002193	157637	1	879603	0	0	0	nan	0	0	0	0.136807	0.000549	0.136807	0.000549	2.577648	0.010344
220	G	2167	494462	476785	0.004545	280722	6	494462	1604	882884	830460	0.001931	157636	1	879514	0	0	0	nan	0	0	0	0.002614	0.000109	0.002614	0.000109	0.049252	0.002054
221	G	4489	494462	477856	0.009394	280623	6	494462	4544	882619	831116	0.005467	157636	1	879268	0	0	0	nan	0	0	0	0.003927	0.000162	0.003927	0.000162	0.073991	0.003052
222	C	6957	494462	475986	0.014616	280545	6	494462	2059	882164	827724	0.002488	157637	1	878828	0	0	0	nan	0	0	0	0.012128	0.000184	0.012128	0.000184	0.228510	0.003467
223	U	2214	494462	477648	0.004635	280468	6	494462	1163	881786	827629	0.001405	157636	1	878474	0	0	0	nan	0	0	0	0.003230	0.000107	0.003230	0.000107	0.060858	0.002016
224	G	3381	494462	475863	0.007105	280383	6	494462	1302	881451	823131	0.001582	157633	1	878166	0	0	0	nan	0	0	0	0.005523	0.000130	0.005523	0.000130	0.104062	0.002449
225	U	2935	494462	476662	0.006157	280281	6	494462	1366	881278	823446	0.001659	157633	1	878032	0	0	0	nan	0	0	0	0.004499	0.000122	0.004499	0.000122	0.084768	0.002299
226	G	2896	494462	473295	0.006119	280095	6	494462	2891	881180	824448	0.003507	157632	1	878009	0	0	0	nan	0	0	0	0.002612	0.000131	0.002612	0.000131	0.049214	0.002468
227	C	22297	494462	476876	0.046756	280028	6	494462	1181	881206	828452	0.001426	157631	1	878060	0	0	0	nan	0	0	0	0.045331	0.000316	0.045331	0.000316	0.854104	0.005954
228	G	2049	494462	472231	0.004339	279944	6	494462	794	881164	830877	0.000956	157630	1	878032	0	0	0	nan	0	0	0	0.003383	0.000102	0.003383	0.000102	0.063741	0.001922
229	A	7961	494462	466635	0.017060	279896	6	494462	407	881122	828584	0.000491	157627	1	877998	0	0	0	nan	0	0	0	0.016569	0.000193	0.016569	0.000193	0.312185	0.003636
230	A	16678	494462	461372	0.036149	279808	6	494462	596	881023	830539	0.000718	157626	1	877913	0	0	0	nan	0	0	0	0.035431	0.000281	0.035431	0.000281	0.667573	0.005294
231	C	11446	494462	461348	0.024810	279753	6	494462	463	880976	828671	0.000559	157626	1	877880	0	0	0	nan	0	0	0	0.024251	0.000233	0.024251	0.000233	0.456925	0.004390
232	G	5559	494462	462256	0.012026	279657	6	494462	4450	880834	833616	0.005338	157623	1	877747	0	0	0	nan	0	0	0	0.006688	0.000180	0.006688	0.000180	0.126012	0.003391
233	C	7253	494462	458698	0.015812	279565	6	494462	1273	880778	829620	0.001534	157621	1	877698	0	0	0	nan	0	0	0	0.014278	0.000191	0.014278	0.000191	0.269019	0.003599
234	A	31215	494462	460840	0.067735	279479	6	494462	893	880628	828741	0.001078	157621	1	877563	0	0	0	nan	0	0	0	0.066657	0.000385	0.066657	0.000385	1.255917	0.007254
235	U	7569	494462	463580	0.016327	279429	6	494462	1216	880496	822161	0.001479	157613	1	877436	0	0	0	nan	0	0	0	0.014848	0.000192	0.014848	0.000192	0.279758	0.003618
236	U	9872	494462	452442	0.021819	279363	6	494462	2199	880333	824680	0.002666	157613	1	877281	0	0	0	nan	0	0	0	0.019153	0.000227	0.019153	0.000227	0.360871	0.004277
237	C	47213	494462	471505	0.100133	279261	5	494462	556	880297	826598	0.000673	157612	1	877259	0	0	0	nan	0	0	0	0.099460	0.000462	0.099460	0.000462	1.873975	0.008705
238	U	7686	494462	474120	0.016211	279202	5	494462	802	880134	831202	0.000965	157611	1	877106	0	0	0	nan	0	0	0	0.015246	0.000188	0.015246	0.000188	0.287257	0.003542
239	G	2952	494462	471950	0.006255	279092	5	494462	1767	879788	827465	0.002135	157608	1	876788	0	0	0	nan	0	0	0	0.004119	0.000126	0.004119	0.000126	0.077608	0.002374
240	G	4084	494462	472267	0.008648	278978	4	494462	4061	879452	826693	0.004912	157601	1	876496	0	0	0	nan	0	0	0	0.003735	0.000156	0.003735	0.000156	0.070373	0.002939
241	C	7093	494462	472207	0.015021	278857	4	494462	1246	879207	824620	0.001511	157598	1	876284	0	0	0	nan	0	0	0	0.013510	0.000183	0.013510	0.000183	0.254549	0.003448
242	G	2743	494462	469393	0.005844	278751	4	494462	1763	878946	822406	0.002144	157592	1	876043	0	0	0	nan	0	0	0	0.003700	0.000123	0.003700	0.000123	0.069714	0.002318
243	A	18399	494462	470519	0.039104	278646	4	494462	352	878708	820050	0.000429	157590	1	875835	0	0	0	nan	0	0	0	0.038674	0.000289	0.038674	0.000289	0.728676	0.005445
244	A	34704	494462	472615	0.073430	278557	4	494462	531	878437	818310	0.000649	157590	1	875592	0	0	0	nan	0	0	0	0.072781	0.000395	0.072781	0.000395	1.371303	0.007442
245	U	4166	494462	470371	0.008857	278424	4	494462	1192	878174	816775	0.001459	157590	1	875368	0	0	0	nan	0	0	0	0.007397	0.000144	0.007397	0.000144	0.139371	0.002713
246	U	4026	494462	471549	0.008538	278277	4	494462	2202	877938	815293	0.002701	157589	1	875166	0	0	0	nan	0	0	0	0.005837	0.000146	0.005837	0.000146	0.109978	0.002751
247	C	5141	494462	470786	0.010920	278197	4	494462	768	877796	813401	0.000944	157586	1	875047	0	0	0	nan	0	0	0	0.009976	0.000156	0.009976	0.000156	0.187963	0.002939
248	U	2238	494462	472456	0.004737	278124	4	494462	1351	877543	813986	0.001660	157586	1	874811	0	0	0	nan	0	0	0	0.003077	0.000110	0.003077	0.000110	0.057975	0.002073
249	C	7459	494462	469726	0.015879	278043	4	494462	710	877288	810852	0.000876	157586	1	874570	0	0	0	nan	0	0	0	0.015004	0.000187	0.015004	0.000187	0.282698	0.003523
250	A	8139	494462	474583	0.017150	277990	4	494462	459	877025	821071	0.000559	157584	1	874317	0	0	0	nan	0	0	0	0.016591	0.000192	0.016591	0.000192	0.312599	0.003618
251	C	20345	494462	470364	0.043254	277915	3	494462	854	877028	815611	0.001047	157584	1	874330	0	0	0	nan	0	0	0	0.042207	0.000305	0.042207	0.000305	0.795243	0.005747
252	G	2130	494462	470909	0.004523	277780	3	494462	1369	876917	814607	0.001681	157586	1	874234	0	0	0	nan	0	0	0	0.002843	0.000108	0.002843	0.000108	0.053566	0.002035
253	G	3874	494462	468330	0.008272	277681	3	494462	3907	876744	810351	0.004821	157592	1	874075	0	0	0	nan	0	0	0	0.003451	0.000154	0.003451	0.000154	0.065022	0.002902
254	C	30186	494462	464454	0.064992	277599	3	494462	27028	876681	809327	0.033396	157590	1	874038	0	0	0	nan	0	0	0	0.031597	0.000426	0.031597	0.000426	0.595335	0.008026
255	U	3656	494462	464730	0.007867	277538	4	494462	1527	876650	811709	0.001881	157594	1	874013	0	0	0	nan	0	0	0	0.005986	0.000139	0.005986	0.000139	0.112785	0.002619
256	U	6589	494462	462400	0.014250	277472	4	494462	1059	876513	810677	0.001306	157592	1	873883	0	0	0	nan	0	0	0	0.012943	0.000180	0.012943	0.000180	0.243865	0.003391
257	U	6658	494462	461616	0.014423	277394	4	494462	4430	876281	815063	0.005435	157592	1	873658	0	0	0	nan	0	0	0	0.008988	0.000195	0.008988	0.000195	0.169347	0.003674
258	C	30595	494462	467340	0.065466	277325	4	494462	828	876170	818782	0.001011	157592	1	873556	0	0	0	nan	0	0	0	0.064455	0.000376	0.064455	0.000376	1.214428	0.007084
259	C	22561	494462	475828	0.047414	277204	4	494462	710	875979	820379	0.000865	157590	1	873394	0	0	0	nan	0	0	0	0.046549	0.000317	0.046549	0.000317	0.877053	0.005973
260	G	5181	494462	475257	0.010901	277095	4	494462	5016	875835	817782	0.006134	157590	1	873283	0	0	0	nan	0	0	0	0.004768	0.000174	0.004768	0.000174	0.089836	0.003278
261	C	6495	494462	474091	0.013700	276940	4	494462	1945	875607	815793	0.002384	157591	1	873070	0	0	0	nan	0	0	0	0.011316	0.000178	0.011316	0.000178	0.213210	0.003354
262	C	6082	494462	473284	0.012851	276817	4	494462	1266	875488	815396	0.001553	157575	1	872958	0	0	0	nan	0	0	0	0.011298	0.000170	0.011298	0.000170	0.212871	0.003203
263	U	4569	494462	474458	0.009630	276771	4	494462	980	875104	817543	0.001199	157579	1	872629	0	0	0	nan	0	0	0	0.008431	0.000148	0.008431	0.000148	0.158853	0.002789
264	G	1611	494462	464468	0.003468	276783	4	494462	1302	875004	805701	0.001616	157582	1	872546	0	0	0	nan	0	0	0	0.001853	0.000097	0.001853	0.000097	0.034913	0.001828
265	A	23250	494462	470124	0.049455	276657	3	494462	723	874820	809088	0.000894	157582	1	872382	0	0	0	nan	0	0	0	0.048561	0.000326	0.048561	0.000326	0.914962	0.006142
266	G	3107	494462	468869	0.006627	276821	3	494462	2236	875187	807898	0.002768	157583	1	872749	0	0	0	nan	0	0	0	0.003859	0.000133	0.003859	0.000133	0.072709	0.002506
267	G	4188	494462	478179	0.008758	276781	3	494462	2942	875442	823385	0.003573	157583	3	873009	0	0	0	nan	0	0	0	0.005185	0.000151	0.005185	0.000151	0.097693	0.002845
268	U	3470	494462	474344	0.007315	276729	3	494462	978	875559	819841	0.001193	157582	3	873133	0	0	0	nan	0	0	0	0.006122	0.000130	0.006122	0.000130	0.115348	0.002449
269	U	3226	494462	474301	0.006802	276667	3	494462	642	875428	820852	0.000782	157583	3	873014	0	0	0	nan	0	0	0	0.006019	0.000124	0.006019	0.000124	0.113407	0.002336
270	G	2547	494462	467135	0.005452	276554	3	494462	735	875207	817506	0.000899	157581	3	872813	0	0	0	nan	0	0	0	0.004553	0.000113	0.004553	0.000113	0.085785	0.002129
271	A	19250	494462	465380	0.041364	276449	3	494462	483	874859	818225	0.000590	157582	3	872485	0	0	0	nan	0	0	0	0.040774	0.000299	0.040774	0.000299	0.768243	0.005634
272	A	19524	494462	463216	0.042149	276388	3	494462	574	874572	817469	0.000702	157581	3	872214	0	0	0	nan	0	0	0	0.041447	0.000303	0.041447	0.000303	0.780923	0.005709
273	G	6199	494462	457296	0.013556	276615	5	494462	1300	874250	808247	0.001608	157583	3	871906	0	0	0	nan	0	0	0	0.011947	0.000178	0.011947	0.000178	0.225099	0.003354
274	A	30983	494462	458383	0.067592	276477	5	494462	684	873943	806559	0.000848	157583	3	871616	0	0	0	nan	0	0	0	0.066744	0.000385	0.066744	0.000385	1.257557	0.007254
275	G	3027	494462	458080	0.006608	276433	5	494462	2415	873836	804963	0.003000	157580	3	871524	0	0	0	nan	0	0	0	0.003608	0.000135	0.003608	0.000135	0.067980	0.002544
276	C	9764	494462	460985	0.021181	276348	5	494462	1191	873931	812899	0.001465	157580	3	871632	0	0	0	nan	0	0	0	0.019716	0.000219	0.019716	0.000219	0.371479	0.004126
277	A	21454	494462	465083	0.046129	276263	5	494462	425	874023	815719	0.000521	157580	3	871742	0	0	0	nan	0	0	0	0.045608	0.000316	0.045608	0.000316	0.859323	0.005954
278	A	22005	494462	470756	0.046744	276201	5	494462	453	874049	815364	0.000556	157603	3	871797	0	0	0	nan	0	0	0	0.046188	0.000316	0.046188	0.000316	0.870251	0.005954
279	G	3092	494462	470392	0.006573	276093	6	494462	3046	874074	818060	0.003723	157601	5	871846	0	0	0	nan	0	0	0	0.002850	0.000136	0.002850	0.000136	0.053698	0.002562
280	C	9360	494462	467104	0.020038	275980	6	494462	2398	873918	814420	0.002944	157605	5	871727	0	0	0	nan	0	0	0	0.017094	0.000216	0.017094	0.000216	0.322076	0.004070
281	C	19380	494462	465712	0.041614	275863	6	494462	855	873603	810839	0.001054	157603	5	871440	0	0	0	nan	0	0	0	0.040559	0.000301	0.040559	0.000301	0.764192	0.005671
282	G	15583	494462	461633	0.033756	275730	7	494462	67184	873081	834589	0.080500	157603	5	870937	0	0	0	nan	0	0	0	-0.046743	0.000412	nan	nan	nan	nan
283	C	8161	494462	455912	0.017900	285315	18	494462	2691	873369	812091	0.003314	163261	16	871187	0	0	0	nan	0	0	0	0.014587	0.000208	0.014587	0.000208	0.274841	0.003919
284	C	11602	494462	460242	0.025208	285224	18	494462	848	872634	812209	0.001044	163252	17	870475	0	0	0	nan	0	0	0	0.024164	0.000237	0.024164	0.000237	0.455286	0.004465
285	G	1257	494462	461067	0.002726	285365	18	494462	833	872416	807504	0.001032	163267	17	870274	0	0	0	nan	0	0	0	0.001695	0.000085	0.001695	0.000085	0.031936	0.001602
286	A	6239	494462	469183	0.013298	285227	18	494462	408	872190	828601	0.000492	163267	17	870063	0	0	0	nan	0	0	0	0.012805	0.000170	0.012805	0.000170	0.241265	0.003203
287	U	2929	494462	467043	0.006271	285205	18	494462	691	872170	827410	0.000835	163269	17	870057	0	0	0	nan	0	0	0	0.005436	0.000120	0.005436	0.000120	0.102422	0.002261
288	A	24194	494462	462241	0.052341	285569	18	494462	646	872265	832945	0.000776	163276	17	870167	0	0	0	nan	0	0	0	0.051565	0.000338	0.051565	0.000338	0.971562	0.006368
289	C	43475	494462	466824	0.093129	285731	18	494462	447	872264	833339	0.000536	163276	17	870182	0	0	0	nan	0	0	0	0.092593	0.000447	0.092593	0.000447	1.744590	0.008422
290	A	34047	494462	466718	0.072950	285816	19	494462	619	872189	834637	0.000742	163271	17	870120	0	0	0	nan	0	0	0	0.072208	0.000396	0.072208	0.000396	1.360506	0.007461
291	U	6663	494462	465930	0.014300	285870	19	494462	1119	872323	829337	0.001349	163266	17	870269	0	0	0	nan	0	0	0	0.012951	0.000180	0.012951	0.000180	0.244016	0.003391
292	U	6102	494462	467179	0.013061	285755	19	494462	703	872474	828959	0.000848	163266	17	870438	0	0	0	nan	0	0	0	0.012213	0.000170	0.012213	0.000170	0.230111	0.003203
293	G	4481	494462	468416	0.009566	285612	19	494462	3409	872619	833045	0.004092	163265	17	870591	0	0	0	nan	0	0	0	0.005474	0.000159	0.005474	0.000159	0.103138	0.002996
294	C	14288	494462	473122	0.030199	285276	19	494462	1475	872745	840077	0.001756	163262	17	870724	0	0	0	nan	0	0	0	0.028444	0.000257	0.028444	0.000257	0.535927	0.004842
295	C	12252	494462	470513	0.026040	284832	19	494462	604	842233	808322	0.000747	163270	17	840221	0	0	0	nan	0	0	0	0.025292	0.000237	0.025292	0.000237	0.476539	0.004465
296	U	4537	494462	454108	0.009991	284186	19	494462	793	829919	781883	0.001014	163268	18	827915	0	0	0	nan	0	0	0	0.008977	0.000153	0.008977	0.000153	0.169140	0.002883
297	A	33613	494462	459069	0.073220	283389	19	494462	475	828935	771520	0.000616	163266	18	826942	0	0	0	nan	0	0	0	0.072604	0.000400	0.072604	0.000400	1.367968	0.007537
298	U	8380	494462	460325	0.018205	282708	21	494462	873	829106	780193	0.001119	163263	18	827119	0	0	0	nan	0	0	0	0.017086	0.000202	0.017086	0.000202	0.321926	0.003806
299	G	1779	494462	459065	0.003875	281753	21	494462	695	829096	789139	0.000881	163263	18	827123	0	0	0	nan	0	0	0	0.002995	0.000098	0.002995	0.000098	0.056430	0.001846
300	U	5301	494462	457381	0.011590	280662	21	494462	3810	829239	788779	0.004830	163262	18	827277	0	0	0	nan	0	0	0	0.006760	0.000177	0.006760	0.000177	0.127368	0.003335
301	C	14391	494462	451445	0.031878	280012	21	494462	772	829456	784299	0.000984	163262	18	827506	0	0	0	nan	0	0	0	0.030893	0.000268	0.030893	0.000268	0.582070	0.005050
302	C	11724	494462	450758	0.026010	279369	22	494462	668	829665	782263	0.000854	163262	18	827730	0	0	0	nan	0	0	0	0.025156	0.000242	0.025156	0.000242	0.473977	0.004560
303	U	4006	494462	449523	0.008912	278727	22	494462	1183	829936	787397	0.001502	163258	18	828019	0	0	0	nan	0	0	0	0.007409	0.000147	0.007409	0.000147	0.139597	0.002770
304	G	3654	494462	449831	0.008123	278288	22	494462	4694	830106	792437	0.005923	163242	18	828218	0	0	0	nan	0	0	0	0.002200	0.000160	0.002200	0.000160	0.041451	0.003015
305	C	37837	494462	452579	0.083603	277793	22	494462	941	830576	800103	0.001176	163240	18	828705	0	0	0	nan	0	0	0	0.082427	0.000432	0.082427	0.000432	1.553048	0.008140
306	G	3887	494462	438023	0.008874	277286	22	494462	3457	830979	791005	0.004370	163222	18	829123	0	0	0	nan	0	0	0	0.004504	0.000161	0.004504	0.000161	0.084862	0.003033
307	C	9682	494462	431077	0.022460	276798	22	494462	1389	831218	793078	0.001751	163211	18	829374	0	0	0	nan	0	0	0	0.020709	0.000233	0.020709	0.000233	0.390188	0.004390
308	A	20509	494462	430520	0.047638	276418	22	494462	449	831623	791275	0.000567	163155	18	829791	0	0	0	nan	0	0	0	0.047070	0.000334	0.047070	0.000334	0.886869	0.006293
309	C	22234	494462	432226	0.051441	275875	21	494462	291	831861	805093	0.000361	163154	18	830037	0	0	0	nan	0	0	0	0.051079	0.000346	0.051079	0.000346	0.962405	0.006519
310	A	11990	494462	423373	0.028320	275276	20	494462	328	832023	798936	0.000411	163117	15	830215	0	0	0	nan	0	0	0	0.027910	0.000260	0.027910	0.000260	0.525866	0.004899
311	A	33269	494462	426875	0.077936	274530	19	494462	623	832141	801874	0.000777	163116	14	830360	0	0	0	nan	0	0	0	0.077159	0.000428	0.077159	0.000428	1.453791	0.008064
312	G	11383	494462	433870	0.026236	274024	19	494462	2131	832308	793182	0.002687	163113	14	830540	0	0	0	nan	0	0	0	0.023549	0.000253	0.023549	0.000253	0.443698	0.004767
313	A	22116	494462	434384	0.050913	273273	17	494462	723	832409	783844	0.000922	163107	14	830650	0	0	0	nan	0	0	0	0.049991	0.000344	0.049991	0.000344	0.941905	0.006481
314	A	21078	494462	440533	0.047847	272931	16	494462	384	832611	778327	0.000493	163047	11	830860	0	0	0	nan	0	0	0	0.047353	0.000331	0.047353	0.000331	0.892201	0.006237
315	A	12606	494462	449282	0.028058	272651	15	494462	532	832750	781387	0.000681	163047	9	831022	0	0	0	nan	0	0	0	0.027377	0.000252	0.027377	0.000252	0.515824	0.004748
316	G	3060	494462	454253	0.006736	272318	16	494462	2876	833069	791189	0.003635	163046	8	831365	0	0	0	nan	0	0	0	0.003101	0.000139	0.003101	0.000139	0.058427	0.002619
317	C	3424	494462	459263	0.007455	272162	14	494462	1336	833279	798034	0.001674	163047	9	831599	0	0	0	nan	0	0	0	0.005781	0.000135	0.005781	0.000135	0.108923	0.002544
318	G	6313	494462	458718	0.013762	272040	15	494462	3436	833667	797644	0.004308	163044	9	832001	0	0	0	nan	0	0	0	0.009455	0.000188	0.009455	0.000188	0.178146	0.003542
319	G	11131	494462	461962	0.024095	271813	12	494462	19951	833859	801049	0.024906	163043	8	832216	0	0	0	nan	0	0	0	-0.000811	0.000289	-0.000811	0.000289	-0.015280	0.005445
320	U	3634	494462	459510	0.007908	271535	12	494462	634	834060	803268	0.000789	163035	8	832438	0	0	0	nan	0	0	0	0.007119	0.000135	0.007119	0.000135	0.134133	0.002544
321	A	20315	494462	463617	0.043818	271150	11	494462	571	834251	806654	0.000708	163033	8	832657	0	0	0	nan	0	0	0	0.043111	0.000309	0.043111	0.000309	0.812276	0.005822
322	U	4007	494462	459589	0.008719	270443	11	494462	671	834375	799214	0.000840	163032	8	832794	0	0	0	nan	0	0	0	0.007879	0.000141	0.007879	0.000141	0.148452	0.002657
323	G	1692	494462	452738	0.003737	270132	11	494462	1153	834434	788271	0.001463	163030	8	832863	0	0	0	nan	0	0	0	0.002275	0.000101	0.002275	0.000101	0.042864	0.001903
324	G	1340	494462	447736	0.002993	269920	19	494462	1159	834534	782828	0.001481	163028	8	832980	0	0	0	nan	0	0	0	0.001512	0.000093	0.001512	0.000093	0.028488	0.001752
325	A	13267	494462	441188	0.030071	269609	19	494462	711	834611	780579	0.000911	163027	8	833085	0	0	0	nan	0	0	0	0.029160	0.000263	0.029160	0.000263	0.549418	0.004955
326	C	13731	494462	441289	0.031116	269371	19	494462	1649	834739	787612	0.002094	163027	8	833237	0	0	0	nan	0	0	0	0.029022	0.000270	0.029022	0.000270	0.546818	0.005087
327	C	33708	494462	438325	0.076902	269133	18	494462	1102	834980	798544	0.001380	163027	8	833515	0	0	0	nan	0	0	0	0.075522	0.000421	0.075522	0.000421	1.422947	0.007932
328	G	2240	494462	439376	0.005098	268912	18	494462	2233	835230	801428	0.002786	163026	10	833797	0	0	0	nan	0	0	0	0.002312	0.000123	0.002312	0.000123	0.043562	0.002318
329	G	3544	494462	434736	0.008152	268467	18	494462	4254	835389	794777	0.005352	163023	10	833978	0	0	0	nan	0	0	0	0.002800	0.000160	0.002800	0.000160	0.052756	0.003015
330	C	14009	494462	434422	0.032247	268095	18	494462	1459	835523	792406	0.001841	163016	10	834126	0	0	0	nan	0	0	0	0.030406	0.000277	0.030406	0.000277	0.572894	0.005219
331	A	34180	494462	445240	0.076768	267707	18	494462	829	835658	798328	0.001038	163016	10	834283	0	0	0	nan	0	0	0	0.075729	0.000417	0.075729	0.000417	1.426847	0.007857
332	C	43215	494462	450807	0.095861	267188	18	494462	1631	835789	794238	0.002054	163015	10	834443	0	0	0	nan	0	0	0	0.093808	0.000464	0.093808	0.000464	1.767483	0.008742
333	C	14902	494462	453528	0.032858	267062	18	494462	603	835956	795166	0.000758	163015	10	834629	0	0	0	nan	0	0	0	0.032100	0.000271	0.032100	0.000271	0.604812	0.005106
334	C	10337	494462	452638	0.022837	266895	18	494462	846	836183	790825	0.001070	163013	10	834887	0	0	0	nan	0	0	0	0.021767	0.000228	0.021767	0.000228	0.410123	0.004296
335	A	12933	494462	459835	0.028125	266686	18	494462	391	836369	797679	0.000490	162981	10	835117	0	0	0	nan	0	0	0	0.027635	0.000249	0.027635	0.000249	0.520685	0.004692
336	G	3270	494462	464060	0.007047	266433	18	494462	3359	836519	803315	0.004181	162973	12	835310	0	0	0	nan	0	0	0	0.002865	0.000143	0.002865	0.000143	0.053981	0.002694
337	C	4617	494462	469681	0.009830	265965	18	494462	1555	836969	810183	0.001919	162973	12	835786	0	0	0	nan	0	0	0	0.007911	0.000153	0.007911	0.000153	0.149055	0.002883
338	C	12937	494462	472917	0.027356	265174	18	494462	563	837242	808820	0.000696	162968	12	836079	0	0	0	nan	0	0	0	0.026660	0.000242	0.026660	0.000242	0.502314	0.004560
339	G	4881	494462	463448	0.010532	264828	18	494462	4702	837452	796797	0.005901	162968	12	836325	0	0	0	nan	0	0	0	0.004631	0.000174	0.004631	0.000174	0.087255	0.003278
340	C	28470	494462	455845	0.062455	264357	18	494462	15544	837647	772814	0.020114	162969	12	836531	0	0	0	nan	0	0	0	0.042342	0.000404	0.042342	0.000404	0.797786	0.007612
341	U	2084	494462	453276	0.004598	264132	18	494462	1040	837829	767512	0.001355	162954	12	836749	0	0	0	nan	0	0	0	0.003243	0.000109	0.003243	0.000109	0.061103	0.002054
342	U	2931	494462	459293	0.006382	263958	18	494462	1004	838090	775197	0.001295	162951	12	837034	0	0	0	nan	0	0	0	0.005086	0.000125	0.005086	0.000125	0.095828	0.002355
343	G	2884	494462	469758	0.006139	263760	18	494462	1225	838702	798837	0.001533	162857	12	837676	0	0	0	nan	0	0	0	0.004606	0.000122	0.004606	0.000122	0.086784	0.002299
344	U	4574	494462	475216	0.009625	263411	18	494462	1050	839199	807073	0.001301	162856	12	838184	0	0	0	nan	0	0	0	0.008324	0.000148	0.008324	0.000148	0.156837	0.002789
345	G	2546	494462	469165	0.005427	263032	18	494462	2289	839841	798027	0.002868	162855	12	838848	0	0	0	nan	0	0	0	0.002558	0.000123	0.002558	0.000123	0.048197	0.002318
346	C	12658	494462	459584	0.027542	262741	18	494462	8781	840451	794019	0.011059	162856	17	839485	0	0	0	nan	0	0	0	0.016483	0.000272	0.016483	0.000272	0.310564	0.005125
347	U	4467	494462	442527	0.010094	262587	18	494462	921	840851	787205	0.001170	162856	17	839908	0	0	0	nan	0	0	0	0.008924	0.000156	0.008924	0.000156	0.168141	0.002939
348	U	6130	494462	438506	0.013979	262354	18	494462	1673	841114	791771	0.002113	162855	17	840215	0	0	0	nan	0	0	0	0.011866	0.000186	0.011866	0.000186	0.223573	0.003505
349	C	14274	494462	440254	0.032422	262073	18	494462	578	841610	797202	0.000725	162857	17	840759	0	0	0	nan	0	0	0	0.031697	0.000273	0.031697	0.000273	0.597219	0.005144
350	A	16645	494462	456305	0.036478	261520	18	494462	473	842190	812389	0.000582	162857	17	841367	0	0	0	nan	0	0	0	0.035896	0.000284	0.035896	0.000284	0.676334	0.005351
351	G	2454	494462	456011	0.005381	261342	18	494462	2544	843001	810324	0.003139	162855	17	842215	0	0	0	nan	0	0	0	0.002242	0.000125	0.002242	0.000125	0.042243	0.002355
352	C	15403	494462	449968	0.034231	261053	18	494462	1353	843427	800169	0.001691	162858	17	842661	0	0	0	nan	0	0	0	0.032540	0.000280	0.032540	0.000280	0.613102	0.005276
353	U	5098	494462	442926	0.011510	260537	18	494462	1683	843753	792332	0.002124	162855	17	843015	0	0	0	nan	0	0	0	0.009386	0.000169	0.009386	0.000169	0.176846	0.003184
354	C	19056	494462	446205	0.042707	260321	18	494462	1012	844137	792157	0.001278	162855	17	843424	0	0	0	nan	0	0	0	0.041429	0.000312	0.041429	0.000312	0.780584	0.005879
355	G	4328	494462	443749	0.009753	259942	18	494462	2969	844298	798879	0.003716	162853	18	843606	0	0	0	nan	0	0	0	0.006037	0.000163	0.006037	0.000163	0.113746	0.003071
356	C	30969	494462	440241	0.070346	259696	18	494462	1061	844689	806134	0.001316	162852	18	844007	0	0	0	nan	0	0	0	0.069029	0.000402	0.069029	0.000402	1.300609	0.007574
357	A	27145	494462	439087	0.061821	259258	18	494462	401	845550	804904	0.000498	162844	18	844899	0	0	0	nan	0	0	0	0.061323	0.000376	0.061323	0.000376	1.155417	0.007084
358	U	7587	494462	446176	0.017005	258833	18	494462	1546	845833	809724	0.001909	162834	18	845202	0	0	0	nan	0	0	0	0.015095	0.000201	0.015095	0.000201	0.284412	0.003787
359	C	23687	494462	440275	0.053800	258470	18	494462	546	846039	806787	0.000677	162834	18	845431	0	0	0	nan	0	0	0	0.053124	0.000351	0.053124	0.000351	1.000935	0.006613
360	A	11381	494462	443439	0.025665	257989	17	494462	398	846251	808448	0.000492	162828	18	845663	0	0	0	nan	0	0	0	0.025173	0.000242	0.025173	0.000242	0.474297	0.004560
361	A	27572	494462	449766	0.061303	257301	17	494462	341	846459	810067	0.000421	162826	18	845892	0	0	0	nan	0	0	0	0.060882	0.000370	0.060882	0.000370	1.147108	0.006971
362	C	20929	494462	456284	0.045868	256874	17	494462	391	846627	813013	0.000481	162826	18	846089	0	0	0	nan	0	0	0	0.045387	0.000318	0.045387	0.000318	0.855159	0.005992
363	G	2567	494462	457175	0.005615	256232	17	494462	761	846979	802669	0.000948	162825	18	846471	0	0	0	nan	0	0	0	0.004667	0.000116	0.004667	0.000116	0.087933	0.002186
364	U	6020	494462	456042	0.013201	255511	17	494462	3675	847146	800712	0.004590	162823	18	846656	0	0	0	nan	0	0	0	0.008611	0.000186	0.008611	0.000186	0.162244	0.003505
365	C	28132	494462	457627	0.061474	253891	17	494462	525	847393	791449	0.000663	162797	18	846925	0	0	0	nan	0	0	0	0.060810	0.000368	0.060810	0.000368	1.145751	0.006934
366	U	7247	494462	458357	0.015811	253390	17	494462	424	847345	793597	0.000534	162784	18	846925	0	0	0	nan	0	0	0	0.015277	0.000188	0.015277	0.000188	0.287841	0.003542
367	A	17183	494462	448398	0.038321	252522	17	494462	482	847304	769417	0.000626	162779	18	846914	0	0	0	nan	0	0	0	0.037694	0.000294	0.037694	0.000294	0.710211	0.005539
368	A	32315	494462	459067	0.070393	250427	17	494462	1341	847036	780142	0.001719	162773	18	846670	0	0	0	nan	0	0	0	0.068674	0.000394	0.068674	0.000394	1.293921	0.007424
369	G	2166	494462	464136	0.004667	250152	17	494462	2950	847007	782322	0.003771	162769	18	846670	0	0	0	nan	0	0	0	0.000896	0.000122	0.000896	0.000122	0.016882	0.002299
370	G	0	494462	479546	0.000000	247110	17	494462	0	846966	811965	0.000000	162762	18	846669	0	0	0	nan	0	0	0	0.000000	0.000000	0.000000	0.000000	0.000000	0.000000
371	c	0	494462	0	nan	246862	17	494462	0	846939	0	nan	162761	18	846665	0	0	0	nan	0	0	0	nan	nan	nan	nan	nan	nan
372	c	0	494462	0	nan	242418	17	494462	0	846886	0	nan	162754	18	846665	0	0	0	nan	0	0	0	nan	nan	nan	nan	nan	nan
373	g	0	494462	0	nan	242180	17	494462	0	846831	0	nan	162752	18	846665	0	0	0	nan	0	0	0	nan	nan	nan	nan	nan	nan
374	c	0	494462	0	nan	239046	17	494462	0	846787	0	nan	162742	18	846665	0	0	0	nan	0	0	0	nan	nan	nan	nan	nan	nan
375	g	0	494462	0	nan	234782	17	494462	0	846731	0	nan	162715	18	846665	0	0	0	nan	0	0	0	nan	nan	nan	nan	nan	nan
376	a	0	494462	0	nan	234382	17	494462	0	846695	0	nan	162703	18	846665	0	0	0	nan	0	0	0	nan	nan	nan	nan	nan	nan
377	c	0	494462	0	nan	232525	17	494462	0	846665	0	nan	162663	18	846665	0	0	0	nan	0	0	0	nan	nan	nan	nan	nan	nan
378	u	0	494423	0	nan	232366	17	494423	0	846587	0	nan	162662	18	846587	0	0	0	nan	0	0	0	nan	nan	nan	nan	nan	nan
379	c	0	493472	0	nan	232231	17	493472	0	845981	0	nan	162660	18	845981	0	0	0	nan	0	0	0	nan	nan	nan	nan	nan	nan
380	u	0	493431	0	nan	232124	17	493431	0	845818	0	nan	162659	18	845818	0	0	0	nan	0	0	0	nan	nan	nan	nan	nan	nan
381	a	0	493353	0	nan	231898	17	493353	0	829327	0	nan	162656	18	829327	0	0	0	nan	0	0	0	nan	nan	nan	nan	nan	nan
382	g	0	493260	0	nan	231829	17	493260	0	829121	0	nan	162653	18	829121	0	0	0	nan	0	0	0	nan	nan	nan	nan	nan	nan
383	a	0	492656	0	nan	230050	17	492656	0	828785	0	nan	162614	18	828785	0	0	0	nan	0	0	0	nan	nan	nan	nan	nan	nan
384	g	0	491461	0	nan	229849	17	491461	0	828656	0	nan	162606	18	828656	0	0	0	nan	0	0	0	nan	nan	nan	nan	nan	nan
385	u	0	490179	0	nan	229457	17	490179	0	827122	0	nan	162524	18	827122	0	0	0	nan	0	0	0	nan	nan	nan	nan	nan	nan
386	c	0	487733	0	nan	228402	17	487733	0	824716	0	nan	162159	18	824716	0	0	0	nan	0	0	0	nan	nan	nan	nan	nan	nan
387	g	0	480095	0	nan	225993	17	480095	0	819593	0	nan	161362	18	819593	0	0	0	nan	0	0	0	nan	nan	nan	nan	nan	nan