416	Window=3	Metric=PAIRMAPPER	
i	j	Sig.	Class	Zij	Zi	Zj	Mod_Depth	Mod_Comuts	Unt_Depth	Unt_Comuts
240	273	677.02	1	5.23	4.55	5.91	1058190	2232	1167329	30
28	64	201.61	2	2.14	3.29	0.99	1059569	4216	1181383	51
33	92	216.88	2	2.08	2.59	1.56	1066065	2858	1173170	125
34	52	230.20	2	2.28	1.95	2.62	1069103	1432	1190105	134
36	63	327.03	2	3.07	4.84	1.30	1087499	1976	1191187	20
37	62	300.14	2	4.81	8.73	0.88	1085265	2233	1187475	19
38	88	125.02	2	2.73	3.77	1.69	1062812	5774	1180528	45
42	80	70.10	2	2.80	0.30	5.31	1066386	2461	1190188	14
44	53	1627.64	2	8.70	5.86	11.55	1042284	3377	1187260	141
112	137	294.17	2	3.05	3.61	2.49	1031177	4272	1178986	84
113	136	136.17	2	2.08	1.21	2.95	1029885	3336	1172538	49
115	162	244.97	2	2.82	2.72	2.92	1014953	4821	1170000	91
119	155	159.50	2	5.26	5.80	4.71	980769	2370	1165693	57
119	157	73.97	2	2.79	2.69	2.89	987418	3925	1170047	278
120	156	285.03	2	7.15	3.38	10.91	976273	3468	1167549	18
130	150	184.69	2	2.60	3.75	1.46	1049301	1608	1172554	141
130	154	93.35	2	3.33	1.90	4.76	1038791	673	1167954	66
131	149	202.69	2	2.20	3.17	1.24	1044628	1552	1169009	94
135	146	542.81	2	7.37	12.89	1.84	1024299	2324	1173810	18
135	150	129.97	2	2.06	3.09	1.02	1034389	1169	1170846	63
140	150	449.90	2	6.71	9.87	3.55	994678	6048	1169481	192
141	152	335.37	2	5.89	5.22	6.56	993723	5268	1166553	548
193	255	1204.47	2	4.71	6.03	3.40	1048265	6946	1156678	36
194	254	604.48	2	3.55	3.10	4.01	1044763	4649	1152003	38
195	253	283.90	2	4.47	8.08	0.87	1031570	2733	1136914	30
196	252	168.09	2	3.33	5.93	0.74	1047637	2180	1146835	35
197	251	135.27	2	3.43	6.22	0.64	1052763	1455	1148910	20
198	216	58.45	2	2.85	2.82	2.89	1055692	2637	1169143	38
209	231	821.94	2	6.79	9.81	3.76	1051315	2508	1160209	29
210	230	702.13	2	6.07	3.95	8.19	1054067	2027	1161935	94
214	227	1035.39	2	7.22	5.07	9.37	1043728	3518	1157727	29
215	226	445.06	2	4.85	4.59	5.10	1046719	2500	1163483	23
237	276	1341.36	2	5.15	3.09	7.20	1051527	6709	1143964	12
238	275	885.50	2	4.67	5.66	3.69	1055674	3517	1148825	7
239	274	201.05	2	3.93	7.05	0.80	1061962	1879	1162844	25
239	276	156.50	2	3.16	5.49	0.84	1049723	1472	1145272	60
241	272	988.83	2	6.66	5.49	7.84	1065749	2927	1172185	35
242	271	1151.68	2	7.12	6.87	7.36	1066140	2904	1175236	45
243	270	1210.06	2	7.57	5.54	9.60	1073399	3940	1174773	109
25	81	33.99	0	1.64	1.63	1.66	1061657	1408	1190802	35
26	80	30.72	0	1.39	0.45	2.33	1066435	1558	1190601	75
26	106	126.67	0	1.30	1.89	0.71	1061861	4493	1186745	111
29	61	29.93	0	0.85	1.56	0.13	1051416	1349	1185304	30
35	64	269.05	0	1.63	1.93	1.33	1067581	2377	1176833	38
36	53	155.42	0	1.70	2.29	1.10	1074088	874	1188545	54
37	72	62.59	0	1.08	1.81	0.35	1081040	1717	1182371	82
41	58	106.53	0	0.91	0.72	1.10	1069476	2574	1187393	24
41	68	28.85	0	1.96	0.19	3.72	1053503	2702	1180317	30
41	69	376.82	0	1.95	2.57	1.33	1063851	7886	1184523	28
52	92	136.62	0	1.27	1.56	0.98	1050805	2723	1175296	119
52	106	44.03	0	0.37	0.50	0.24	1055523	2496	1182241	88
53	105	90.56	0	0.78	0.64	0.91	1052293	2055	1175860	97
64	81	60.92	0	1.63	0.29	2.98	1060544	1485	1176674	36
67	84	34.23	0	1.00	1.38	0.62	1041436	9957	1181266	144
67	90	122.71	0	2.98	5.00	0.95	1051174	11000	1176989	282
69	83	32.23	0	0.32	0.11	0.54	1058224	10612	1181037	32
69	86	100.33	0	1.15	0.35	1.95	1047738	9676	1178279	56
82	154	42.07	0	1.58	1.01	2.14	1057611	1496	1167125	21
83	160	81.47	0	1.27	1.37	1.18	1046889	7134	1169151	14
84	153	107.17	0	2.11	1.94	2.28	1031619	9603	1164974	80
84	159	57.88	0	1.05	1.04	1.05	1036954	6436	1169579	99
88	105	126.17	0	1.49	1.70	1.27	1050149	5330	1176988	52
88	116	41.09	0	0.35	0.55	0.16	1030574	9475	1176256	73
88	157	24.25	0	0.63	0.32	0.95	1058871	4494	1167015	197
90	153	53.68	0	0.77	0.41	1.14	1041534	10024	1162141	165
90	159	82.41	0	1.06	0.63	1.49	1047034	6955	1166875	177
91	152	52.04	0	0.82	0.62	1.01	1052969	7517	1165865	334
91	158	74.01	0	1.36	0.89	1.84	1049565	4386	1155791	289
105	142	59.31	0	0.66	0.60	0.73	1000765	6980	1170783	108
106	141	105.67	0	1.12	0.59	1.64	994784	3883	1172684	136
111	121	50.25	0	3.24	6.04	0.43	978980	4636	1183000	22
116	142	526.98	0	4.29	2.06	6.51	987037	14325	1171051	151
121	155	219.35	0	4.19	1.89	6.48	979012	3755	1166192	10
129	157	58.08	0	1.86	1.45	2.27	1055070	1446	1166001	407
131	144	151.22	0	3.15	2.36	3.95	1028719	5453	1172465	33
141	158	78.05	0	1.58	1.21	1.94	988447	2747	1156293	443
152	163	116.83	0	1.99	2.28	1.70	1040614	7937	1165982	270
165	294	27.24	0	0.97	0.32	1.61	1024470	8552	1105815	71
166	187	24.25	0	0.72	1.10	0.35	1015639	4460	1168153	45
176	188	35.02	0	1.38	2.60	0.15	1018984	6327	1157213	28
176	273	48.24	0	2.00	3.58	0.42	1009479	2465	1136072	34
187	266	58.46	0	1.43	0.86	1.99	1039628	4607	1152129	18
188	240	228.82	0	1.31	1.09	1.53	1056419	4511	1158319	33
191	228	142.06	0	1.18	1.07	1.29	1043055	3392	1164522	143
191	257	540.65	0	3.76	4.12	3.39	1030241	7079	1157317	175
192	256	588.29	0	3.66	1.77	5.55	1041651	8387	1162419	71
198	250	49.80	0	1.55	2.40	0.70	1061883	1218	1155819	35
200	222	67.33	0	5.23	8.42	2.05	1023396	6331	1170161	18
202	246	151.48	0	3.32	3.54	3.11	1061657	7332	1165241	47
202	257	38.88	0	0.57	0.91	0.23	1038410	6225	1163509	99
204	242	31.01	0	0.51	0.85	0.17	1070708	3383	1174403	38
209	248	26.62	0	0.40	0.32	0.49	1057717	1577	1156192	39
210	247	28.06	0	0.63	0.16	1.10	1058609	1668	1158122	47
211	226	78.88	0	1.06	1.21	0.90	1061030	2276	1165796	42
215	250	31.98	0	0.39	0.33	0.44	1043140	1486	1155772	24
227	253	210.39	0	1.27	1.90	0.64	1037134	4500	1157138	46
228	254	91.73	0	0.71	0.83	0.59	1031446	2716	1164557	185
234	247	101.97	0	2.30	0.53	4.07	1049265	5982	1167280	64
249	267	203.15	0	8.49	8.00	8.99	1056433	4144	1167351	22
276	287	98.88	0	4.76	0.53	8.99	1021572	8847	1153663	17
278	288	31.34	0	3.78	4.27	3.29	1008186	9693	1172219	17
280	289	25.50	0	2.44	0.92	3.97	1003618	4819	1170794	10
296	305	255.28	0	9.76	7.77	11.74	977704	7213	1128919	17
308	352	29.03	0	3.46	1.80	5.12	955543	5126	1137486	7
328	340	118.50	0	9.68	4.96	14.40	1004022	2648	1136006	6
329	340	35.54	0	3.42	2.51	4.33	1011259	2622	1136550	9
336	345	29.28	0	4.28	5.78	2.78	977210	8167	1147364	50
344	366	39.78	0	3.65	3.86	3.45	1007756	7139	1152773	26
361	373	160.38	0	11.02	10.36	11.68	1047951	5958	1152509	59
