513	Window=3	Metric=PAIRMAPPER	
i	j	Statistic	Class	Zij	Zi	Zj	Mod_Depth	Mod_Comuts	Unt_Depth	Unt_Comuts
178	189	224.2	1	8.0	12.59	3.42	498677	660	753856	40
179	188	437.6	1	8.95	11.04	6.85	498260	612	754138	7
207	218	103.04	1	4.95	7.98	1.92	491671	755	744932	67
226	266	225.8	1	8.88	7.03	10.72	485641	544	683439	8
230	262	74.03	1	2.65	1.72	3.59	488600	379	679183	71
233	259	61.61	1	3.82	3.64	3.99	480484	218	655826	35
68	128	37.34	2	3.01	3.53	2.49	467598	2643	766648	17
70	82	24.92	2	2.22	3.81	0.63	482735	1354	779889	30
71	81	39.28	2	3.14	5.05	1.22	483738	1452	780040	24
81	92	94.24	2	4.2	2.93	5.46	494028	2412	766677	19
83	116	142.41	2	5.09	3.64	6.55	495079	1897	771648	19
83	123	26.34	2	3.13	0.67	5.59	500076	811	770877	35
83	130	63.26	2	2.54	1.62	3.47	494438	1942	769306	56
84	115	153.72	2	7.07	6.64	7.49	497658	1954	770418	36
89	131	24.13	2	2.36	3.72	1.0	490422	2374	753537	36
90	133	32.01	2	3.44	5.11	1.78	485051	2133	758990	25
123	142	23.99	2	5.53	5.1	5.96	501887	446	764222	17
131	140	265.58	2	12.46	10.95	13.97	500297	3098	753593	75
150	199	27.3	2	2.05	1.2	2.9	501574	604	747594	37
156	212	160.83	2	6.44	4.44	8.45	495426	3361	752549	5
157	173	56.32	2	3.08	2.73	3.44	506143	795	765775	9
158	210	45.85	2	2.51	2.87	2.15	494855	1131	741726	1
159	212	45.36	2	2.82	3.25	2.38	493732	1555	751497	8
176	214	28.35	2	2.67	2.54	2.8	495546	1233	747036	40
177	190	80.53	2	3.04	4.91	1.18	504731	724	755145	78
177	202	24.97	2	3.45	1.52	5.37	502861	565	738218	72
177	213	27.49	2	2.19	1.68	2.7	494720	1199	746771	36
179	202	27.23	2	3.27	0.69	5.86	499044	394	736165	19
198	212	51.3	2	4.7	6.71	2.69	497028	1589	745867	7
225	267	165.71	2	8.75	8.75	8.75	489253	617	700053	10
227	268	42.11	2	3.18	1.73	4.64	486752	766	692905	5
231	261	52.13	2	5.14	9.51	0.77	487080	121	676953	10
234	254	35.68	2	3.43	0.92	5.95	467858	331	634772	10
240	250	40.75	2	4.66	1.69	7.63	484851	282	687207	104
240	251	93.99	2	7.54	3.89	11.2	480657	742	657641	77
241	250	50.07	2	5.59	1.8	9.37	488270	238	688629	69
241	253	55.67	2	4.13	2.0	6.25	467685	634	642749	82
242	252	36.08	2	3.99	2.47	5.5	450434	597	616342	54
242	253	59.65	2	5.39	4.09	6.7	462221	679	642667	88
250	260	57.28	2	6.25	10.72	1.78	477713	208	651795	56
279	297	86.6	2	6.35	6.71	5.99	434058	837	401064	10
296	319	164.85	2	10.7	9.61	11.79	435449	801	451922	24
311	320	24.15	2	5.06	4.9	5.21	347414	400	443845	29
337	353	248.83	2	9.94	12.95	6.94	417774	2484	545668	3
341	350	481.72	2	12.68	8.34	17.01	461545	1262	635453	10
369	394	64.55	2	4.77	3.82	5.72	464630	717	655590	7
370	393	101.67	2	6.39	5.61	7.16	471640	1459	661495	3
371	392	97.72	2	7.33	6.02	8.64	476749	1192	659756	4
378	424	28.17	2	3.04	3.65	2.42	485481	362	686088	20
416	434	53.2	2	4.0	7.03	0.96	493018	339	709861	10
417	429	42.1	2	2.69	2.88	2.5	496808	346	714897	12
417	485	84.97	2	3.37	5.82	0.92	499600	812	722353	13
423	478	199.55	2	3.87	1.72	6.02	501221	1652	718599	21
424	477	107.01	2	5.34	9.24	1.44	504786	889	724387	15
425	453	47.82	2	3.44	5.6	1.28	489950	402	712286	14
426	436	41.07	2	5.96	4.71	7.21	492309	588	718085	8
431	449	190.39	2	6.74	10.36	3.13	491154	854	706846	14
432	448	208.32	2	6.21	3.46	8.95	490991	837	698424	11
433	447	304.81	2	7.9	5.48	10.32	497725	641	716179	5
434	446	54.68	2	3.83	0.99	6.68	486235	271	701006	7
435	448	217.51	2	8.71	8.08	9.35	484044	389	687737	11
436	447	27.69	2	2.9	4.86	0.94	494435	749	725798	9
453	462	247.78	2	10.52	6.67	14.36	479168	1842	734224	43
469	482	24.58	2	5.1	3.95	6.25	496130	405	745970	24
478	488	238.37	2	5.66	7.19	4.13	501542	1024	735144	15
474	489	88.22	2	2.02	1.4	2.63	994329	2095	1176322	16
481	497	30.22	2	3.04	4.87	1.22	986315	1887	1160641	23
488	508	78.85	2	2.37	1.1	3.64	951040	2583	1170499	19
489	498	67.41	2	3.4	2.01	4.8	983798	2011	1168792	15
515	541	95.56	2	3.41	3.06	3.76	977378	1605	1155392	61
516	540	139.55	2	5.08	5.55	4.6	980656	1810	1152527	28
531	541	211.92	2	7.31	6.3	8.33	990910	1732	1154628	82
573	629	95.06	2	2.54	2.69	2.38	957245	2041	1135181	27
573	630	174.15	2	3.51	4.93	2.08	964910	3184	1135489	25
574	629	238.93	2	4.96	3.93	5.98	956989	3288	1134856	16
575	628	82.93	2	3.33	0.74	5.92	946840	2744	1134983	23
576	627	106.2	2	3.56	1.44	5.67	951839	2166	1137661	28
596	619	144.63	2	5.38	5.48	5.28	886149	5620	1120330	78
616	626	153.43	2	4.06	5.12	3.01	955049	3796	1136544	85
616	631	310.93	2	7.03	10.37	3.7	958726	5366	1133680	39
631	646	148.12	2	4.33	1.77	6.89	970828	4810	1138278	21
658	694	132.68	2	2.05	3.36	0.75	947939	3998	1082267	71
664	682	155.97	2	2.88	2.96	2.8	975395	1671	1108132	104
665	694	207.49	2	2.06	2.94	1.18	966182	2335	1087318	45
666	693	240.85	2	3.49	5.94	1.03	989733	2016	1104363	20
667	692	253.13	2	4.34	7.8	0.88	973125	2486	1090869	16
674	683	1172.59	2	9.59	7.01	12.17	940022	3542	1116821	98
694	711	75.22	2	2.37	0.27	4.46	950764	1297	1151104	28
718	735	142.38	2	2.39	2.47	2.32	928074	4479	1151355	39
742	771	121.56	2	2.17	2.4	1.94	880649	3197	1048829	80
743	766	132.58	2	2.57	1.46	3.69	912764	2688	1148611	47
745	792	258.58	2	3.32	3.39	3.25	906528	4306	1041934	50
746	772	919.83	2	6.37	3.32	9.42	868471	10706	1145052	105
759	785	43.14	2	2.13	1.6	2.66	957708	919	1078496	35
759	787	51.15	2	2.6	1.9	3.3	956702	1727	1070732	175
760	780	137.24	2	2.68	4.08	1.27	943986	2054	1077649	69
760	784	55.28	2	3.51	1.65	5.38	949146	695	1081231	21
761	779	189.49	2	2.74	4.34	1.14	938589	1931	1077473	55
765	776	420.6	2	7.04	12.57	1.52	920472	2574	1072422	13
770	780	803.11	2	7.78	9.11	6.45	899200	5111	1141645	113
771	782	395.8	2	5.5	5.06	5.93	895344	3980	1139412	363
782	793	286.65	2	4.58	4.29	4.86	934043	6149	1136882	219
816	829	160.07	2	10.7	8.68	12.72	977326	1158	1097365	78
817	828	34.26	2	2.88	1.53	4.22	984624	745	1105515	20
818	827	89.38	2	6.47	2.67	10.28	988338	596	1102081	8
769	872	184.62	2	2.96	2.45	3.47	892977	8248	1108337	61
802	848	98.02	2	3.98	2.23	5.73	905089	3393	1123609	11
803	847	96.53	2	3.36	2.15	4.56	911829	3633	1111354	8
817	848	56.29	2	2.0	0.72	3.29	925086	1197	1127153	23
818	847	151.07	2	4.24	1.33	7.15	922623	1687	1107699	10
830	853	83.02	2	4.15	7.29	1.01	921501	2208	1130397	59
838	853	267.32	2	6.64	10.02	3.26	948896	1833	1139362	81
839	852	162.05	2	4.61	6.96	2.26	950254	1443	1138328	63
849	888	145.69	2	3.91	2.74	5.08	954587	4694	1118313	69
867	886	33.79	2	2.62	2.62	2.62	918506	2676	1109532	41
41	62	42.11	0	6.66	9.68	3.65	480810	910	783410	9
55	68	23.95	0	1.89	1.52	2.26	465680	4328	775624	14
56	67	44.56	0	4.96	6.22	3.7	484028	2869	778714	9
65	79	39.86	0	2.93	0.89	4.98	489130	2104	777764	4
66	78	87.64	0	4.69	3.77	5.61	487734	1857	777334	2
83	120	42.02	0	3.06	1.07	5.04	502832	2460	780151	17
83	133	33.4	0	1.35	0.85	1.85	492433	1844	762212	45
84	122	37.03	0	4.93	1.6	8.25	503468	895	772116	22
97	107	55.56	0	9.57	5.16	13.99	476815	1297	772887	31
131	222	70.28	0	2.08	2.9	1.27	491757	5919	734355	106
140	317	50.5	0	3.0	2.66	3.34	429609	2743	372224	19
146	309	40.22	0	2.93	0.85	5.0	393161	1479	346845	5
147	308	74.23	0	3.6	1.65	5.54	370618	2319	325163	4
152	184	37.48	0	4.09	4.04	4.14	487959	2549	760971	14
156	216	25.14	0	1.33	0.69	1.97	499774	2806	746825	7
157	208	27.09	0	1.75	1.31	2.19	499662	378	758135	15
157	211	109.69	0	4.53	5.31	3.76	500235	2014	752653	3
161	170	29.2	0	4.99	9.45	0.53	491664	1917	752904	14
173	196	39.42	0	6.28	2.41	10.14	507750	2040	760628	8
175	184	128.51	0	14.56	14.92	14.21	492309	1679	757337	18
220	288	26.15	0	1.7	2.12	1.28	461645	2349	630002	30
220	314	26.72	0	1.6	2.17	1.04	373022	729	343720	11
227	264	28.23	0	1.63	1.16	2.1	461664	1378	641350	40
294	316	35.39	0	1.92	1.73	2.11	301071	1420	324951	9
298	308	33.39	0	3.55	4.62	2.49	298363	1019	282372	12
319	359	29.14	0	1.57	2.09	1.06	453017	1284	582615	28
319	488	28.68	0	1.27	2.05	0.49	460550	940	587062	22
351	372	42.59	0	4.62	0.87	8.36	474588	3374	645037	11
368	381	34.21	0	4.2	6.51	1.9	477386	1160	668773	40
377	487	43.81	0	1.26	1.73	0.79	478965	942	673136	55
378	486	26.39	0	1.88	3.42	0.34	487796	948	692237	38
405	443	26.74	0	3.56	4.73	2.38	470331	3655	700767	34
414	441	25.34	0	4.64	5.41	3.87	482079	1763	698720	14
415	432	27.25	0	1.74	3.04	0.45	492809	553	705585	12
418	484	272.32	0	7.76	12.2	3.32	501072	2477	719901	8
424	485	40.84	0	1.98	3.52	0.44	504151	833	725319	10
426	441	45.29	0	6.06	5.19	6.92	484779	807	714090	7
428	473	217.87	0	8.49	12.91	4.07	491165	2075	710629	5
432	445	27.17	0	1.12	0.45	1.78	489262	553	702496	11
446	455	46.46	0	3.09	5.67	0.5	483286	801	712356	12
460	483	24.93	0	1.55	2.33	0.76	495478	987	743718	18
466	481	31.54	0	2.72	0.36	5.08	1002429	1866	1170279	18
485	516	52.83	0	1.25	0.4	2.11	994384	3587	1161611	33
488	512	94.52	0	3.21	1.32	5.1	986396	3761	1161173	58
489	507	156.04	0	5.77	4.65	6.9	987095	2520	1169729	12
495	552	61.96	0	2.96	5.41	0.51	969731	5540	1154411	14
496	551	57.39	0	1.87	3.43	0.31	957155	5731	1149419	11
507	538	43.74	0	1.93	1.94	1.93	985238	5516	1155998	7
508	531	36.06	0	1.37	1.67	1.08	958576	2432	1163853	28
508	537	38.66	0	1.59	1.79	1.38	955550	4777	1162308	13
512	555	43.89	0	1.43	2.38	0.48	935552	6578	1152095	35
533	553	42.52	0	1.06	1.9	0.22	976603	4298	1149575	28
554	649	30.04	0	1.07	0.21	1.92	956229	7767	1123187	9
555	572	33.04	0	2.49	0.36	4.61	921757	1913	1153297	18
570	594	26.79	0	1.47	2.35	0.58	927797	4893	1144988	19
577	626	189.11	0	4.2	4.7	3.71	931178	3325	1140934	87
577	631	273.69	0	5.03	6.79	3.26	935175	4542	1137485	46
578	600	151.49	0	5.1	2.36	7.84	917885	4950	1138229	304
578	625	67.08	0	1.26	1.05	1.48	935942	3795	1139967	119
597	618	96.05	0	3.67	2.59	4.76	925338	5282	1124507	107
597	625	72.2	0	1.77	1.95	1.59	942624	6954	1127818	70
597	628	25.86	0	1.28	0.7	1.85	934193	3391	1122658	83
598	627	30.95	0	1.46	1.27	1.66	946647	2107	1128469	88
612	662	84.31	0	1.38	2.59	0.17	952235	12343	1101832	57
619	648	25.82	0	1.62	0.95	2.29	922055	5303	1111376	54
628	637	100.19	0	8.16	7.15	9.17	951156	6440	1139614	41
646	658	44.38	0	1.59	2.07	1.1	950314	3374	1105458	26
646	665	28.31	0	0.85	1.33	0.38	966225	1805	1104830	23
655	711	27.03	0	1.4	1.07	1.73	956577	1389	1086440	32
656	736	109.66	0	1.66	2.27	1.06	949897	5148	1066061	80
659	680	86.67	0	4.07	5.04	3.11	936942	4592	1100743	46
659	691	34.77	0	1.15	2.0	0.3	939684	1403	1090770	33
660	696	174.06	0	2.36	0.35	4.38	946109	15796	1080165	582
662	680	42.99	0	0.81	0.08	1.54	975492	22142	1113767	43
663	722	103.46	0	1.59	2.24	0.94	969610	3448	1086561	113
666	675	28.55	0	1.24	0.68	1.79	953799	2152	1113747	42
666	683	56.25	0	0.98	1.37	0.59	978008	924	1110064	52
667	702	73.56	0	1.44	2.25	0.62	973604	2316	1088721	71
668	718	52.01	0	1.32	1.79	0.85	958660	5047	1085487	41
671	688	134.06	0	1.54	1.03	2.05	968547	2415	1108823	58
671	699	307.86	0	1.86	2.37	1.35	958038	7449	1103366	72
672	710	37.99	0	1.59	0.19	2.99	962851	2324	1106430	10
682	722	91.24	0	1.23	1.64	0.82	958406	3350	1094012	87
682	725	34.54	0	0.6	0.62	0.58	952553	3456	1082389	303
683	702	147.24	0	1.4	1.53	1.26	974382	3421	1104941	117
684	711	28.09	0	1.26	0.72	1.8	968857	1452	1098828	13
686	710	26.23	0	2.17	2.28	2.06	979527	3595	1102165	17
690	707	31.98	0	0.46	0.22	0.7	953416	2174	1081807	15
697	708	54.22	0	1.42	1.72	1.12	966720	6844	1099355	299
697	720	38.15	0	0.8	1.21	0.39	947225	9452	1092502	236
698	713	27.67	0	1.54	2.67	0.42	948158	3892	1095874	18
698	716	46.11	0	2.81	4.46	1.16	920309	4017	1057508	61
699	713	25.79	0	0.24	0.1	0.39	960907	9800	1096762	16
699	716	167.45	0	2.5	0.73	4.27	932611	10325	1058777	57
709	736	37.11	0	1.94	3.52	0.35	973166	2423	1089300	43
710	793	41.61	0	1.93	3.27	0.58	967325	2210	1036875	13
712	791	57.3	0	1.03	1.4	0.65	977706	4934	1034433	3
713	790	77.28	0	1.25	1.19	1.31	963137	5734	1023967	3
714	783	109.98	0	2.08	1.92	2.24	933312	8975	1013712	75
714	789	53.59	0	1.0	0.93	1.07	944383	5472	1011457	45
720	783	77.26	0	1.19	0.82	1.57	944562	8812	1025277	125
720	789	113.46	0	1.74	1.22	2.26	955937	5635	1022279	66
721	782	46.16	0	0.69	0.69	0.69	944694	7658	1029799	239
722	761	27.6	0	0.43	0.23	0.64	942841	2570	1040157	46
729	741	29.09	0	1.67	0.48	2.86	938869	2743	1056707	17
735	747	152.38	0	1.4	2.11	0.69	927214	7248	1059823	116
736	771	72.75	0	0.93	0.7	1.16	904791	4553	1071106	78
737	811	35.3	0	1.0	0.39	1.62	952551	6983	1058565	15
741	751	68.99	0	3.7	6.8	0.61	870367	4956	1050819	6
742	767	94.18	0	1.37	1.85	0.88	890607	3433	1025193	42
749	785	53.94	0	2.42	1.52	3.33	887833	2225	1050689	18
750	786	71.95	0	2.34	0.69	3.99	868949	3467	1054760	9
751	785	94.62	0	3.34	0.84	5.85	885408	3317	1068677	3
759	781	60.26	0	1.92	2.23	1.61	949299	3985	1068655	267
761	774	144.46	0	3.14	3.31	2.96	931289	6481	1078710	22
766	790	38.97	0	0.86	1.06	0.66	924249	2463	1057662	13
771	794	64.35	0	0.86	1.02	0.69	888937	3178	1071037	69
784	809	29.31	0	2.16	2.85	1.47	960731	2684	1086954	9
786	799	66.46	0	5.79	3.69	7.9	918925	3846	1073565	24
796	817	26.3	0	1.27	1.36	1.18	939542	2584	1100955	17
813	837	39.95	0	2.75	0.96	4.54	988840	3210	1085364	130
671	698	43.56	0	3.2	0.26	6.15	947114	2539	1159814	23
677	686	115.6	0	9.99	11.02	8.96	959180	15351	1158948	20
723	770	41.47	0	0.58	0.7	0.46	891007	7103	1141093	354
747	797	34.06	0	0.56	0.13	0.99	876861	8936	1141998	105
770	871	253.97	0	2.41	2.87	1.95	875388	13379	1110948	43
770	875	28.99	0	0.39	0.32	0.45	892380	6501	1105478	88
771	788	98.99	0	1.94	1.26	2.62	891114	1872	1132218	379
772	787	39.45	0	1.3	0.39	2.21	904833	3974	1138869	321
780	872	26.39	0	0.35	0.2	0.5	917065	4152	1109585	99
786	880	29.12	0	1.5	2.1	0.9	935902	1662	1098221	152
787	854	29.44	0	0.96	1.64	0.29	944857	3949	1121874	194
804	846	199.53	0	4.7	5.91	3.48	928526	8415	1124935	13
806	818	32.67	0	1.07	1.85	0.29	915015	3098	1137960	19
816	846	122.16	0	2.94	3.75	2.13	926236	2826	1124168	50
821	890	68.81	0	2.04	2.9	1.19	917729	6293	1108042	25
828	857	29.55	0	1.38	2.21	0.56	938727	956	1129975	30
832	872	25.95	0	0.42	0.34	0.49	896924	5409	1117300	42
846	856	76.79	0	0.96	1.33	0.59	942469	10214	1125494	8
894	905	44.23	0	3.68	1.31	6.05	901321	10271	1104139	7
913	930	37.8	0	3.62	3.06	4.18	865733	10892	1067435	16
914	923	190.58	0	10.39	7.58	13.2	871561	6581	1124458	18
941	956	760.58	0	12.09	6.41	17.77	893056	18313	1111282	394
946	958	124.36	0	5.64	5.24	6.03	891968	2484	1102649	2
947	958	59.56	0	3.46	4.03	2.89	897765	2407	1103184	5
965	978	148.06	0	8.5	7.7	9.3	900132	15576	1109322	107
979	991	128.27	0	8.77	9.02	8.52	935455	5588	1121075	56
