452	Window=3	Metric=PAIRMAPPER	
i	j	Statistic	Class	Zij	Zi	Zj	Mod_Depth	Mod_Comuts	Unt_Depth	Unt_Comuts
168	198	26.26	1	2.5	4.84	0.17	487258	204	1020110	14
775	786	68.08	1	5.36	3.43	7.28	548184	317	1122087	21
776	785	196.64	1	11.38	7.15	15.62	491840	294	983078	6
36	93	76.81	2	2.55	1.72	3.38	626447	3050	1156630	2
37	46	70.83	2	2.35	2.77	1.94	626606	1718	1187426	24
37	77	36.74	2	2.35	1.44	3.27	628401	1842	1158776	34
44	83	91.32	2	4.04	6.76	1.32	629644	2347	1168952	16
70	87	95.28	2	4.46	8.15	0.78	617463	4603	1163645	87
97	108	42.85	2	2.36	4.25	0.47	625537	2372	1133876	12
98	107	37.31	2	6.22	11.69	0.75	618243	2520	1138224	16
114	127	193.24	2	4.23	5.51	2.95	622772	1257	1125448	43
115	126	470.12	2	8.87	11.16	6.57	616346	1222	1122887	28
116	125	592.45	2	8.93	9.53	8.34	611876	1436	1121220	16
116	139	26.98	2	2.33	0.43	4.23	620983	958	1118138	18
144	155	867.49	2	11.74	11.95	11.53	539902	1799	1110160	297
162	204	163.97	2	5.76	5.91	5.61	424611	762	1051273	10
163	203	163.55	2	4.94	3.51	6.36	490974	654	1037995	8
164	205	61.54	2	2.64	2.1	3.18	484691	816	1050993	13
169	197	80.0	2	5.03	9.19	0.87	480609	391	1015836	32
170	196	127.99	2	3.57	4.37	2.78	464129	426	1025622	23
177	187	73.2	2	3.76	1.02	6.5	517508	431	1040266	99
177	188	194.91	2	5.29	2.71	7.87	511924	1090	1032774	70
178	187	80.6	2	4.06	0.96	7.15	485751	371	1041017	70
178	190	112.3	2	4.27	1.34	7.2	456866	917	1008915	66
179	189	104.74	2	3.69	2.5	4.89	393502	872	963332	71
179	190	96.64	2	4.25	2.31	6.19	469872	881	994086	69
187	197	59.79	2	2.98	5.31	0.65	564967	395	1002908	71
188	197	143.68	2	3.69	5.8	1.57	559150	997	997789	48
216	234	292.33	2	6.96	5.28	8.65	513910	2000	781694	15
217	233	507.96	2	9.59	10.46	8.71	525626	1997	804512	42
220	230	53.43	2	5.32	7.99	2.66	484976	764	765321	21
248	278	43.59	2	2.94	5.06	0.82	451349	1139	512294	15
265	296	26.45	2	2.69	4.6	0.77	489778	865	514528	12
266	294	43.73	2	3.36	4.81	1.91	485100	802	569372	39
266	295	66.29	2	4.52	7.29	1.75	485950	1139	555544	39
270	291	36.89	2	4.32	5.02	3.62	488316	1786	563720	6
274	290	236.18	2	10.28	12.72	7.83	426206	2575	514185	4
278	287	390.11	2	9.84	7.28	12.41	471929	1411	613871	6
288	309	32.15	2	3.23	0.77	5.69	414537	2421	532369	4
306	331	47.45	2	2.82	1.46	4.19	437891	710	628769	7
307	330	66.6	2	3.77	2.21	5.34	465051	1303	666039	4
308	329	114.36	2	5.62	4.85	6.39	446026	1199	627479	4
352	372	70.85	2	3.48	5.77	1.2	564560	422	883932	26
353	371	66.12	2	3.44	6.32	0.57	592761	572	947170	20
354	366	99.9	2	4.26	3.55	4.97	600371	649	952107	16
360	415	248.84	2	3.24	2.57	3.92	613468	2489	990509	13
361	414	173.07	2	5.21	8.92	1.5	625267	1614	1024394	18
361	422	77.08	2	2.38	3.96	0.8	621216	1307	1016206	31
365	410	163.8	2	5.71	8.14	3.28	596293	2468	976050	9
368	386	256.18	2	7.33	12.27	2.38	589013	1297	958541	21
369	385	412.39	2	6.41	3.86	8.96	587914	1458	972520	13
370	384	497.5	2	6.93	4.4	9.46	603400	1118	995791	11
371	383	114.4	2	5.12	0.98	9.26	607055	474	1004947	22
372	382	49.18	2	2.39	0.83	3.96	579863	341	946391	20
372	385	333.84	2	6.46	5.66	7.25	571530	674	933043	23
390	399	272.7	2	9.79	5.78	13.8	586852	2804	1046677	91
411	426	89.7	2	2.53	2.34	2.72	620542	1420	1080375	11
415	425	544.61	2	7.34	8.58	6.1	623427	1994	1062068	27
425	445	68.03	2	3.56	1.12	6.01	540662	1773	1275573	41
425	449	75.72	2	3.61	1.24	5.97	555005	2665	1259716	94
426	435	58.86	2	5.23	3.02	7.43	553457	1504	1286842	28
452	478	95.66	2	3.94	3.89	3.98	547351	889	1261744	104
453	477	112.15	2	6.07	8.0	4.14	547787	1106	1252190	25
468	478	296.47	2	11.58	10.81	12.35	551585	888	1256126	78
511	525	52.01	2	5.94	5.55	6.32	431833	904	1179474	86
536	558	57.71	2	3.33	4.94	1.71	345650	716	1096910	177
570	604	30.24	2	2.27	0.87	3.67	479721	1452	968116	34
589	604	53.18	2	5.0	3.55	6.46	493394	2794	976048	41
604	616	33.16	2	3.59	4.03	3.15	397772	1191	608259	31
616	652	47.6	2	2.71	4.53	0.9	388395	1185	466367	20
624	651	109.3	2	3.88	6.17	1.58	452314	614	568372	6
625	650	101.18	2	4.81	8.61	1.0	413620	770	557611	5
632	641	576.19	2	10.13	7.92	12.33	345494	1020	415045	48
652	669	43.41	2	2.56	0.82	4.3	415689	508	503581	12
676	693	66.3	2	2.7	3.21	2.19	402613	1390	506420	33
678	747	69.42	2	3.05	2.19	3.91	441728	2161	636393	31
679	746	42.36	2	2.8	2.07	3.53	473724	1593	695442	90
700	729	55.6	2	2.73	3.12	2.33	447080	1345	856114	69
703	750	135.35	2	4.32	4.77	3.87	465232	2146	873425	62
704	730	214.55	2	4.06	2.72	5.41	573417	4395	953131	253
707	743	47.22	2	3.47	2.87	4.07	475218	898	906530	31
708	744	113.54	2	6.19	2.26	10.12	490270	1527	952011	22
717	743	38.08	2	2.63	1.97	3.28	534051	374	1003656	29
718	738	126.96	2	4.24	6.43	2.04	529657	795	1019205	102
718	742	52.4	2	4.85	2.66	7.04	532149	273	1014023	26
719	737	123.11	2	3.9	6.13	1.67	525829	733	1020641	56
723	734	219.82	2	7.71	13.51	1.91	507936	949	987306	7
728	738	759.88	2	10.24	9.74	10.73	844999	3541	969806	290
740	751	106.32	2	3.93	4.4	3.46	529352	3815	1020101	283
622	640	220.43	2	2.7	2.65	2.75	1036543	1553	1036024	243
626	676	94.46	2	2.84	3.33	2.35	1012306	6023	1022662	79
667	694	41.09	2	3.11	5.65	0.56	851710	1350	991672	165
727	830	152.44	2	3.45	2.4	4.5	826222	6336	765305	108
729	740	367.49	2	7.84	9.2	6.47	740657	3079	952869	768
760	806	60.21	2	2.84	1.57	4.1	853120	2451	802331	12
761	805	100.31	2	3.43	1.7	5.17	866498	2744	815435	8
776	805	81.16	2	2.72	1.25	4.18	851557	965	786275	23
797	810	140.1	2	4.47	5.59	3.36	897106	1627	810638	103
807	846	85.26	2	4.02	3.6	4.44	889602	5170	657477	70
896	909	33.01	2	3.62	2.38	4.86	931654	4311	860337	140
28	37	84.41	0	6.56	9.81	3.3	626013	1655	1187182	29
28	42	76.21	0	6.98	8.86	5.09	630175	4347	1177835	24
29	41	26.03	0	1.98	2.04	1.93	627160	4080	1186971	14
29	101	66.18	0	3.13	5.18	1.09	624670	3997	1176891	9
29	102	46.13	0	2.35	3.61	1.1	626012	3381	1172506	26
30	80	24.63	0	1.34	1.09	1.6	622412	1152	1161197	19
30	100	78.92	0	2.64	3.49	1.79	617434	3929	1173836	12
31	99	24.24	0	1.31	1.19	1.42	621100	1721	1168822	9
37	92	47.98	0	1.58	1.88	1.29	627357	3080	1159091	7
38	49	103.72	0	7.91	10.05	5.76	618716	2982	1186568	10
43	84	208.87	0	4.9	5.39	4.41	623623	5700	1149882	22
44	100	24.06	0	1.16	1.78	0.54	619145	2155	1174449	21
45	82	50.01	0	1.36	1.38	1.34	633980	2642	1165326	70
45	99	42.34	0	1.82	1.17	2.48	625016	1636	1160365	28
48	79	27.9	0	1.94	0.65	3.24	624643	985	1180237	11
66	88	86.18	0	2.26	2.84	1.68	616789	3946	1158626	66
67	87	168.16	0	3.7	6.01	1.38	606050	6264	1160424	112
78	102	36.85	0	1.73	2.58	0.88	629098	4172	1160425	30
79	100	33.51	0	2.32	3.89	0.76	623639	1600	1171115	12
87	111	24.83	0	1.74	0.19	3.3	633951	1468	1141316	44
87	136	25.13	0	1.34	0.19	2.48	626874	1805	1136419	56
88	167	26.9	0	0.38	0.51	0.25	504935	786	1111674	19
93	149	79.11	0	3.47	3.48	3.45	599376	3618	1123476	3
94	110	34.02	0	1.84	2.53	1.15	634512	1234	1145653	14
94	148	25.66	0	1.38	1.91	0.85	607055	2563	1123660	4
94	152	58.14	0	3.71	4.34	3.07	587501	2375	1126588	7
95	147	31.41	0	1.53	1.77	1.3	597848	1806	1087879	11
95	151	25.44	0	1.72	1.43	2.0	593164	1817	1128095	7
110	133	38.45	0	2.81	1.3	4.32	629819	3378	1122481	18
112	121	180.83	0	13.42	14.44	12.4	609213	2525	1121764	30
113	128	42.86	0	1.64	2.01	1.28	621684	878	1125531	46
113	144	38.75	0	1.18	1.82	0.54	616631	675	1122033	88
114	150	26.29	0	1.65	0.75	2.55	589324	1514	1115415	17
133	145	61.59	0	3.89	6.92	0.87	613024	2079	1113532	35
134	144	24.35	0	1.56	2.78	0.34	615985	922	1108693	34
135	146	51.21	0	2.75	4.43	1.07	610494	1716	1111331	29
135	149	47.68	0	3.1	4.13	2.08	597343	2508	1117416	22
143	156	26.52	0	1.05	1.74	0.36	484114	630	1097843	59
157	167	65.33	0	1.44	2.28	0.61	412857	427	1090024	68
164	201	35.85	0	2.18	1.22	3.13	455961	1405	966840	28
166	190	49.75	0	1.88	0.58	3.19	426091	1021	1015173	14
167	199	170.66	0	3.1	1.59	4.6	477389	892	1017388	42
171	191	125.13	0	6.18	1.2	11.16	468530	622	1025290	18
173	203	38.71	0	1.45	1.39	1.51	501133	1184	1038286	10
216	252	44.01	0	3.12	0.8	5.45	450246	1613	664748	20
231	253	24.55	0	1.37	0.72	2.01	346237	2019	577736	36
256	296	45.32	0	2.91	4.5	1.32	441362	1730	469738	15
274	287	28.09	0	1.21	1.52	0.9	424527	943	528304	11
278	306	27.64	0	0.69	0.52	0.85	410586	763	516748	7
296	313	31.72	0	1.5	0.92	2.09	446482	1291	567801	17
297	312	25.38	0	1.53	1.42	1.64	431432	1041	550930	15
305	318	85.87	0	5.79	9.05	2.53	490925	1474	708504	28
306	317	31.67	0	1.66	0.98	2.34	448016	1399	649145	12
330	342	25.1	0	3.26	2.01	4.51	532142	2524	853619	11
349	369	27.26	0	1.87	3.49	0.25	579339	1531	929569	19
350	371	53.19	0	3.58	6.7	0.46	569793	1075	881951	20
351	370	44.58	0	2.55	4.72	0.39	566460	1033	865772	23
351	373	48.27	0	4.23	5.11	3.34	571963	1608	891706	20
351	378	31.09	0	3.52	3.29	3.75	561113	2251	882006	11
354	391	28.05	0	0.69	0.99	0.39	590592	1290	977841	21
354	401	44.55	0	1.0	1.58	0.43	594683	2152	983100	7
354	414	26.86	0	0.59	0.95	0.23	616963	1250	992725	19
354	422	33.05	0	0.75	1.17	0.34	613202	1114	986372	19
355	421	145.91	0	4.49	7.23	1.76	606501	2661	970618	10
357	382	45.06	0	1.98	0.33	3.63	603214	1001	982525	19
361	391	28.52	0	0.93	1.45	0.4	599635	1433	1007742	26
362	371	44.24	0	1.63	2.88	0.38	599584	666	969820	13
362	390	36.41	0	1.57	2.37	0.77	598495	692	992366	28
362	392	32.89	0	1.23	2.13	0.33	604525	1968	1000274	14
362	421	30.49	0	1.17	1.98	0.36	614387	1078	991331	6
363	378	29.21	0	2.81	2.1	3.53	588157	1253	991225	12
382	410	28.59	0	1.43	2.3	0.57	608952	1000	1022178	14
394	405	24.23	0	1.49	0.72	2.25	595125	2477	1028615	14
397	420	33.8	0	1.48	1.73	1.24	574128	1229	930921	22
422	453	36.05	0	1.6	0.61	2.58	560659	2088	1286790	44
426	444	96.95	0	6.43	4.98	7.89	557401	1819	1290949	22
432	489	58.26	0	5.2	9.43	0.98	540715	3472	1255022	12
433	488	73.15	0	4.83	8.91	0.75	535070	3332	1245738	12
492	574	24.71	0	1.22	0.47	1.97	499476	2724	1096059	33
498	581	148.75	0	5.39	5.38	5.4	478333	4880	1096387	68
499	580	55.34	0	2.52	3.79	1.24	516749	3646	1087854	65
508	524	60.17	0	5.74	8.76	2.72	407017	2267	1208492	57
509	523	78.54	0	6.1	9.44	2.76	386068	2095	1188627	67
511	522	73.24	0	5.32	7.81	2.82	315882	1099	1161982	60
514	530	101.81	0	6.58	2.38	10.79	326207	1179	1190312	13
515	529	180.06	0	6.67	4.81	8.53	330099	1416	1174677	5
516	528	117.86	0	6.59	8.98	4.2	296258	1061	1187563	12
516	530	46.44	0	4.23	3.54	4.92	301639	522	1197633	25
536	694	36.08	0	1.95	3.09	0.81	341872	818	458564	51
547	687	31.62	0	1.91	2.21	1.61	344912	1542	448717	11
564	670	25.13	0	1.18	0.87	1.5	421091	1811	502645	10
570	620	40.01	0	0.75	1.16	0.33	438938	3647	820833	55
574	584	26.4	0	1.94	2.11	1.77	469257	2146	1063701	74
586	595	115.1	0	13.93	13.45	14.41	484223	2845	975171	28
623	652	26.69	0	0.64	0.79	0.49	424989	662	534281	26
629	646	37.57	0	1.28	0.96	1.6	395095	612	508736	4
629	657	115.81	0	2.32	2.97	1.67	410198	2017	492184	5
635	644	41.4	0	10.1	9.91	10.28	348581	3635	479270	8
640	680	46.32	0	1.33	1.56	1.11	386574	834	380498	46
655	678	28.45	0	2.1	3.32	0.89	397191	2925	444962	84
672	741	35.61	0	2.02	2.09	1.95	409926	2945	522543	24
678	741	44.4	0	1.91	1.39	2.43	429916	3111	624539	52
699	709	24.18	0	3.06	5.69	0.43	452359	1738	863258	11
700	725	50.25	0	2.0	2.82	1.17	450549	1536	838145	36
709	743	92.15	0	4.81	1.68	7.95	487225	1446	956719	9
718	727	30.07	0	1.65	1.53	1.78	521256	1262	1032751	48
719	732	45.61	0	2.26	2.27	2.24	514775	2237	1020097	21
617	638	49.5	0	3.22	5.1	1.33	1004121	4072	1025355	87
624	641	130.66	0	1.51	2.04	0.98	1040974	893	1037388	98
657	671	25.02	0	0.36	0.08	0.65	1005642	10132	1002878	39
671	748	42.31	0	1.2	1.11	1.3	921632	5647	961067	13
672	747	34.0	0	0.94	0.88	1.01	935856	4485	956395	86
698	851	28.72	0	2.2	3.26	1.15	621250	6120	670193	6
724	748	29.18	0	1.41	1.92	0.9	753905	1748	970263	35
727	834	40.55	0	1.53	0.64	2.42	839538	3218	717125	148
728	829	250.11	0	2.86	3.2	2.52	833059	9436	783142	62
728	833	56.21	0	0.96	0.72	1.2	843792	5039	734454	136
746	811	41.93	0	1.13	1.55	0.72	872044	2602	844835	185
762	804	271.23	0	5.18	5.67	4.68	910039	6967	830442	8
766	810	24.61	0	0.79	0.99	0.59	832713	4991	829200	18
774	804	117.45	0	2.49	2.95	2.02	869616	2518	818962	76
775	806	43.09	0	1.86	0.78	2.93	868893	841	790357	46
804	814	219.68	0	3.25	3.79	2.72	895969	8874	774952	9
852	863	160.4	0	9.52	9.26	9.78	872322	12179	782988	9
872	881	190.0	0	9.34	7.8	10.88	860734	5689	824622	38
884	919	25.2	0	1.87	1.66	2.08	859445	7156	862390	12
904	916	83.45	0	7.14	3.02	11.25	919113	2395	880251	7
904	925	27.66	0	1.42	1.01	1.83	948091	2266	907513	5
912	921	61.2	0	7.08	7.27	6.89	909561	7278	898018	39
929	942	25.13	0	3.35	2.72	3.97	964772	8576	922527	17
931	943	39.38	0	5.18	3.62	6.75	951417	8104	913620	34
937	949	139.16	0	9.7	9.46	9.94	986424	5217	927363	74
