404	Window=3	Metric=PAIRMAPPER	
i	j	Sig.	Class	Zij	Zi	Zj	Mod_Depth	Mod_Comuts	Unt_Depth	Unt_Comuts
36	63	226.73	2	3.04	5.34	0.74	977883	1510	1164447	16
37	62	292.24	2	5.43	10.04	0.82	975890	1799	1161533	13
44	53	1302.14	2	9.21	6.59	11.83	933215	2423	1160060	97
64	81	75.22	2	2.37	0.27	4.46	950764	1297	1151104	28
88	105	142.38	2	2.39	2.47	2.32	928074	4479	1151355	39
112	141	180.09	2	2.55	2.80	2.30	844964	2427	1146661	100
113	136	132.58	2	2.57	1.46	3.69	912764	2688	1148611	47
115	162	156.98	2	2.21	2.30	2.11	868829	3328	1144158	55
116	142	919.83	2	6.37	3.32	9.42	868471	10706	1145052	105
129	155	41.56	2	2.75	2.54	2.96	939705	487	1135255	37
129	157	56.00	2	3.28	3.43	3.13	943751	894	1137959	324
131	149	214.74	2	3.78	6.20	1.37	937955	1283	1141276	76
135	146	372.25	2	7.03	12.81	1.25	920976	2622	1146642	13
139	242	184.62	2	2.96	2.45	3.47	892977	8248	1108337	61
140	150	803.11	2	7.78	9.11	6.45	899200	5111	1141645	113
141	152	395.80	2	5.50	5.06	5.93	895344	3980	1139412	363
152	163	286.65	2	4.58	4.29	4.86	934043	6149	1136882	219
172	218	98.02	2	3.98	2.23	5.73	905089	3393	1123609	11
173	217	96.53	2	3.36	2.15	4.56	911829	3633	1111354	8
187	218	56.29	2	2.00	0.72	3.29	925086	1197	1127153	23
188	197	68.73	2	3.54	0.60	6.47	947200	586	1138356	16
188	217	151.07	2	4.24	1.33	7.15	922623	1687	1107699	10
200	223	83.02	2	4.15	7.29	1.01	921501	2208	1130397	59
208	223	267.32	2	6.64	10.02	3.26	948896	1833	1139362	81
209	222	162.05	2	4.61	6.96	2.26	950254	1443	1138328	63
219	258	145.69	2	3.91	2.74	5.08	954587	4694	1118313	69
237	256	33.79	2	2.62	2.62	2.62	918506	2676	1109532	41
26	106	70.19	0	1.22	1.70	0.74	947337	3492	1160179	70
28	64	74.79	0	1.14	2.01	0.27	954245	3308	1154973	47
29	50	30.29	0	1.51	2.35	0.68	937543	2983	1160284	32
30	66	27.15	0	0.40	0.03	0.78	949415	11582	1152895	554
32	50	31.16	0	0.37	0.04	0.70	964618	18802	1163099	53
35	64	94.65	0	0.81	1.28	0.35	960304	1618	1151313	39
37	72	38.04	0	0.76	1.28	0.25	971090	1376	1156640	59
38	88	68.91	0	1.60	2.02	1.18	954244	4919	1154669	37
41	58	159.29	0	1.69	0.96	2.42	961837	2219	1161772	17
41	68	43.56	0	3.20	0.26	6.15	947114	2539	1159814	23
41	69	315.45	0	1.49	1.90	1.08	956581	7591	1162517	19
47	56	115.60	0	9.99	11.02	8.96	959180	15351	1158948	20
53	72	159.93	0	1.26	1.46	1.07	958046	2334	1152763	109
56	80	26.14	0	2.07	2.02	2.13	966965	3223	1155587	13
67	90	103.52	0	2.59	4.25	0.93	945320	9726	1154216	248
69	86	182.10	0	1.61	0.62	2.60	938953	9543	1155539	56
83	160	79.71	0	1.35	1.32	1.38	938060	6191	1146705	5
84	153	55.55	0	0.99	1.02	0.95	926435	7308	1141922	61
90	153	38.35	0	0.49	0.32	0.65	938669	7905	1138928	84
90	159	57.76	0	0.82	0.50	1.13	941309	5215	1143060	136
91	152	24.51	0	0.35	0.35	0.35	946464	5579	1141332	201
92	131	26.01	0	0.52	0.28	0.76	932820	1460	1142297	54
93	140	41.47	0	0.58	0.70	0.46	891007	7103	1141093	354
106	141	113.23	0	1.32	1.19	1.44	888761	3149	1145619	100
112	137	138.08	0	1.65	2.14	1.15	876124	2989	1154749	56
117	167	34.06	0	0.56	0.13	0.99	876861	8936	1141998	105
120	156	26.70	0	1.08	0.23	1.92	859757	2521	1139912	19
121	155	35.82	0	1.46	0.38	2.55	871817	2596	1140265	12
131	144	69.00	0	1.46	1.99	0.93	919197	4656	1144947	26
136	160	62.92	0	1.42	1.75	1.09	921304	2362	1144319	31
140	241	253.97	0	2.41	2.87	1.95	875388	13379	1110948	43
140	245	28.99	0	0.39	0.32	0.45	892380	6501	1105478	88
141	158	98.99	0	1.94	1.26	2.62	891114	1872	1132218	379
142	157	39.45	0	1.30	0.39	2.21	904833	3974	1138869	321
150	242	26.39	0	0.35	0.20	0.50	917065	4152	1109585	99
156	250	29.12	0	1.50	2.10	0.90	935902	1662	1098221	152
157	224	29.44	0	0.96	1.64	0.29	944857	3949	1121874	194
174	216	199.53	0	4.70	5.91	3.48	928526	8415	1124935	13
176	188	32.67	0	1.07	1.85	0.29	915015	3098	1137960	19
186	216	122.16	0	2.94	3.75	2.13	926236	2826	1124168	50
191	260	68.81	0	2.04	2.90	1.19	917729	6293	1108042	25
198	227	29.55	0	1.38	2.21	0.56	938727	956	1129975	30
202	242	25.95	0	0.42	0.34	0.49	896924	5409	1117300	42
216	226	76.79	0	0.96	1.33	0.59	942469	10214	1125494	8
264	275	44.23	0	3.68	1.31	6.05	901321	10271	1104139	7
283	300	37.80	0	3.62	3.06	4.18	865733	10892	1067435	16
284	293	190.58	0	10.39	7.58	13.20	871561	6581	1124458	18
311	326	760.58	0	12.09	6.41	17.77	893056	18313	1111282	394
316	328	124.36	0	5.64	5.24	6.03	891968	2484	1102649	2
317	328	59.56	0	3.46	4.03	2.89	897765	2407	1103184	5
335	348	148.06	0	8.50	7.70	9.30	900132	15576	1109322	107
349	361	128.27	0	8.77	9.02	8.52	935455	5588	1121075	56
