Nucleotide	Sequence	Modified_mutations	Modified_read_depth	Modified_effective_depth	Modified_rate	Modified_off_target_mapped_depth	Modified_low_mapq_mapped_depth	Modified_primer_pair_1_mapped_depth	Untreated_mutations	Untreated_read_depth	Untreated_effective_depth	Untreated_rate	Untreated_off_target_mapped_depth	Untreated_low_mapq_mapped_depth	Untreated_primer_pair_1_mapped_depth	Denatured_mutations	Denatured_read_depth	Denatured_effective_depth	Denatured_rate	Denatured_off_target_mapped_depth	Denatured_low_mapq_mapped_depth	Denatured_primer_pair_1_mapped_depth	Reactivity_profile	Std_err	HQ_profile	HQ_stderr	Norm_profile	Norm_stderr
1	a	0	1034270	0	nan	219740	488	1034270	0	1200166	0	nan	290633	64	1200166	0	0	0	nan	0	0	0	nan	nan	nan	nan	nan	nan
2	g	0	1037887	0	nan	220457	490	1037887	0	1201823	0	nan	290890	64	1201823	0	0	0	nan	0	0	0	nan	nan	nan	nan	nan	nan
3	g	0	1040703	0	nan	220952	490	1040703	0	1204580	0	nan	291539	64	1204580	0	0	0	nan	0	0	0	nan	nan	nan	nan	nan	nan
4	u	0	1041020	0	nan	220986	490	1041020	0	1205094	0	nan	291548	64	1205094	0	0	0	nan	0	0	0	nan	nan	nan	nan	nan	nan
5	g	0	1041524	0	nan	221046	490	1041524	0	1205461	0	nan	291551	64	1205461	0	0	0	nan	0	0	0	nan	nan	nan	nan	nan	nan
6	a	0	1042010	0	nan	221107	491	1042010	0	1205530	0	nan	291551	64	1205530	0	0	0	nan	0	0	0	nan	nan	nan	nan	nan	nan
7	u	0	1042456	0	nan	221147	491	1042456	0	1206347	0	nan	291552	64	1206347	0	0	0	nan	0	0	0	nan	nan	nan	nan	nan	nan
8	c	0	1043205	0	nan	221160	491	1043205	0	1217036	0	nan	291553	64	1217036	0	0	0	nan	0	0	0	nan	nan	nan	nan	nan	nan
9	c	0	1044678	0	nan	221181	491	1044678	0	1217256	0	nan	291553	64	1217256	0	0	0	nan	0	0	0	nan	nan	nan	nan	nan	nan
10	u	0	1046147	0	nan	221200	491	1046147	0	1217337	0	nan	291554	64	1217337	0	0	0	nan	0	0	0	nan	nan	nan	nan	nan	nan
11	g	0	1046617	0	nan	221217	491	1046617	0	1217358	0	nan	291555	64	1217358	0	0	0	nan	0	0	0	nan	nan	nan	nan	nan	nan
12	c	0	1046617	0	nan	222535	491	1046617	0	1217361	0	nan	291563	64	1217358	0	0	0	nan	0	0	0	nan	nan	nan	nan	nan	nan
13	a	0	1046617	0	nan	227650	491	1046617	0	1217365	0	nan	291568	64	1217358	0	0	0	nan	0	0	0	nan	nan	nan	nan	nan	nan
14	c	0	1046617	0	nan	229738	491	1046617	0	1217366	0	nan	291571	64	1217358	0	0	0	nan	0	0	0	nan	nan	nan	nan	nan	nan
15	u	0	1046617	0	nan	233784	491	1046617	0	1217367	0	nan	291575	64	1217358	0	0	0	nan	0	0	0	nan	nan	nan	nan	nan	nan
16	a	0	1046617	0	nan	237131	491	1046617	0	1217367	0	nan	291579	64	1217358	0	0	0	nan	0	0	0	nan	nan	nan	nan	nan	nan
17	u	0	1046617	0	nan	239653	491	1046617	0	1217367	0	nan	291581	64	1217358	0	0	0	nan	0	0	0	nan	nan	nan	nan	nan	nan
18	g	0	1046617	0	nan	241670	491	1046617	0	1217370	0	nan	291581	64	1217358	0	0	0	nan	0	0	0	nan	nan	nan	nan	nan	nan
19	g	0	1046617	0	nan	243282	491	1046617	0	1217372	0	nan	291582	64	1217358	0	0	0	nan	0	0	0	nan	nan	nan	nan	nan	nan
20	c	0	1046617	0	nan	245029	491	1046617	0	1217373	0	nan	291584	64	1217358	0	0	0	nan	0	0	0	nan	nan	nan	nan	nan	nan
21	A	21	1046617	979539	0.000021	246114	491	1046617	0	1217373	1193677	0.000000	291587	64	1217358	0	0	0	nan	0	0	0	0.000021	0.000005	0.000021	0.000005	0.000387	0.000092
22	C	68559	1046617	967311	0.070876	247768	491	1046617	32328	1217373	1193224	0.027093	291589	64	1217358	0	0	0	nan	0	0	0	0.043783	0.000310	0.043783	0.000310	0.807043	0.005714
23	A	30516	1046617	1014624	0.030076	248905	491	1046617	746	1217373	1197851	0.000623	291613	64	1217358	0	0	0	nan	0	0	0	0.029453	0.000174	0.029453	0.000174	0.542901	0.003207
24	C	43058	1046617	1005256	0.042833	250441	491	1046617	852	1217330	1193948	0.000714	291613	64	1217315	0	0	0	nan	0	0	0	0.042119	0.000208	0.042119	0.000208	0.776371	0.003834
25	U	11909	1046617	1003997	0.011862	250773	491	1046617	1096	1217194	1200620	0.000913	291613	64	1217179	0	0	0	nan	0	0	0	0.010949	0.000112	0.010949	0.000112	0.201821	0.002064
26	G	15471	1046617	1001207	0.015452	251197	491	1046617	3685	1216262	1198920	0.003074	291614	64	1216247	0	0	0	nan	0	0	0	0.012379	0.000134	0.012379	0.000134	0.228180	0.002470
27	G	8927	1046617	1000054	0.008927	252343	491	1046617	1729	1216133	1202560	0.001438	291556	64	1216118	0	0	0	nan	0	0	0	0.007489	0.000101	0.007489	0.000101	0.138043	0.001862
28	U	14883	1046617	985472	0.015102	252654	491	1046617	1168	1215897	1197601	0.000975	291410	64	1215880	0	0	0	nan	0	0	0	0.014127	0.000127	0.014127	0.000127	0.260400	0.002341
29	A	55168	1046617	987690	0.055856	252795	492	1046617	923	1215209	1190799	0.000775	291311	64	1215192	0	0	0	nan	0	0	0	0.055080	0.000239	0.055080	0.000239	1.015278	0.004405
30	A	57540	1046617	1006937	0.057144	252403	492	1046617	798	1199731	1177689	0.000678	16312	64	1199714	0	0	0	nan	0	0	0	0.056466	0.000239	0.056466	0.000239	1.040826	0.004405
31	U	11500	1046617	1004925	0.011444	252591	493	1046617	1399	1199438	1179077	0.001187	16175	64	1199420	0	0	0	nan	0	0	0	0.010257	0.000111	0.010257	0.000111	0.189065	0.002046
32	C	36846	1046617	990048	0.037216	252348	493	1046617	727	1198506	1184270	0.000614	16174	64	1198487	0	0	0	nan	0	0	0	0.036602	0.000195	0.036602	0.000195	0.674677	0.003594
33	G	6082	1046617	990476	0.006140	252149	494	1046617	1137	1197112	1177063	0.000966	16169	64	1197091	0	0	0	nan	0	0	0	0.005175	0.000084	0.005175	0.000084	0.095390	0.001548
34	A	50042	1046617	1015034	0.049301	251944	494	1046617	630	1196421	1175526	0.000536	16048	63	1196400	0	0	0	nan	0	0	0	0.048765	0.000221	0.048765	0.000221	0.898875	0.004074
35	C	24009	1046617	1012312	0.023717	251934	494	1046617	544	1196021	1172297	0.000464	16048	63	1195999	0	0	0	nan	0	0	0	0.023253	0.000154	0.023253	0.000154	0.428618	0.002839
36	G	16493	1046617	1006330	0.016389	252057	494	1046617	3953	1195747	1173480	0.003369	16042	63	1195725	0	0	0	nan	0	0	0	0.013021	0.000138	0.013021	0.000138	0.240013	0.002544
37	G	10131	1046617	984485	0.010291	252250	494	1046617	3480	1195657	1140614	0.003051	16048	62	1195635	0	0	0	nan	0	0	0	0.007240	0.000115	0.007240	0.000115	0.133453	0.002120
38	G	4280	1046617	985749	0.004342	252710	494	1046617	1742	1195583	1140295	0.001528	16047	62	1195560	0	0	0	nan	0	0	0	0.002814	0.000076	0.002814	0.000076	0.051870	0.001401
39	G	6251	1046617	986456	0.006337	252669	494	1046617	1613	1195507	1144211	0.001410	16055	62	1195483	0	0	0	nan	0	0	0	0.004927	0.000087	0.004927	0.000087	0.090818	0.001604
40	U	9420	1046617	1003096	0.009391	252767	494	1046617	1266	1195388	1168477	0.001083	16046	62	1195363	0	0	0	nan	0	0	0	0.008307	0.000101	0.008307	0.000101	0.153121	0.001862
41	U	11332	1046617	1002186	0.011307	253176	494	1046617	511	1195265	1182068	0.000432	16052	61	1195239	0	0	0	nan	0	0	0	0.010875	0.000108	0.010875	0.000108	0.200457	0.001991
42	A	48590	1046617	1008210	0.048194	253233	494	1046617	693	1195163	1179351	0.000588	16056	61	1195135	0	0	0	nan	0	0	0	0.047607	0.000220	0.047607	0.000220	0.877530	0.004055
43	C	26808	1046617	1010175	0.026538	253338	495	1046617	667	1194948	1175966	0.000567	16054	60	1194918	0	0	0	nan	0	0	0	0.025971	0.000164	0.025971	0.000164	0.478718	0.003023
44	G	15279	1046617	1012414	0.015092	253241	495	1046617	5225	1194581	1171863	0.004459	16055	60	1194547	0	0	0	nan	0	0	0	0.010633	0.000137	0.010633	0.000137	0.195996	0.002525
45	C	21189	1046617	1007751	0.021026	253237	495	1046617	2312	1194496	1171349	0.001974	16055	60	1194462	0	0	0	nan	0	0	0	0.019052	0.000150	0.019052	0.000150	0.351182	0.002765
46	C	13624	1046617	1009593	0.013495	253172	495	1046617	1644	1194399	1171931	0.001403	16054	60	1194363	0	0	0	nan	0	0	0	0.012092	0.000121	0.012092	0.000121	0.222889	0.002230
47	G	3879	1046617	994038	0.003902	252993	495	1046617	1284	1194133	1165588	0.001102	16044	60	1194097	0	0	0	nan	0	0	0	0.002801	0.000070	0.002801	0.000070	0.051630	0.001290
48	A	15369	1046617	986583	0.015578	252880	495	1046617	582	1193989	1167686	0.000498	16046	60	1193951	0	0	0	nan	0	0	0	0.015080	0.000127	0.015080	0.000127	0.277967	0.002341
49	A	53161	1046617	986702	0.053877	252821	495	1046617	866	1193896	1170024	0.000740	16047	60	1193856	0	0	0	nan	0	0	0	0.053137	0.000235	0.053137	0.000235	0.979463	0.004332
50	C	76112	1046617	984547	0.077307	252598	495	1046617	435	1193664	1172944	0.000371	16055	60	1193623	0	0	0	nan	0	0	0	0.076936	0.000281	0.076936	0.000281	1.418145	0.005180
51	A	59811	1046617	989818	0.060426	252473	495	1046617	514	1193441	1167850	0.000440	16055	60	1193400	0	0	0	nan	0	0	0	0.059986	0.000248	0.059986	0.000248	1.105710	0.004571
52	U	14013	1046617	983608	0.014247	252415	495	1046617	1022	1193272	1166847	0.000876	16053	60	1193231	0	0	0	nan	0	0	0	0.013371	0.000123	0.013371	0.000123	0.246465	0.002267
53	G	12432	1046617	976571	0.012730	252270	495	1046617	1068	1193102	1166651	0.000915	16054	60	1193061	0	0	0	nan	0	0	0	0.011815	0.000118	0.011815	0.000118	0.217783	0.002175
54	A	43592	1046617	982898	0.044350	252131	496	1046617	840	1192843	1166852	0.000720	16046	59	1192802	0	0	0	nan	0	0	0	0.043631	0.000214	0.043631	0.000214	0.804241	0.003945
55	U	8809	1046617	976076	0.009025	252057	496	1046617	1186	1192591	1163710	0.001019	16034	55	1192550	0	0	0	nan	0	0	0	0.008006	0.000101	0.008006	0.000101	0.147573	0.001862
56	C	35104	1046617	979429	0.035841	252024	496	1046617	848	1192389	1165293	0.000728	16029	55	1192348	0	0	0	nan	0	0	0	0.035114	0.000193	0.035114	0.000193	0.647249	0.003558
57	G	8989	1046617	967080	0.009295	251903	496	1046617	1543	1192117	1164924	0.001325	16021	54	1192076	0	0	0	nan	0	0	0	0.007970	0.000104	0.007970	0.000104	0.146909	0.001917
58	A	56872	1046617	985754	0.057694	251742	496	1046617	1078	1191767	1167321	0.000923	16003	47	1191726	0	0	0	nan	0	0	0	0.056770	0.000244	0.056770	0.000244	1.046430	0.004498
59	C	74466	1046617	979871	0.075996	251818	496	1046617	602	1191546	1168583	0.000515	15986	46	1191505	0	0	0	nan	0	0	0	0.075481	0.000279	0.075481	0.000279	1.391326	0.005143
60	U	16835	1046617	972613	0.017309	251763	496	1046617	726	1191199	1168829	0.000621	15940	45	1191158	0	0	0	nan	0	0	0	0.016688	0.000135	0.016688	0.000135	0.307606	0.002488
61	A	80516	1046617	986421	0.081624	251836	496	1046617	1183	1191103	1167137	0.001014	15927	45	1191062	0	0	0	nan	0	0	0	0.080611	0.000289	0.080611	0.000289	1.485886	0.005327
62	U	9927	1046617	992236	0.010005	251846	496	1046617	1396	1191014	1166416	0.001197	15915	36	1190973	0	0	0	nan	0	0	0	0.008808	0.000105	0.008808	0.000105	0.162356	0.001935
63	U	11523	1046617	992391	0.011611	251759	495	1046617	676	1190902	1165113	0.000580	15913	36	1190860	0	0	0	nan	0	0	0	0.011031	0.000110	0.011031	0.000110	0.203332	0.002028
64	U	9520	1046617	987881	0.009637	251478	495	1046617	918	1190668	1166121	0.000787	15911	35	1190626	0	0	0	nan	0	0	0	0.008850	0.000102	0.008850	0.000102	0.163130	0.001880
65	C	45140	1046617	962356	0.046906	251195	495	1046617	938	1190469	1166534	0.000804	15907	35	1190424	0	0	0	nan	0	0	0	0.046102	0.000222	0.046102	0.000222	0.849789	0.004092
66	G	8331	1046617	961063	0.008669	250912	495	1046617	1498	1190056	1165882	0.001285	15902	35	1190011	0	0	0	nan	0	0	0	0.007384	0.000101	0.007384	0.000101	0.136108	0.001862
67	G	5475	1046617	915599	0.005980	250552	495	1046617	1420	1189377	1158842	0.001225	15895	35	1189332	0	0	0	nan	0	0	0	0.004754	0.000087	0.004754	0.000087	0.087630	0.001604
68	A	60716	1046617	932512	0.065110	250297	495	1046617	776	1189274	1155618	0.000672	15876	35	1189228	0	0	0	nan	0	0	0	0.064439	0.000265	0.064439	0.000265	1.187791	0.004885
69	C	66847	1046617	957684	0.069801	250326	495	1046617	884	1189193	1155053	0.000765	15874	35	1189147	0	0	0	nan	0	0	0	0.069035	0.000271	0.069035	0.000271	1.272508	0.004995
70	G	7143	1046617	1000002	0.007143	250260	495	1046617	1891	1189077	1154573	0.001638	15832	35	1189031	0	0	0	nan	0	0	0	0.005505	0.000093	0.005505	0.000093	0.101473	0.001714
71	G	13767	1046617	997319	0.013804	250086	495	1046617	5672	1188929	1153743	0.004916	15800	35	1188883	0	0	0	nan	0	0	0	0.008888	0.000135	0.008888	0.000135	0.163831	0.002488
72	C	14052	1046617	996317	0.014104	249942	495	1046617	3132	1188806	1157962	0.002705	15754	35	1188761	0	0	0	nan	0	0	0	0.011399	0.000128	0.011399	0.000128	0.210115	0.002359
73	C	19025	1046617	1001896	0.018989	249549	495	1046617	1334	1188333	1158014	0.001152	7732	35	1188300	0	0	0	nan	0	0	0	0.017837	0.000141	0.017837	0.000141	0.328786	0.002599
74	G	6143	1046617	985019	0.006236	249187	495	1046617	1195	1187789	1147671	0.001041	4599	35	1187762	0	0	0	nan	0	0	0	0.005195	0.000085	0.005195	0.000085	0.095758	0.001567
75	U	11349	1046617	951720	0.011925	248895	495	1046617	853	1187478	1142272	0.000747	3848	34	1187456	0	0	0	nan	0	0	0	0.011178	0.000115	0.011178	0.000115	0.206042	0.002120
76	A	74387	1046617	967262	0.076905	248670	495	1046617	517	1187160	1145686	0.000451	3199	33	1187140	0	0	0	nan	0	0	0	0.076453	0.000283	0.076453	0.000283	1.409242	0.005216
77	U	17611	1046617	971198	0.018133	248625	495	1046617	738	1186928	1154385	0.000639	2643	33	1186911	0	0	0	nan	0	0	0	0.017494	0.000139	0.017494	0.000139	0.322463	0.002562
78	G	11585	1046617	975387	0.011877	248389	495	1046617	877	1186510	1158672	0.000757	2106	33	1186498	0	0	0	nan	0	0	0	0.011120	0.000113	0.011120	0.000113	0.204973	0.002083
79	A	67117	1046617	975125	0.068829	248260	495	1046617	688	1186381	1157537	0.000594	2048	31	1186368	0	0	0	nan	0	0	0	0.068235	0.000267	0.068235	0.000267	1.257762	0.004922
80	A	43545	1046617	982479	0.044322	248146	495	1046617	793	1186245	1160198	0.000684	1965	31	1186232	0	0	0	nan	0	0	0	0.043638	0.000214	0.043638	0.000214	0.804370	0.003945
81	G	6065	1046617	977961	0.006202	248380	497	1046617	1359	1186130	1159742	0.001172	1925	31	1186117	0	0	0	nan	0	0	0	0.005030	0.000086	0.005030	0.000086	0.092717	0.001585
82	G	15218	1046617	978765	0.015548	248196	497	1046617	5380	1185994	1162671	0.004627	1913	31	1185981	0	0	0	nan	0	0	0	0.010921	0.000141	0.010921	0.000141	0.201305	0.002599
83	C	30172	1046617	967097	0.031199	248034	497	1046617	1857	1185922	1164329	0.001595	1880	31	1185910	0	0	0	nan	0	0	0	0.029604	0.000183	0.029604	0.000183	0.545684	0.003373
84	A	75568	1046617	980099	0.077102	247973	497	1046617	514	1185848	1167373	0.000440	1862	31	1185836	0	0	0	nan	0	0	0	0.076662	0.000281	0.076662	0.000281	1.413095	0.005180
85	U	15858	1046617	982860	0.016135	247871	497	1046617	2287	1185721	1162567	0.001967	1861	31	1185709	0	0	0	nan	0	0	0	0.014167	0.000135	0.014167	0.000135	0.261137	0.002488
86	C	58564	1046617	1005212	0.058260	247754	497	1046617	760	1185622	1159307	0.000656	1858	31	1185610	0	0	0	nan	0	0	0	0.057605	0.000242	0.057605	0.000242	1.061821	0.004461
87	G	14309	1046617	1007690	0.014200	247645	497	1046617	4867	1185563	1157540	0.004205	1854	31	1185550	0	0	0	nan	0	0	0	0.009995	0.000133	0.009995	0.000133	0.184236	0.002452
88	C	21889	1046617	1013327	0.021601	247523	497	1046617	3047	1185450	1159571	0.002628	1852	31	1185437	0	0	0	nan	0	0	0	0.018973	0.000154	0.018973	0.000154	0.349725	0.002839
89	C	8232	1046617	1012457	0.008131	247413	497	1046617	1641	1185369	1162390	0.001412	1850	31	1185356	0	0	0	nan	0	0	0	0.006719	0.000096	0.006719	0.000096	0.123850	0.001770
90	G	8231	1046617	1005273	0.008188	247404	497	1046617	2065	1185306	1158241	0.001783	1849	30	1185293	0	0	0	nan	0	0	0	0.006405	0.000098	0.006405	0.000098	0.118062	0.001806
91	U	8288	1046617	1004793	0.008248	247297	497	1046617	1486	1185192	1155852	0.001286	1846	30	1185179	0	0	0	nan	0	0	0	0.006963	0.000097	0.006963	0.000097	0.128348	0.001788
92	G	18671	1046617	1003039	0.018614	247159	497	1046617	3389	1185035	1151191	0.002944	1847	29	1185022	0	0	0	nan	0	0	0	0.015671	0.000145	0.015671	0.000145	0.288860	0.002673
93	U	20028	1046617	1007033	0.019888	246980	497	1046617	1610	1184740	1154110	0.001395	1844	29	1184727	0	0	0	nan	0	0	0	0.018493	0.000145	0.018493	0.000145	0.340878	0.002673
94	U	14603	1046617	1006200	0.014513	247424	498	1046617	1180	1184454	1157941	0.001019	1844	29	1184441	0	0	0	nan	0	0	0	0.013494	0.000124	0.013494	0.000124	0.248732	0.002286
95	C	56402	1046617	993415	0.056776	247093	498	1046617	893	1184234	1153793	0.000774	1844	29	1184221	0	0	0	nan	0	0	0	0.056002	0.000240	0.056002	0.000240	1.032273	0.004424
96	G	6742	1046617	988327	0.006822	246824	498	1046617	1102	1183809	1148953	0.000959	1844	29	1183796	0	0	0	nan	0	0	0	0.005862	0.000088	0.005862	0.000088	0.108053	0.001622
97	A	20832	1046617	992561	0.020988	246602	498	1046617	439	1183509	1149118	0.000382	1843	29	1183496	0	0	0	nan	0	0	0	0.020606	0.000147	0.020606	0.000147	0.379826	0.002710
98	C	11467	1046617	988447	0.011601	246501	498	1046617	1660	1183311	1150662	0.001443	1843	29	1183298	0	0	0	nan	0	0	0	0.010158	0.000114	0.010158	0.000114	0.187240	0.002101
99	G	7128	1046617	989198	0.007206	246521	498	1046617	1953	1183157	1148889	0.001700	1840	29	1183143	0	0	0	nan	0	0	0	0.005506	0.000094	0.005506	0.000094	0.101491	0.001733
100	G	15247	1046617	979310	0.015569	246380	498	1046617	4601	1182971	1143604	0.004023	1836	29	1182957	0	0	0	nan	0	0	0	0.011546	0.000139	0.011546	0.000139	0.212825	0.002562
101	C	131940	1046617	943156	0.139892	246252	498	1046617	25234	1182845	1115125	0.022629	1835	29	1182831	0	0	0	nan	0	0	0	0.117263	0.000411	0.117263	0.000411	2.161485	0.007576
102	A	36243	1046617	899837	0.040277	246181	498	1046617	2387	1182618	1121274	0.002129	1821	25	1182604	0	0	0	nan	0	0	0	0.038148	0.000216	0.038148	0.000216	0.703174	0.003981
103	A	35576	1046617	926827	0.038385	246081	498	1046617	761	1182480	1128853	0.000674	1819	24	1182466	0	0	0	nan	0	0	0	0.037711	0.000205	0.037711	0.000205	0.695119	0.003779
104	A	45222	1046617	971621	0.046543	245871	498	1046617	396	1182134	1149105	0.000345	1819	24	1182120	0	0	0	nan	0	0	0	0.046198	0.000220	0.046198	0.000220	0.851558	0.004055
105	A	12811	1046617	972629	0.013172	245612	498	1046617	394	1181600	1143340	0.000345	1819	24	1181586	0	0	0	nan	0	0	0	0.012827	0.000118	0.012827	0.000118	0.236437	0.002175
106	A	41478	1046617	979895	0.042329	245210	498	1046617	810	1181132	1140840	0.000710	1815	24	1181118	0	0	0	nan	0	0	0	0.041619	0.000209	0.041619	0.000209	0.767154	0.003852
107	G	9680	1046617	978536	0.009892	244699	499	1046617	862	1180672	1136543	0.000758	1812	22	1180658	0	0	0	nan	0	0	0	0.009134	0.000104	0.009134	0.000104	0.168365	0.001917
108	A	45047	1046617	974370	0.046232	244419	500	1046617	599	1180330	1137431	0.000527	1809	22	1180316	0	0	0	nan	0	0	0	0.045705	0.000219	0.045705	0.000219	0.842471	0.004037
109	U	11197	1046617	973355	0.011504	243998	500	1046617	1442	1180052	1138148	0.001267	1807	22	1180038	0	0	0	nan	0	0	0	0.010237	0.000114	0.010237	0.000114	0.188697	0.002101
110	C	27849	1046617	960070	0.029007	244229	499	1046617	853	1179883	1147285	0.000743	1802	21	1179869	0	0	0	nan	0	0	0	0.028264	0.000176	0.028264	0.000176	0.520984	0.003244
111	A	35855	1046617	975659	0.036750	244063	499	1046617	817	1179811	1150977	0.000710	1797	20	1179797	0	0	0	nan	0	0	0	0.036040	0.000196	0.036040	0.000196	0.664318	0.003613
112	C	51060	1046617	947740	0.053876	243919	499	1046617	612	1179733	1152351	0.000531	1792	20	1179719	0	0	0	nan	0	0	0	0.053344	0.000239	0.053344	0.000239	0.983279	0.004405
113	U	12847	1046617	940869	0.013654	243743	499	1046617	1033	1179646	1152396	0.000896	1781	20	1179632	0	0	0	nan	0	0	0	0.012758	0.000124	0.012758	0.000124	0.235166	0.002286
114	G	8570	1046617	923867	0.009276	243591	499	1046617	1493	1179619	1155970	0.001292	1768	20	1179605	0	0	0	nan	0	0	0	0.007985	0.000106	0.007985	0.000106	0.147186	0.001954
115	U	10250	1046617	914758	0.011205	243380	499	1046617	923	1179582	1155796	0.000799	1741	17	1179568	0	0	0	nan	0	0	0	0.010407	0.000114	0.010407	0.000114	0.191830	0.002101
116	A	31961	1046617	896359	0.035656	243172	498	1046617	526	1179543	1157679	0.000454	1740	16	1179529	0	0	0	nan	0	0	0	0.035202	0.000200	0.035202	0.000200	0.648871	0.003687
117	A	70288	1046617	923759	0.076089	243916	499	1046617	805	1179460	1158633	0.000695	1766	16	1179446	0	0	0	nan	0	0	0	0.075394	0.000288	0.075394	0.000288	1.389722	0.005309
118	C	49340	1046617	918026	0.053746	243659	499	1046617	562	1179391	1162190	0.000484	1764	16	1179376	0	0	0	nan	0	0	0	0.053262	0.000243	0.053262	0.000243	0.981767	0.004479
119	A	55253	1046617	926099	0.059662	243292	498	1046617	735	1179212	1163171	0.000632	1764	15	1179197	0	0	0	nan	0	0	0	0.059030	0.000255	0.059030	0.000255	1.088088	0.004700
120	G	11362	1046617	925088	0.012282	243855	498	1046617	3709	1179201	1155185	0.003211	1758	15	1179186	0	0	0	nan	0	0	0	0.009071	0.000127	0.009071	0.000127	0.167204	0.002341
121	G	7246	1046617	936034	0.007741	243500	498	1046617	3105	1178996	1147340	0.002706	1755	15	1178981	0	0	0	nan	0	0	0	0.005035	0.000103	0.005035	0.000103	0.092809	0.001899
122	G	3853	1046617	916474	0.004204	244865	497	1046617	1391	1178845	1141320	0.001219	1755	15	1178830	0	0	0	nan	0	0	0	0.002985	0.000075	0.002985	0.000075	0.055022	0.001382
123	A	21099	1046617	920038	0.022933	244477	496	1046617	1637	1178688	1142268	0.001433	1735	14	1178673	0	0	0	nan	0	0	0	0.021500	0.000162	0.021500	0.000162	0.396305	0.002986
124	C	53167	1046617	938545	0.056648	244333	496	1046617	2189	1178585	1145648	0.001911	1728	14	1178570	0	0	0	nan	0	0	0	0.054738	0.000249	0.054738	0.000249	1.008974	0.004590
125	C	45501	1046617	965354	0.047134	243987	496	1046617	1455	1178431	1151416	0.001264	1724	14	1178416	0	0	0	nan	0	0	0	0.045870	0.000223	0.045870	0.000223	0.845512	0.004111
126	C	40318	1046617	915258	0.044051	244583	497	1046617	1526	1178351	1151195	0.001326	1552	13	1178335	0	0	0	nan	0	0	0	0.042725	0.000222	0.042725	0.000222	0.787541	0.004092
127	U	15146	1046617	905164	0.016733	244368	490	1046617	2220	1178259	1152360	0.001926	1552	13	1178242	0	0	0	nan	0	0	0	0.014806	0.000142	0.014806	0.000142	0.272916	0.002617
128	G	12261	1046617	862372	0.014218	244270	489	1046617	1297	1178196	1151576	0.001126	1543	13	1178179	0	0	0	nan	0	0	0	0.013091	0.000132	0.013091	0.000132	0.241304	0.002433
129	U	13560	1046617	905783	0.014970	244380	487	1046617	1200	1178068	1152284	0.001041	1522	13	1178052	0	0	0	nan	0	0	0	0.013929	0.000132	0.013929	0.000132	0.256750	0.002433
130	G	6478	1046617	912635	0.007098	244249	485	1046617	1869	1177986	1148141	0.001628	1519	13	1177969	0	0	0	nan	0	0	0	0.005470	0.000096	0.005470	0.000096	0.100827	0.001770
131	G	3914	1046617	959328	0.004080	244083	484	1046617	1203	1177876	1145860	0.001050	1517	11	1177859	0	0	0	nan	0	0	0	0.003030	0.000072	0.003030	0.000072	0.055851	0.001327
132	A	25765	1046617	943102	0.027319	243869	484	1046617	605	1177802	1144378	0.000529	1513	11	1177785	0	0	0	nan	0	0	0	0.026791	0.000172	0.026791	0.000172	0.493833	0.003170
133	A	25723	1046617	941996	0.027307	244039	484	1046617	552	1177641	1147725	0.000481	1508	11	1177624	0	0	0	nan	0	0	0	0.026826	0.000171	0.026826	0.000171	0.494478	0.003152
134	C	25721	1046617	929335	0.027677	244004	483	1046617	725	1177523	1149645	0.000631	1508	11	1177507	0	0	0	nan	0	0	0	0.027046	0.000174	0.027046	0.000174	0.498533	0.003207
135	G	7549	1046617	931631	0.008103	244068	482	1046617	2159	1177374	1148691	0.001880	1506	11	1177358	0	0	0	nan	0	0	0	0.006223	0.000102	0.006223	0.000102	0.114707	0.001880
136	G	19930	1046617	901242	0.022114	243876	482	1046617	6865	1177185	1146410	0.005988	1503	11	1177169	0	0	0	nan	0	0	0	0.016126	0.000173	0.016126	0.000173	0.297247	0.003189
137	C	27405	1046617	846711	0.032366	243734	482	1046617	1908	1177133	1142744	0.001670	1484	10	1177117	0	0	0	nan	0	0	0	0.030697	0.000199	0.030697	0.000199	0.565831	0.003668
138	A	12796	1046617	841480	0.015207	243673	476	1046617	597	1177066	1144183	0.000522	1481	10	1177050	0	0	0	nan	0	0	0	0.014685	0.000136	0.014685	0.000136	0.270686	0.002507
139	A	75200	1046617	855339	0.087918	243603	475	1046617	753	1177016	1145735	0.000657	1474	6	1177000	0	0	0	nan	0	0	0	0.087261	0.000321	0.087261	0.000321	1.608464	0.005917
140	C	100719	1046617	854904	0.117813	243994	475	1046617	3998	1176962	1151227	0.003473	1472	6	1176946	0	0	0	nan	0	0	0	0.114340	0.000375	0.114340	0.000375	2.107606	0.006912
141	A	33941	1046617	831994	0.040795	244144	473	1046617	1241	1176871	1149211	0.001080	1465	6	1176855	0	0	0	nan	0	0	0	0.039715	0.000224	0.039715	0.000224	0.732058	0.004129
142	A	47760	1046617	873303	0.054689	243907	472	1046617	1685	1176719	1144712	0.001472	1464	6	1176703	0	0	0	nan	0	0	0	0.053217	0.000253	0.053217	0.000253	0.980938	0.004663
143	A	34782	1046617	879477	0.039549	243631	466	1046617	412	1176542	1141476	0.000361	1463	5	1176526	0	0	0	nan	0	0	0	0.039188	0.000213	0.039188	0.000213	0.722344	0.003926
144	A	45754	1046617	881071	0.051930	243485	466	1046617	467	1176301	1138936	0.000410	1461	4	1176285	0	0	0	nan	0	0	0	0.051520	0.000244	0.051520	0.000244	0.949658	0.004498
145	U	13301	1046617	871494	0.015262	243332	466	1046617	927	1176051	1133394	0.000818	1458	4	1176035	0	0	0	nan	0	0	0	0.014444	0.000135	0.014444	0.000135	0.266243	0.002488
146	U	14357	1046617	868275	0.016535	243053	465	1046617	565	1175747	1133711	0.000498	1456	4	1175731	0	0	0	nan	0	0	0	0.016037	0.000140	0.016037	0.000140	0.295607	0.002581
147	A	48757	1046617	882995	0.055218	243527	465	1046617	1050	1175526	1134786	0.000925	1457	1	1175508	0	0	0	nan	0	0	0	0.054292	0.000252	0.054292	0.000252	1.000753	0.004645
148	U	13004	1046617	899791	0.014452	243348	465	1046617	1888	1175348	1144214	0.001650	1450	1	1175330	0	0	0	nan	0	0	0	0.012802	0.000132	0.012802	0.000132	0.235977	0.002433
149	C	41319	1046617	889495	0.046452	242990	465	1046617	830	1175224	1142131	0.000727	1449	1	1175206	0	0	0	nan	0	0	0	0.045725	0.000230	0.045725	0.000230	0.842840	0.004240
150	G	11829	1046617	901313	0.013124	242341	464	1046617	1262	1174881	1142041	0.001105	1448	1	1174863	0	0	0	nan	0	0	0	0.012019	0.000125	0.012019	0.000125	0.221544	0.002304
151	A	62810	1046617	931624	0.067420	241801	464	1046617	571	1174536	1139450	0.000501	1442	1	1174518	0	0	0	nan	0	0	0	0.066919	0.000270	0.066919	0.000270	1.233504	0.004977
152	C	46605	1046617	927642	0.050240	241379	441	1046617	655	1174280	1135629	0.000577	1429	1	1174262	0	0	0	nan	0	0	0	0.049664	0.000234	0.049664	0.000234	0.915446	0.004313
153	G	4468	1046617	892065	0.005009	240880	395	1046617	1514	1173823	1128922	0.001341	1419	1	1173805	0	0	0	nan	0	0	0	0.003668	0.000082	0.003668	0.000082	0.067611	0.001511
154	A	51364	1046617	894929	0.057394	240469	381	1046617	627	1173503	1120114	0.000560	1412	0	1173485	0	0	0	nan	0	0	0	0.056835	0.000254	0.056835	0.000254	1.047628	0.004682
155	G	9980	1046617	892950	0.011176	240175	235	1046617	4168	1173500	1121638	0.003716	1408	0	1173482	0	0	0	nan	0	0	0	0.007460	0.000126	0.007460	0.000126	0.137509	0.002323
156	C	42455	1046617	931283	0.045588	239795	156	1046617	1406	1173600	1126084	0.001249	1406	0	1173582	0	0	0	nan	0	0	0	0.044339	0.000224	0.044339	0.000224	0.817292	0.004129
157	G	10340	1046617	945212	0.010939	239487	146	1046617	3392	1173596	1132612	0.002995	1403	0	1173578	0	0	0	nan	0	0	0	0.007944	0.000119	0.007944	0.000119	0.146430	0.002194
158	C	42968	1046617	952113	0.045129	239042	142	1046617	3673	1173867	1131979	0.003245	1396	0	1173849	0	0	0	nan	0	0	0	0.041884	0.000224	0.041884	0.000224	0.772039	0.004129
159	C	25608	1046617	935814	0.027364	238435	139	1046617	23738	1174022	1130035	0.021006	1389	0	1174004	0	0	0	nan	0	0	0	0.006358	0.000219	0.006358	0.000219	0.117196	0.004037
160	U	13220	1046617	923425	0.014316	238005	133	1046617	2124	1173976	1130794	0.001878	1378	0	1173958	0	0	0	nan	0	0	0	0.012438	0.000131	0.012438	0.000131	0.229267	0.002415
161	G	5123	1046617	886675	0.005778	237665	68	1046617	1334	1174076	1124929	0.001186	1374	0	1174057	0	0	0	nan	0	0	0	0.004592	0.000087	0.004592	0.000087	0.084643	0.001604
162	A	53961	1046617	901081	0.059885	237374	56	1046617	624	1174011	1122700	0.000556	1312	0	1173992	0	0	0	nan	0	0	0	0.059329	0.000259	0.059329	0.000259	1.093599	0.004774
163	U	11798	1046617	900286	0.013105	237264	56	1046617	2252	1174245	1125191	0.002001	1311	0	1174226	0	0	0	nan	0	0	0	0.011103	0.000128	0.011103	0.000128	0.204659	0.002359
164	C	47233	1046617	909705	0.051921	237104	37	1046617	899	1174781	1131805	0.000794	1310	0	1174762	0	0	0	nan	0	0	0	0.051127	0.000240	0.051127	0.000240	0.942413	0.004424
165	A	37825	1046617	903805	0.041851	236982	33	1046617	516	1175474	1138296	0.000453	1310	0	1175455	0	0	0	nan	0	0	0	0.041398	0.000216	0.041398	0.000216	0.763081	0.003981
166	A	56359	1046617	923830	0.061006	236894	33	1046617	1595	1175937	1141424	0.001397	1309	0	1175918	0	0	0	nan	0	0	0	0.059608	0.000259	0.059608	0.000259	1.098742	0.004774
167	C	38773	1046617	922239	0.042042	236813	32	1046617	2165	1176495	1140854	0.001898	1309	0	1176476	0	0	0	nan	0	0	0	0.040145	0.000217	0.040145	0.000217	0.739985	0.004000
168	C	41980	1046617	949413	0.044217	236615	32	1046617	1534	1176673	1145708	0.001339	1307	0	1176654	0	0	0	nan	0	0	0	0.042878	0.000218	0.042878	0.000218	0.790361	0.004018
169	C	26509	1046617	959218	0.027636	236391	32	1046617	1591	1176592	1144322	0.001390	1303	0	1176573	0	0	0	nan	0	0	0	0.026246	0.000173	0.026246	0.000173	0.483787	0.003189
170	C	35743	1046617	956789	0.037357	236227	32	1046617	1993	1176388	1144079	0.001742	1324	1	1176369	0	0	0	nan	0	0	0	0.035615	0.000201	0.035615	0.000201	0.656484	0.003705
171	G	7082	1046617	910095	0.007782	235390	28	1046617	1320	1175916	1129557	0.001169	1272	1	1175897	0	0	0	nan	0	0	0	0.006613	0.000098	0.006613	0.000098	0.121896	0.001806
172	A	60328	1046617	943031	0.063972	234959	27	1046617	614	1175615	1130243	0.000543	1246	1	1175596	0	0	0	nan	0	0	0	0.063429	0.000261	0.063429	0.000261	1.169174	0.004811
173	C	44769	1046617	943781	0.047436	234296	25	1046617	1187	1175657	1128446	0.001052	1243	1	1175638	0	0	0	nan	0	0	0	0.046384	0.000226	0.046384	0.000226	0.854987	0.004166
174	G	7411	1046617	965719	0.007674	233834	25	1046617	2141	1175695	1132328	0.001891	1242	1	1175676	0	0	0	nan	0	0	0	0.005783	0.000098	0.005783	0.000098	0.106597	0.001806
175	G	9787	1046617	959137	0.010204	233427	25	1046617	4430	1175828	1131510	0.003915	1240	1	1175810	0	0	0	nan	0	0	0	0.006289	0.000119	0.006289	0.000119	0.115924	0.002194
176	C	22985	1046617	939498	0.024465	233234	25	1046617	2797	1176076	1124231	0.002488	1239	1	1176058	0	0	0	nan	0	0	0	0.021977	0.000168	0.021977	0.000168	0.405098	0.003097
177	U	13296	1046617	946097	0.014054	232935	25	1046617	4720	1176507	1130136	0.004176	1229	1	1176489	0	0	0	nan	0	0	0	0.009877	0.000136	0.009877	0.000136	0.182061	0.002507
178	C	38956	1046617	940464	0.041422	232776	24	1046617	3306	1176825	1132537	0.002919	1238	1	1176807	0	0	0	nan	0	0	0	0.038503	0.000216	0.038503	0.000216	0.709718	0.003981
179	C	69198	1046617	969810	0.071352	232539	24	1046617	3417	1177155	1138739	0.003001	1243	1	1177137	0	0	0	nan	0	0	0	0.068351	0.000276	0.068351	0.000276	1.259900	0.005087
180	C	68755	1046617	968082	0.071022	232311	24	1046617	2041	1177644	1142446	0.001787	1240	1	1177626	0	0	0	nan	0	0	0	0.069235	0.000274	0.069235	0.000274	1.276194	0.005051
181	U	11983	1046617	968453	0.012373	232045	24	1046617	1483	1178035	1141722	0.001299	1262	1	1178016	0	0	0	nan	0	0	0	0.011074	0.000118	0.011074	0.000118	0.204125	0.002175
182	G	22444	1046617	976765	0.022978	231862	24	1046617	5681	1178709	1144681	0.004963	1342	1	1178686	0	0	0	nan	0	0	0	0.018015	0.000167	0.018015	0.000167	0.332067	0.003078
183	C	34795	1046617	986349	0.035277	231737	21	1046617	1847	1179159	1146684	0.001611	1718	1	1179130	0	0	0	nan	0	0	0	0.033666	0.000193	0.033666	0.000193	0.620558	0.003558
184	U	9217	1046617	987437	0.009334	231532	21	1046617	1282	1179387	1140817	0.001124	2306	1	1179328	0	0	0	nan	0	0	0	0.008211	0.000102	0.008211	0.000102	0.151352	0.001880
185	G	11405	1046617	983063	0.011601	231412	21	1046617	5010	1179914	1138154	0.004402	3318	1	1179821	0	0	0	nan	0	0	0	0.007200	0.000125	0.007200	0.000125	0.132716	0.002304
186	U	10273	1046617	983770	0.010442	231258	21	1046617	2122	1180425	1134883	0.001870	3895	1	1180296	0	0	0	nan	0	0	0	0.008573	0.000111	0.008573	0.000111	0.158024	0.002046
187	U	9607	1046617	985533	0.009748	231042	21	1046617	4326	1180687	1139198	0.003797	6423	1	1180474	0	0	0	nan	0	0	0	0.005951	0.000115	0.005951	0.000115	0.109694	0.002120
188	C	27795	1046617	986584	0.028173	233935	21	1046617	955	1181782	1141927	0.000836	15790	2	1181247	0	0	0	nan	0	0	0	0.027337	0.000171	0.027337	0.000171	0.503897	0.003152
189	C	35930	1046617	980358	0.036650	233795	21	1046617	1002	1182055	1137271	0.000881	15812	2	1181517	0	0	0	nan	0	0	0	0.035769	0.000195	0.035769	0.000195	0.659323	0.003594
190	G	7552	1046617	949459	0.007954	233642	21	1046617	2100	1182079	1128154	0.001861	15826	2	1181540	0	0	0	nan	0	0	0	0.006093	0.000100	0.006093	0.000100	0.112311	0.001843
191	A	61923	1046617	955044	0.064838	233464	21	1046617	1123	1182152	1121178	0.001002	15790	2	1181614	0	0	0	nan	0	0	0	0.063836	0.000262	0.063836	0.000262	1.176676	0.004829
192	G	5975	1046617	953782	0.006265	233304	19	1046617	1214	1182634	1126997	0.001077	15813	2	1182094	0	0	0	nan	0	0	0	0.005187	0.000087	0.005187	0.000087	0.095611	0.001604
193	U	12541	1046617	938840	0.013358	232941	16	1046617	1080	1182890	1135280	0.000951	15809	2	1182350	0	0	0	nan	0	0	0	0.012407	0.000123	0.012407	0.000123	0.228696	0.002267
194	A	50414	1046617	928064	0.054322	232781	16	1046617	1028	1183259	1146463	0.000897	15806	2	1182719	0	0	0	nan	0	0	0	0.053425	0.000244	0.053425	0.000244	0.984772	0.004498
195	A	73031	1046617	938105	0.077849	232619	15	1046617	979	1183302	1146019	0.000854	15803	2	1182762	0	0	0	nan	0	0	0	0.076995	0.000289	0.076995	0.000289	1.419233	0.005327
196	C	64741	1046617	940120	0.068865	232474	14	1046617	779	1183353	1143953	0.000681	15800	2	1182813	0	0	0	nan	0	0	0	0.068184	0.000272	0.068184	0.000272	1.256822	0.005014
197	C	47547	1046617	952021	0.049943	232299	13	1046617	701	1183185	1141115	0.000614	15797	2	1182645	0	0	0	nan	0	0	0	0.049329	0.000230	0.049329	0.000230	0.909271	0.004240
198	A	37021	1046617	948732	0.039022	231933	13	1046617	513	1183079	1130746	0.000454	15792	2	1182539	0	0	0	nan	0	0	0	0.038568	0.000204	0.038568	0.000204	0.710916	0.003760
199	U	17888	1046617	955615	0.018719	231783	13	1046617	2281	1182936	1132332	0.002014	15786	2	1182396	0	0	0	nan	0	0	0	0.016704	0.000146	0.016704	0.000146	0.307901	0.002691
200	C	32648	1046617	950698	0.034341	231579	13	1046617	746	1183293	1133859	0.000658	15783	2	1182753	0	0	0	nan	0	0	0	0.033683	0.000192	0.033683	0.000192	0.620872	0.003539
201	A	16623	1046617	958823	0.017337	231221	13	1046617	824	1183693	1144153	0.000720	15779	2	1183153	0	0	0	nan	0	0	0	0.016617	0.000137	0.016617	0.000137	0.306298	0.002525
202	A	61536	1046617	972910	0.063249	230844	13	1046617	1027	1184112	1147432	0.000895	15777	2	1183572	0	0	0	nan	0	0	0	0.062354	0.000256	0.062354	0.000256	1.149358	0.004719
203	C	45756	1046617	977892	0.046790	230427	13	1046617	525	1184655	1145737	0.000458	15777	2	1184115	0	0	0	nan	0	0	0	0.046332	0.000220	0.046332	0.000220	0.854028	0.004055
204	G	8105	1046617	969424	0.008361	229746	13	1046617	1877	1185123	1138750	0.001648	15751	2	1184584	0	0	0	nan	0	0	0	0.006712	0.000100	0.006712	0.000100	0.123721	0.001843
205	G	5242	1046617	936524	0.005597	229204	12	1046617	1778	1184856	1123959	0.001582	15741	2	1184318	0	0	0	nan	0	0	0	0.004015	0.000086	0.004015	0.000086	0.074008	0.001585
206	A	54723	1046617	950851	0.057552	228680	12	1046617	1191	1184718	1119667	0.001064	15730	2	1184180	0	0	0	nan	0	0	0	0.056488	0.000248	0.056488	0.000248	1.041232	0.004571
207	G	8166	1046617	953208	0.008567	228436	12	1046617	1095	1184972	1120930	0.000977	15736	2	1184434	0	0	0	nan	0	0	0	0.007590	0.000099	0.007590	0.000099	0.139905	0.001825
208	U	13104	1046617	971152	0.013493	228143	12	1046617	1639	1185102	1125774	0.001456	15735	2	1184564	0	0	0	nan	0	0	0	0.012037	0.000123	0.012037	0.000123	0.221876	0.002267
209	G	5848	1046617	963762	0.006068	227732	12	1046617	1079	1185363	1130532	0.000954	15730	2	1184825	0	0	0	nan	0	0	0	0.005113	0.000085	0.005113	0.000085	0.094247	0.001567
210	A	56258	1046617	977481	0.057554	227236	12	1046617	921	1185634	1134965	0.000811	15728	2	1185096	0	0	0	nan	0	0	0	0.056743	0.000244	0.056743	0.000244	1.045932	0.004498
211	C	55171	1046617	980280	0.056281	227098	12	1046617	786	1186333	1118616	0.000703	15727	2	1185796	0	0	0	nan	0	0	0	0.055578	0.000241	0.055578	0.000241	1.024458	0.004442
212	C	35828	1046617	976989	0.036672	226858	12	1046617	3134	1186470	1117779	0.002804	15741	2	1185936	0	0	0	nan	0	0	0	0.033868	0.000200	0.033868	0.000200	0.624282	0.003687
213	G	8532	1046617	968419	0.008810	226399	12	1046617	2552	1186479	1110199	0.002299	15741	2	1185955	0	0	0	nan	0	0	0	0.006512	0.000106	0.006512	0.000106	0.120034	0.001954
214	G	16269	1046617	965487	0.016851	224831	11	1046617	4533	1185742	1107829	0.004092	15705	2	1185230	0	0	0	nan	0	0	0	0.012759	0.000145	0.012759	0.000145	0.235184	0.002673
215	C	34371	1046617	960876	0.035770	224293	11	1046617	3144	1185689	1105127	0.002845	15704	2	1185180	0	0	0	nan	0	0	0	0.032926	0.000200	0.032926	0.000200	0.606918	0.003687
216	U	11195	1046617	947178	0.011819	223060	10	1046617	990	1185495	1100873	0.000899	15701	2	1184995	0	0	0	nan	0	0	0	0.010920	0.000115	0.010920	0.000115	0.201286	0.002120
217	G	6935	1046617	936271	0.007407	222799	10	1046617	1700	1185318	1092780	0.001556	15701	2	1184835	0	0	0	nan	0	0	0	0.005851	0.000097	0.005851	0.000097	0.107850	0.001788
218	G	14523	1046617	936418	0.015509	222494	10	1046617	5343	1185175	1095804	0.004876	15701	2	1184695	0	0	0	nan	0	0	0	0.010633	0.000145	0.010633	0.000145	0.195996	0.002673
219	C	143806	1046617	954506	0.150660	222339	11	1046617	2467	1185427	1104709	0.002233	15676	2	1184953	0	0	0	nan	0	0	0	0.148427	0.000400	0.148427	0.000400	2.735924	0.007373
220	G	8101	1046617	984547	0.008228	222140	11	1046617	1798	1185982	1112498	0.001616	15677	2	1185515	0	0	0	nan	0	0	0	0.006612	0.000099	0.006612	0.000099	0.121878	0.001825
221	G	15896	1046617	989814	0.016060	221905	11	1046617	5092	1185846	1115260	0.004566	15676	2	1185379	0	0	0	nan	0	0	0	0.011494	0.000143	0.011494	0.000143	0.211867	0.002636
222	C	13281	1046617	985750	0.013473	221730	11	1046617	2740	1185324	1108685	0.002471	15675	2	1184858	0	0	0	nan	0	0	0	0.011002	0.000126	0.011002	0.000126	0.202798	0.002323
223	U	5313	1046617	988456	0.005375	221500	12	1046617	1212	1185005	1107920	0.001094	15677	2	1184545	0	0	0	nan	0	0	0	0.004281	0.000080	0.004281	0.000080	0.078911	0.001475
224	G	8875	1046617	980787	0.009049	221344	12	1046617	1522	1184781	1100853	0.001383	15672	2	1184323	0	0	0	nan	0	0	0	0.007666	0.000102	0.007666	0.000102	0.141306	0.001880
225	U	6584	1046617	976331	0.006744	221104	11	1046617	1490	1184574	1102039	0.001352	15667	2	1184121	0	0	0	nan	0	0	0	0.005392	0.000090	0.005392	0.000090	0.099390	0.001659
226	G	8757	1046617	969450	0.009033	220905	11	1046617	2984	1184617	1101600	0.002709	15667	2	1184171	0	0	0	nan	0	0	0	0.006324	0.000109	0.006324	0.000109	0.116569	0.002009
227	C	47151	1046617	974006	0.048409	220778	11	1046617	1307	1184766	1106167	0.001182	15667	2	1184323	0	0	0	nan	0	0	0	0.047228	0.000225	0.047228	0.000225	0.870544	0.004147
228	G	4673	1046617	967483	0.004830	219131	11	1046617	13126	1184814	1112211	0.011802	15666	2	1184372	0	0	0	nan	0	0	0	-0.006972	0.000125	-0.006972	0.000125	-0.128513	0.002304
229	A	19929	1046617	955997	0.020846	218973	11	1046617	483	1185322	1117718	0.000432	15666	2	1184881	0	0	0	nan	0	0	0	0.020414	0.000149	0.020414	0.000149	0.376287	0.002746
230	A	36118	1046617	942844	0.038308	218853	11	1046617	711	1185375	1124204	0.000632	15666	2	1184935	0	0	0	nan	0	0	0	0.037675	0.000203	0.037675	0.000203	0.694456	0.003742
231	C	21725	1046617	944021	0.023013	218738	11	1046617	554	1185379	1122292	0.000494	15665	2	1184941	0	0	0	nan	0	0	0	0.022520	0.000158	0.022520	0.000158	0.415107	0.002912
232	G	19903	1046617	943379	0.021098	218567	11	1046617	4714	1185312	1123181	0.004197	15665	2	1184874	0	0	0	nan	0	0	0	0.016901	0.000162	0.016901	0.000162	0.311533	0.002986
233	C	14339	1046617	935010	0.015336	218443	11	1046617	1519	1185142	1118090	0.001359	15666	2	1184705	0	0	0	nan	0	0	0	0.013977	0.000133	0.013977	0.000133	0.257635	0.002452
234	A	58898	1046617	939053	0.062721	218264	11	1046617	866	1184862	1114228	0.000777	15665	2	1184429	0	0	0	nan	0	0	0	0.061943	0.000260	0.061943	0.000260	1.141783	0.004793
235	U	17366	1046617	951011	0.018261	218144	11	1046617	1305	1184624	1101127	0.001185	15664	2	1184191	0	0	0	nan	0	0	0	0.017075	0.000142	0.017075	0.000142	0.314740	0.002617
236	U	22598	1046617	928376	0.024341	217922	11	1046617	2290	1184455	1104035	0.002074	15663	2	1184022	0	0	0	nan	0	0	0	0.022267	0.000168	0.022267	0.000168	0.410443	0.003097
237	C	101455	1046617	975063	0.104050	217690	11	1046617	648	1184468	1109544	0.000584	15663	2	1184040	0	0	0	nan	0	0	0	0.103466	0.000327	0.103466	0.000327	1.907167	0.006028
238	U	17590	1046617	983403	0.017887	217593	11	1046617	939	1184546	1121641	0.000837	15662	2	1184121	0	0	0	nan	0	0	0	0.017050	0.000138	0.017050	0.000138	0.314279	0.002544
239	G	9362	1046617	975948	0.009593	217472	12	1046617	1959	1184239	1118086	0.001752	15660	2	1183817	0	0	0	nan	0	0	0	0.007841	0.000107	0.007841	0.000107	0.144532	0.001972
240	G	13550	1046617	977984	0.013855	217264	12	1046617	4377	1184036	1118424	0.003914	15659	2	1183618	0	0	0	nan	0	0	0	0.009941	0.000133	0.009941	0.000133	0.183240	0.002452
241	C	13461	1046617	979115	0.013748	217128	12	1046617	1558	1183816	1117281	0.001394	15385	2	1183404	0	0	0	nan	0	0	0	0.012354	0.000124	0.012354	0.000124	0.227719	0.002286
242	G	7542	1046617	971664	0.007762	216934	12	1046617	1848	1183547	1117039	0.001654	15384	2	1183138	0	0	0	nan	0	0	0	0.006108	0.000097	0.006108	0.000097	0.112588	0.001788
243	A	42484	1046617	973358	0.043647	216741	13	1046617	433	1183164	1110751	0.000390	15383	2	1182762	0	0	0	nan	0	0	0	0.043257	0.000213	0.043257	0.000213	0.797347	0.003926
244	A	78545	1046617	982185	0.079970	216576	13	1046617	705	1182639	1104629	0.000638	15383	2	1182240	0	0	0	nan	0	0	0	0.079331	0.000286	0.079331	0.000286	1.462292	0.005272
245	U	10528	1046617	980430	0.010738	216441	14	1046617	1338	1182233	1102843	0.001213	15382	2	1181839	0	0	0	nan	0	0	0	0.009525	0.000110	0.009525	0.000110	0.175572	0.002028
246	U	10118	1046617	986012	0.010262	216240	14	1046617	2409	1181861	1107908	0.002174	15380	2	1181469	0	0	0	nan	0	0	0	0.008087	0.000111	0.008087	0.000111	0.149066	0.002046
247	C	10742	1046617	987822	0.010874	216125	14	1046617	954	1181581	1111308	0.000858	15380	2	1181191	0	0	0	nan	0	0	0	0.010016	0.000109	0.010016	0.000109	0.184623	0.002009
248	U	5096	1046617	987595	0.005160	216007	21	1046617	1493	1181098	1111407	0.001343	15381	2	1180708	0	0	0	nan	0	0	0	0.003817	0.000080	0.003817	0.000080	0.070358	0.001475
249	C	13234	1046617	976834	0.013548	215901	34	1046617	966	1180472	1103817	0.000875	15381	2	1180086	0	0	0	nan	0	0	0	0.012673	0.000121	0.012673	0.000121	0.233599	0.002230
250	A	18032	1046617	984115	0.018323	215783	35	1046617	696	1179865	1107637	0.000628	15380	2	1179481	0	0	0	nan	0	0	0	0.017695	0.000139	0.017695	0.000139	0.326168	0.002562
251	C	43536	1046617	971847	0.044797	215687	35	1046617	869	1179628	1099191	0.000791	15384	2	1179248	0	0	0	nan	0	0	0	0.044007	0.000216	0.044007	0.000216	0.811172	0.003981
252	G	7182	1046617	976558	0.007354	215575	35	1046617	1617	1179467	1101705	0.001468	15383	2	1179088	0	0	0	nan	0	0	0	0.005887	0.000094	0.005887	0.000094	0.108514	0.001733
253	G	12287	1046617	968299	0.012689	215411	35	1046617	5760	1179306	1094351	0.005263	15383	2	1178927	0	0	0	nan	0	0	0	0.007426	0.000134	0.007426	0.000134	0.136882	0.002470
254	C	66282	1046617	957627	0.069215	215308	35	1046617	44816	1179286	1093043	0.041001	15384	2	1178910	0	0	0	nan	0	0	0	0.028214	0.000331	0.028214	0.000331	0.520063	0.006101
255	U	8606	1046617	959151	0.008973	215213	36	1046617	1777	1179435	1096469	0.001621	15402	2	1179059	0	0	0	nan	0	0	0	0.007352	0.000104	0.007352	0.000104	0.135518	0.001917
256	U	15188	1046617	955811	0.015890	215047	36	1046617	1143	1179196	1096804	0.001042	15399	2	1178822	0	0	0	nan	0	0	0	0.014848	0.000133	0.014848	0.000133	0.273690	0.002452
257	U	17117	1046617	954619	0.017931	214914	36	1046617	4352	1178890	1105155	0.003938	15398	2	1178518	0	0	0	nan	0	0	0	0.013993	0.000149	0.013993	0.000149	0.257930	0.002746
258	C	69804	1046617	967976	0.072113	214745	36	1046617	981	1178735	1109488	0.000884	15396	2	1178363	0	0	0	nan	0	0	0	0.071229	0.000274	0.071229	0.000274	1.312949	0.005051
259	C	51700	1046617	987360	0.052362	214532	37	1046617	889	1178620	1110208	0.000801	15397	2	1178251	0	0	0	nan	0	0	0	0.051561	0.000232	0.051561	0.000232	0.950413	0.004276
260	G	15543	1046617	986862	0.015750	214360	38	1046617	5406	1178273	1108868	0.004875	15397	1	1177907	0	0	0	nan	0	0	0	0.010875	0.000143	0.010875	0.000143	0.200457	0.002636
261	C	14112	1046617	984450	0.014335	213949	44	1046617	2328	1177946	1106300	0.002104	15400	1	1177581	0	0	0	nan	0	0	0	0.012231	0.000128	0.012231	0.000128	0.225452	0.002359
262	C	12977	1046617	982520	0.013208	213763	45	1046617	1459	1177583	1106519	0.001319	15400	1	1177218	0	0	0	nan	0	0	0	0.011889	0.000121	0.011889	0.000121	0.219147	0.002230
263	U	10673	1046617	983848	0.010848	213628	48	1046617	1147	1176897	1106103	0.001037	15403	1	1176538	0	0	0	nan	0	0	0	0.009811	0.000109	0.009811	0.000109	0.180844	0.002009
264	G	3671	1046617	951186	0.003859	213476	50	1046617	1419	1176714	1085866	0.001307	15405	1	1176356	0	0	0	nan	0	0	0	0.002553	0.000073	0.002553	0.000073	0.047059	0.001346
265	A	52988	1046617	968391	0.054718	213277	50	1046617	872	1176412	1091676	0.000799	15405	1	1176058	0	0	0	nan	0	0	0	0.053919	0.000239	0.053919	0.000239	0.993878	0.004405
266	G	9272	1046617	965208	0.009606	213224	63	1046617	2320	1176767	1090975	0.002127	15406	1	1176413	0	0	0	nan	0	0	0	0.007480	0.000109	0.007480	0.000109	0.137877	0.002009
267	G	11350	1046617	996686	0.011388	213113	66	1046617	2743	1176935	1114746	0.002461	15406	1	1176581	0	0	0	nan	0	0	0	0.008927	0.000117	0.008927	0.000117	0.164550	0.002157
268	U	8276	1046617	986045	0.008393	212962	67	1046617	1125	1176905	1104633	0.001018	15404	2	1176551	0	0	0	nan	0	0	0	0.007375	0.000097	0.007375	0.000097	0.135942	0.001788
269	U	6685	1046617	984777	0.006788	212802	67	1046617	690	1176607	1105103	0.000624	15406	2	1176255	0	0	0	nan	0	0	0	0.006164	0.000086	0.006164	0.000086	0.113620	0.001585
270	G	5603	1046617	965328	0.005804	212494	71	1046617	766	1176342	1100568	0.000696	15406	2	1175993	0	0	0	nan	0	0	0	0.005108	0.000082	0.005108	0.000082	0.094155	0.001511
271	A	42142	1046617	958084	0.043986	212255	71	1046617	550	1175569	1098755	0.000501	15406	4	1175222	0	0	0	nan	0	0	0	0.043485	0.000215	0.043485	0.000215	0.801550	0.003963
272	A	42789	1046617	949545	0.045063	211999	74	1046617	798	1175133	1088093	0.000733	15406	4	1174787	0	0	0	nan	0	0	0	0.044329	0.000219	0.044329	0.000219	0.817107	0.004037
273	G	17608	1046617	939482	0.018742	211812	80	1046617	1446	1174646	1062876	0.001360	15407	5	1174303	0	0	0	nan	0	0	0	0.017382	0.000146	0.017382	0.000146	0.320399	0.002691
274	A	63080	1046617	938615	0.067205	211630	80	1046617	738	1174316	1061459	0.000695	15405	5	1173976	0	0	0	nan	0	0	0	0.066510	0.000269	0.066510	0.000269	1.225965	0.004958
275	G	11382	1046617	941086	0.012095	211525	82	1046617	3890	1174314	1061208	0.003666	15405	5	1173977	0	0	0	nan	0	0	0	0.008429	0.000128	0.008429	0.000128	0.155370	0.002359
276	C	18165	1046617	944851	0.019225	211379	84	1046617	1607	1175010	1096496	0.001466	15400	5	1174676	0	0	0	nan	0	0	0	0.017760	0.000147	0.017760	0.000147	0.327366	0.002710
277	A	45207	1046617	962886	0.046949	211259	85	1046617	544	1175497	1101230	0.000494	15399	5	1175165	0	0	0	nan	0	0	0	0.046455	0.000222	0.046455	0.000222	0.856295	0.004092
278	A	46398	1046617	975641	0.047556	211116	87	1046617	718	1176062	1100937	0.000652	15399	5	1175733	0	0	0	nan	0	0	0	0.046904	0.000222	0.046904	0.000222	0.864572	0.004092
279	G	9056	1046617	974255	0.009295	210995	87	1046617	3272	1176444	1103862	0.002964	15400	5	1176120	0	0	0	nan	0	0	0	0.006331	0.000111	0.006331	0.000111	0.116698	0.002046
280	C	20989	1046617	968306	0.021676	210845	87	1046617	3093	1176323	1098405	0.002816	15399	5	1176003	0	0	0	nan	0	0	0	0.018860	0.000158	0.018860	0.000158	0.347642	0.002912
281	C	48738	1046617	965901	0.050459	210727	92	1046617	1023	1176012	1095184	0.000934	15406	5	1175697	0	0	0	nan	0	0	0	0.049524	0.000230	0.049524	0.000230	0.912866	0.004240
282	G	45115	1046617	963596	0.046819	210507	93	1046617	54713	1175344	1114203	0.049105	15420	6	1175031	0	0	0	nan	0	0	0	-0.002286	0.000304	-0.002286	0.000304	-0.042137	0.005604
283	C	18725	1046617	962623	0.019452	210517	133	1046617	3547	1175143	1112100	0.003189	15990	17	1174825	0	0	0	nan	0	0	0	0.016263	0.000152	0.016263	0.000152	0.299773	0.002802
284	C	24281	1046617	964641	0.025171	210184	135	1046617	1044	1173993	1085905	0.000961	15994	17	1173675	0	0	0	nan	0	0	0	0.024210	0.000164	0.024210	0.000164	0.446258	0.003023
285	G	3689	1046617	949575	0.003885	209955	139	1046617	2070	1173466	1072530	0.001930	15997	17	1173149	0	0	0	nan	0	0	0	0.001955	0.000077	0.001955	0.000077	0.036036	0.001419
286	A	12289	1046617	951001	0.012922	209531	139	1046617	571	1172977	1072467	0.000532	15996	17	1172661	0	0	0	nan	0	0	0	0.012390	0.000119	0.012390	0.000119	0.228382	0.002194
287	U	6073	1046617	949936	0.006393	209289	139	1046617	722	1173068	1091796	0.000661	16000	18	1172751	0	0	0	nan	0	0	0	0.005732	0.000086	0.005732	0.000086	0.105657	0.001585
288	A	50707	1046617	948591	0.053455	209079	143	1046617	982	1173343	1106846	0.000887	16000	22	1173028	0	0	0	nan	0	0	0	0.052568	0.000239	0.052568	0.000239	0.968975	0.004405
289	C	88579	1046617	959800	0.092289	208906	143	1046617	542	1173739	1105639	0.000490	15999	23	1173428	0	0	0	nan	0	0	0	0.091799	0.000311	0.091799	0.000311	1.692112	0.005733
290	A	74464	1046617	960079	0.077560	208701	143	1046617	751	1173824	1108590	0.000677	16000	23	1173515	0	0	0	nan	0	0	0	0.076883	0.000285	0.076883	0.000285	1.417169	0.005253
291	U	15349	1046617	956800	0.016042	208529	143	1046617	1202	1174469	1101895	0.001091	16001	26	1174161	0	0	0	nan	0	0	0	0.014951	0.000133	0.014951	0.000133	0.275589	0.002452
292	U	13125	1046617	959758	0.013675	208270	143	1046617	816	1175223	1105523	0.000738	16002	26	1174916	0	0	0	nan	0	0	0	0.012937	0.000122	0.012937	0.000122	0.238465	0.002249
293	G	13639	1046617	962849	0.014165	208020	144	1046617	3838	1175993	1114463	0.003444	16004	26	1175686	0	0	0	nan	0	0	0	0.010721	0.000133	0.010721	0.000133	0.197618	0.002452
294	C	33490	1046617	972336	0.034443	207489	144	1046617	1543	1176225	1104661	0.001397	16004	27	1175919	0	0	0	nan	0	0	0	0.033046	0.000192	0.033046	0.000192	0.609130	0.003539
295	C	28649	1046617	963726	0.029727	206853	144	1046617	707	1130644	1040721	0.000679	16023	28	1130339	0	0	0	nan	0	0	0	0.029048	0.000177	0.029048	0.000177	0.535436	0.003263
296	U	10469	1046617	924623	0.011322	205643	144	1046617	754	1109610	1005530	0.000750	16027	28	1109307	0	0	0	nan	0	0	0	0.010573	0.000114	0.010573	0.000114	0.194890	0.002101
297	A	73497	1046617	938296	0.078330	204253	144	1046617	558	1108548	990454	0.000563	16023	28	1108244	0	0	0	nan	0	0	0	0.077767	0.000290	0.077767	0.000290	1.433463	0.005346
298	U	18224	1046617	943060	0.019324	203030	144	1046617	987	1108989	1016325	0.000971	16022	30	1108686	0	0	0	nan	0	0	0	0.018353	0.000146	0.018353	0.000146	0.338297	0.002691
299	G	4976	1046617	934887	0.005323	201722	144	1046617	692	1109390	1021408	0.000677	16023	32	1109089	0	0	0	nan	0	0	0	0.004645	0.000080	0.004645	0.000080	0.085620	0.001475
300	U	13567	1046617	935275	0.014506	200495	144	1046617	3537	1109855	1036545	0.003412	16023	33	1109555	0	0	0	nan	0	0	0	0.011094	0.000137	0.011094	0.000137	0.204493	0.002525
301	C	32146	1046617	920768	0.034912	199219	144	1046617	839	1110375	1033331	0.000812	16023	33	1110076	0	0	0	nan	0	0	0	0.034100	0.000197	0.034100	0.000197	0.628558	0.003631
302	C	24510	1046617	914879	0.026790	198115	144	1046617	898	1111131	1032398	0.000870	16022	33	1110833	0	0	0	nan	0	0	0	0.025921	0.000174	0.025921	0.000174	0.477796	0.003207
303	U	8416	1046617	909056	0.009258	196857	144	1046617	1234	1111897	1040148	0.001186	16023	33	1111602	0	0	0	nan	0	0	0	0.008072	0.000106	0.008072	0.000106	0.148790	0.001954
304	G	11400	1046617	902676	0.012629	195944	144	1046617	5051	1112529	1038160	0.004865	16023	33	1112235	0	0	0	nan	0	0	0	0.007764	0.000137	0.007764	0.000137	0.143112	0.002525
305	C	76845	1046617	915782	0.083912	194718	144	1046617	1120	1113346	1056009	0.001061	16022	33	1113055	0	0	0	nan	0	0	0	0.082851	0.000304	0.082851	0.000304	1.527175	0.005604
306	G	14708	1046617	877738	0.016757	193723	144	1046617	3692	1114130	1039689	0.003551	16020	33	1113842	0	0	0	nan	0	0	0	0.013206	0.000150	0.013206	0.000150	0.243423	0.002765
307	C	21218	1046617	860380	0.024661	192910	144	1046617	1790	1114555	1041414	0.001719	16020	33	1114266	0	0	0	nan	0	0	0	0.022942	0.000174	0.022942	0.000174	0.422885	0.003207
308	A	44403	1046617	854535	0.051962	192278	144	1046617	657	1115226	1036552	0.000634	16018	33	1114936	0	0	0	nan	0	0	0	0.051328	0.000248	0.051328	0.000248	0.946118	0.004571
309	C	45091	1046617	851493	0.052955	191191	144	1046617	341	1115845	1052482	0.000324	16019	35	1115555	0	0	0	nan	0	0	0	0.052631	0.000250	0.052631	0.000250	0.970136	0.004608
310	A	29771	1046617	829756	0.035879	190274	144	1046617	368	1116595	1038220	0.000354	16016	35	1116310	0	0	0	nan	0	0	0	0.035525	0.000209	0.035525	0.000209	0.654825	0.003852
311	A	68655	1046617	846075	0.081145	188929	144	1046617	838	1117100	1048955	0.000799	16017	35	1116820	0	0	0	nan	0	0	0	0.080346	0.000311	0.080346	0.000311	1.481001	0.005733
312	G	26593	1046617	861979	0.030851	188309	144	1046617	2478	1117759	1030236	0.002405	16019	35	1117479	0	0	0	nan	0	0	0	0.028446	0.000195	0.028446	0.000195	0.524339	0.003594
313	A	52902	1046617	872024	0.060666	187434	144	1046617	853	1118046	1023364	0.000834	16019	35	1117767	0	0	0	nan	0	0	0	0.059832	0.000265	0.059832	0.000265	1.102871	0.004885
314	A	41686	1046617	869401	0.047948	186890	144	1046617	565	1118411	985321	0.000573	16018	34	1118133	0	0	0	nan	0	0	0	0.047375	0.000236	0.047375	0.000236	0.873254	0.004350
315	A	25309	1046617	894584	0.028291	186496	144	1046617	749	1118704	998099	0.000750	16017	34	1118428	0	0	0	nan	0	0	0	0.027541	0.000180	0.027541	0.000180	0.507658	0.003318
316	G	8222	1046617	917122	0.008965	186132	144	1046617	3095	1119539	1026385	0.003015	16017	36	1119266	0	0	0	nan	0	0	0	0.005950	0.000113	0.005950	0.000113	0.109675	0.002083
317	C	6807	1046617	954867	0.007129	185795	144	1046617	1722	1119977	1074721	0.001602	16016	36	1119707	0	0	0	nan	0	0	0	0.005526	0.000095	0.005526	0.000095	0.101860	0.001751
318	G	16292	1046617	954876	0.017062	185436	144	1046617	3463	1120764	1075931	0.003219	16015	35	1120495	0	0	0	nan	0	0	0	0.013843	0.000144	0.013843	0.000144	0.255165	0.002654
319	G	4871	1046617	949891	0.005128	185055	144	1046617	1141	1121288	1069185	0.001067	16015	35	1121021	0	0	0	nan	0	0	0	0.004061	0.000080	0.004061	0.000080	0.074856	0.001475
320	U	7837	1046617	935205	0.008380	184658	144	1046617	721	1121693	1063537	0.000678	16015	35	1121431	0	0	0	nan	0	0	0	0.007702	0.000098	0.007702	0.000098	0.141969	0.001806
321	A	42327	1046617	936753	0.045185	184172	144	1046617	990	1122008	1051845	0.000941	16015	36	1121748	0	0	0	nan	0	0	0	0.044244	0.000222	0.044244	0.000222	0.815541	0.004092
322	U	9560	1046617	937755	0.010195	183803	144	1046617	768	1122319	1061427	0.000724	16014	36	1122060	0	0	0	nan	0	0	0	0.009471	0.000107	0.009471	0.000107	0.174577	0.001972
323	G	5603	1046617	931600	0.006014	183543	144	1046617	1226	1122636	1060668	0.001156	16015	37	1122380	0	0	0	nan	0	0	0	0.004859	0.000087	0.004859	0.000087	0.089565	0.001604
324	G	4303	1046617	907846	0.004740	183224	144	1046617	1185	1122931	1048968	0.001130	16015	37	1122675	0	0	0	nan	0	0	0	0.003610	0.000079	0.003610	0.000079	0.066542	0.001456
325	A	28708	1046617	893321	0.032136	182913	144	1046617	879	1123291	1044307	0.000842	16019	38	1123036	0	0	0	nan	0	0	0	0.031295	0.000192	0.031295	0.000192	0.576854	0.003539
326	C	23806	1046617	897445	0.026526	182614	144	1046617	1877	1123747	1051098	0.001786	16020	38	1123496	0	0	0	nan	0	0	0	0.024741	0.000177	0.024741	0.000177	0.456046	0.003263
327	C	70391	1046617	912222	0.077164	182344	145	1046617	1330	1124258	1082321	0.001229	16021	39	1124007	0	0	0	nan	0	0	0	0.075935	0.000293	0.075935	0.000293	1.399694	0.005401
328	G	8365	1046617	911937	0.009173	182118	146	1046617	2502	1124549	1086502	0.002303	16022	39	1124298	0	0	0	nan	0	0	0	0.006870	0.000110	0.006870	0.000110	0.126633	0.002028
329	G	13672	1046617	892617	0.015317	181734	146	1046617	4975	1124757	1078199	0.004614	16021	39	1124508	0	0	0	nan	0	0	0	0.010703	0.000146	0.010703	0.000146	0.197286	0.002691
330	C	30718	1046617	887229	0.034622	181386	146	1046617	1957	1124911	1073276	0.001823	16022	39	1124663	0	0	0	nan	0	0	0	0.032799	0.000202	0.032799	0.000202	0.604577	0.003723
331	A	66232	1046617	906278	0.073081	180885	146	1046617	1027	1125310	1074179	0.000956	16018	39	1125064	0	0	0	nan	0	0	0	0.072125	0.000286	0.072125	0.000286	1.329465	0.005272
332	C	96447	1046617	927368	0.104001	180420	147	1046617	1639	1125546	1074203	0.001526	16018	39	1125300	0	0	0	nan	0	0	0	0.102475	0.000337	0.102475	0.000337	1.888901	0.006212
333	C	40061	1046617	937784	0.042719	179868	147	1046617	759	1125796	1075038	0.000706	16018	39	1125552	0	0	0	nan	0	0	0	0.042013	0.000215	0.042013	0.000215	0.774417	0.003963
334	C	19906	1046617	925376	0.021511	179334	147	1046617	1007	1126049	1056826	0.000953	16021	41	1125807	0	0	0	nan	0	0	0	0.020558	0.000155	0.020558	0.000155	0.378941	0.002857
335	A	29567	1046617	936272	0.031579	178812	147	1046617	548	1126213	1061935	0.000516	16020	41	1125973	0	0	0	nan	0	0	0	0.031063	0.000185	0.031063	0.000185	0.572578	0.003410
336	G	9151	1046617	933821	0.009800	178300	147	1046617	3269	1126387	1061178	0.003081	16019	43	1126148	0	0	0	nan	0	0	0	0.006719	0.000116	0.006719	0.000116	0.123850	0.002138
337	C	10085	1046617	952193	0.010591	177776	147	1046617	2092	1126604	1080413	0.001936	16019	43	1126367	0	0	0	nan	0	0	0	0.008655	0.000114	0.008655	0.000114	0.159536	0.002101
338	C	29191	1046617	958087	0.030468	177379	147	1046617	820	1126925	1076894	0.000761	16018	44	1126688	0	0	0	nan	0	0	0	0.029707	0.000180	0.029707	0.000180	0.547583	0.003318
339	G	19298	1046617	941813	0.020490	177190	147	1046617	6502	1127214	1060728	0.006130	16017	46	1126978	0	0	0	nan	0	0	0	0.014361	0.000166	0.014361	0.000166	0.264713	0.003060
340	C	69646	1046617	943797	0.073793	176770	147	1046617	23534	1127637	1049824	0.022417	15947	48	1127402	0	0	0	nan	0	0	0	0.051376	0.000316	0.051376	0.000316	0.947003	0.005825
341	U	5230	1046617	945475	0.005532	176680	148	1046617	1013	1128214	1055875	0.000959	15952	49	1127980	0	0	0	nan	0	0	0	0.004572	0.000082	0.004572	0.000082	0.084275	0.001511
342	U	6090	1046617	964991	0.006311	176404	148	1046617	992	1128819	1072362	0.000925	15948	49	1128587	0	0	0	nan	0	0	0	0.005386	0.000086	0.005386	0.000086	0.099279	0.001585
343	G	8471	1046617	956915	0.008852	175949	148	1046617	1282	1129210	1081832	0.001185	15947	49	1128978	0	0	0	nan	0	0	0	0.007667	0.000102	0.007667	0.000102	0.141324	0.001880
344	U	10312	1046617	964357	0.010693	175603	148	1046617	1084	1129333	1079235	0.001004	15947	49	1129103	0	0	0	nan	0	0	0	0.009689	0.000110	0.009689	0.000110	0.178595	0.002028
345	G	9771	1046617	952071	0.010263	175389	148	1046617	2352	1129605	1066113	0.002206	15946	49	1129377	0	0	0	nan	0	0	0	0.008057	0.000113	0.008057	0.000113	0.148513	0.002083
346	C	28956	1046617	973598	0.029741	174928	148	1046617	16009	1129730	1060853	0.015091	15948	49	1129503	0	0	0	nan	0	0	0	0.014651	0.000212	0.014651	0.000212	0.270059	0.003908
347	U	9337	1046617	964417	0.009681	174760	148	1046617	873	1129865	1054100	0.000828	15948	51	1129640	0	0	0	nan	0	0	0	0.008853	0.000104	0.008853	0.000104	0.163186	0.001917
348	U	11279	1046617	964476	0.011694	174430	148	1046617	1079	1130156	1054303	0.001023	15946	51	1129931	0	0	0	nan	0	0	0	0.010671	0.000114	0.010671	0.000114	0.196696	0.002101
349	C	36943	1046617	958408	0.038546	173919	148	1046617	780	1130515	1062850	0.000734	15946	52	1130294	0	0	0	nan	0	0	0	0.037812	0.000202	0.037812	0.000202	0.696981	0.003723
350	A	34095	1046617	968773	0.035194	173453	148	1046617	694	1130693	1074630	0.000646	15949	53	1130474	0	0	0	nan	0	0	0	0.034548	0.000192	0.034548	0.000192	0.636816	0.003539
351	G	7692	1046617	961051	0.008004	173259	148	1046617	2630	1131294	1069644	0.002459	15949	53	1131080	0	0	0	nan	0	0	0	0.005545	0.000103	0.005545	0.000103	0.102210	0.001899
352	C	33267	1046617	931385	0.035718	173000	148	1046617	1830	1131586	1056053	0.001733	15949	53	1131372	0	0	0	nan	0	0	0	0.033985	0.000200	0.033985	0.000200	0.626439	0.003687
353	U	12533	1046617	912451	0.013736	172493	148	1046617	1527	1131918	1051795	0.001452	15947	54	1131706	0	0	0	nan	0	0	0	0.012284	0.000128	0.012284	0.000128	0.226428	0.002359
354	C	38702	1046617	916134	0.042245	172275	147	1046617	1244	1132816	1061870	0.001172	15946	56	1132606	0	0	0	nan	0	0	0	0.041073	0.000217	0.041073	0.000217	0.757090	0.004000
355	G	17739	1046617	926419	0.019148	171606	147	1046617	3567	1133164	1096170	0.003254	15940	56	1132955	0	0	0	nan	0	0	0	0.015894	0.000154	0.015894	0.000154	0.292971	0.002839
356	C	55209	1046617	922853	0.059824	170964	147	1046617	1306	1133488	1090245	0.001198	15939	59	1133281	0	0	0	nan	0	0	0	0.058626	0.000257	0.058626	0.000257	1.080641	0.004737
357	A	53980	1046617	917385	0.058841	170058	147	1046617	520	1133803	1074566	0.000484	15933	59	1133598	0	0	0	nan	0	0	0	0.058357	0.000254	0.058357	0.000254	1.075683	0.004682
358	U	16079	1046617	936876	0.017162	169513	147	1046617	1555	1134072	1074812	0.001447	15927	60	1133868	0	0	0	nan	0	0	0	0.015716	0.000140	0.015716	0.000140	0.289690	0.002581
359	C	45974	1046617	921317	0.049900	169270	147	1046617	668	1134302	1072164	0.000623	15929	64	1134101	0	0	0	nan	0	0	0	0.049277	0.000234	0.049277	0.000234	0.908313	0.004313
360	A	27365	1046617	933804	0.029305	168835	147	1046617	499	1134493	1084952	0.000460	15922	64	1134294	0	0	0	nan	0	0	0	0.028845	0.000178	0.028845	0.000178	0.531694	0.003281
361	A	50554	1046617	944447	0.053528	168088	147	1046617	404	1134748	1091630	0.000370	15922	64	1134549	0	0	0	nan	0	0	0	0.053158	0.000239	0.053158	0.000239	0.979850	0.004405
362	C	43232	1046617	960652	0.045003	167884	147	1046617	474	1136410	1105108	0.000429	15928	64	1136215	0	0	0	nan	0	0	0	0.044574	0.000217	0.044574	0.000217	0.821623	0.004000
363	G	7021	1046617	966289	0.007266	167335	147	1046617	867	1136980	1099013	0.000789	15924	65	1136785	0	0	0	nan	0	0	0	0.006477	0.000091	0.006477	0.000091	0.119389	0.001677
364	U	15542	1046617	957672	0.016229	166957	147	1046617	4136	1137194	1089298	0.003797	15919	65	1136999	0	0	0	nan	0	0	0	0.012432	0.000143	0.012432	0.000143	0.229156	0.002636
365	C	52119	1046617	961662	0.054197	166154	147	1046617	648	1137389	1084110	0.000598	15905	65	1137195	0	0	0	nan	0	0	0	0.053599	0.000239	0.053599	0.000239	0.987979	0.004405
366	U	13204	1046617	959186	0.013766	165836	147	1046617	408	1137528	1087689	0.000375	15908	67	1137340	0	0	0	nan	0	0	0	0.013391	0.000121	0.013391	0.000121	0.246834	0.002230
367	A	38312	1046617	949933	0.040331	164667	147	1046617	483	1137648	1071287	0.000451	15897	67	1137467	0	0	0	nan	0	0	0	0.039880	0.000207	0.039880	0.000207	0.735100	0.003816
368	A	76867	1046617	961769	0.079923	163739	147	1046617	2135	1137880	1080020	0.001977	15907	67	1137701	0	0	0	nan	0	0	0	0.077946	0.000291	0.077946	0.000291	1.436763	0.005364
369	G	4680	1046617	965639	0.004847	163565	147	1046617	955	1138604	1084787	0.000880	15914	69	1138429	0	0	0	nan	0	0	0	0.003966	0.000076	0.003966	0.000076	0.073104	0.001401
370	G	10669	1046617	969588	0.011004	162652	147	1046617	3190	1139026	1098914	0.002903	15911	69	1138852	0	0	0	nan	0	0	0	0.008101	0.000118	0.008101	0.000118	0.149324	0.002175
371	C	27849	1046617	965068	0.028857	162071	147	1046617	3394	1139267	1091438	0.003110	15911	69	1139095	0	0	0	nan	0	0	0	0.025747	0.000181	0.025747	0.000181	0.474589	0.003336
372	C	45291	1046617	976562	0.046378	160604	147	1046617	671	1139590	1085319	0.000618	15911	71	1139419	0	0	0	nan	0	0	0	0.045760	0.000219	0.045760	0.000219	0.843485	0.004037
373	G	15004	1046617	985283	0.015228	160248	147	1046617	4709	1140060	1097572	0.004290	15911	71	1139890	0	0	0	nan	0	0	0	0.010938	0.000139	0.010938	0.000139	0.201618	0.002562
374	C	14500	1046617	992674	0.014607	159257	147	1046617	1427	1140453	1110546	0.001285	15911	71	1140284	0	0	0	nan	0	0	0	0.013322	0.000126	0.013322	0.000126	0.245562	0.002323
375	G	3587	1046617	995898	0.003602	157670	147	1046617	871	1140879	1124493	0.000775	15910	71	1140711	0	0	0	nan	0	0	0	0.002827	0.000066	0.002827	0.000066	0.052110	0.001217
376	A	17402	1046617	986729	0.017636	157185	147	1046617	356	1141196	1114364	0.000319	15907	73	1141029	0	0	0	nan	0	0	0	0.017317	0.000135	0.017317	0.000135	0.319201	0.002488
377	C	21136	1046617	964804	0.021907	154919	147	1046617	474	1141393	1087364	0.000436	15907	73	1141226	0	0	0	nan	0	0	0	0.021471	0.000152	0.021471	0.000152	0.395771	0.002802
378	U	12689	1046617	951618	0.013334	154349	147	1046617	3673	1141572	1075331	0.003416	15907	73	1141407	0	0	0	nan	0	0	0	0.009918	0.000131	0.009918	0.000131	0.182816	0.002415
379	C	47292	1046617	945790	0.050003	151887	147	1046617	1130	1141749	1070209	0.001056	15905	74	1141586	0	0	0	nan	0	0	0	0.048947	0.000232	0.048947	0.000232	0.902230	0.004276
380	U	14762	1046617	955004	0.015458	151525	147	1046617	724	1141855	1086851	0.000666	15905	75	1141696	0	0	0	nan	0	0	0	0.014791	0.000130	0.014791	0.000130	0.272639	0.002396
381	A	66428	1046617	968296	0.068603	149724	147	1046617	1490	1142061	1094460	0.001361	15904	75	1141903	0	0	0	nan	0	0	0	0.067242	0.000269	0.067242	0.000269	1.239458	0.004958
382	G	15235	1046617	994565	0.015318	149538	147	1046617	1441	1142513	1104413	0.001305	15904	77	1142355	0	0	0	nan	0	0	0	0.014013	0.000129	0.014013	0.000129	0.258299	0.002378
383	A	17700	1046617	1001931	0.017666	147316	147	1046617	612	1143273	1104692	0.000554	15899	77	1143121	0	0	0	nan	0	0	0	0.017112	0.000135	0.017112	0.000135	0.315422	0.002488
384	G	3043	1046617	992636	0.003066	147030	148	1046617	573	1143885	1091390	0.000525	15899	77	1143736	0	0	0	nan	0	0	0	0.002541	0.000060	0.002541	0.000060	0.046838	0.001106
385	U	3571	1046617	987391	0.003617	144896	148	1046617	1919	1144430	1092574	0.001756	15895	77	1144284	0	0	0	nan	0	0	0	0.001860	0.000073	0.001860	0.000073	0.034285	0.001346
386	C	3236	1046617	979078	0.003305	144235	148	1046617	897	1145002	1084383	0.000827	15895	77	1144858	0	0	0	nan	0	0	0	0.002478	0.000064	0.002478	0.000064	0.045676	0.001180
387	G	10923	1046617	968399	0.011279	142244	148	1046617	3092	1145639	1072627	0.002883	15895	77	1145500	0	0	0	nan	0	0	0	0.008397	0.000120	0.008397	0.000120	0.154780	0.002212
388	C	10951	1046617	950677	0.011519	140581	148	1046617	2874	1146271	1048482	0.002741	15885	77	1146141	0	0	0	nan	0	0	0	0.008778	0.000121	0.008778	0.000121	0.161803	0.002230
389	U	11746	1046617	940753	0.012486	137438	148	1046617	1041	1146994	1027461	0.001013	15884	77	1146869	0	0	0	nan	0	0	0	0.011473	0.000119	0.011473	0.000119	0.211479	0.002194
390	C	45566	1046617	955447	0.047691	136577	148	1046617	1102	1148117	1047354	0.001052	15880	77	1147996	0	0	0	nan	0	0	0	0.046639	0.000226	0.046639	0.000226	0.859687	0.004166
391	G	5843	1046617	965525	0.006052	134042	148	1046617	1230	1150273	1060528	0.001160	15878	78	1150160	0	0	0	nan	0	0	0	0.004892	0.000086	0.004892	0.000086	0.090173	0.001585
392	A	78542	1046617	996448	0.078822	128510	148	1046617	559	1151603	1097004	0.000510	15863	78	1151497	0	0	0	nan	0	0	0	0.078312	0.000282	0.078312	0.000282	1.443509	0.005198
393	G	12515	1046617	999545	0.012521	128021	148	1046617	3528	1151599	1091378	0.003233	15860	78	1151497	0	0	0	nan	0	0	0	0.009288	0.000124	0.009288	0.000124	0.171204	0.002286
394	G	35650	1046617	1009080	0.035329	123899	148	1046617	17227	1151585	1096657	0.015709	15856	78	1151497	0	0	0	nan	0	0	0	0.019621	0.000222	0.019621	0.000222	0.361670	0.004092
395	G	0	1046617	1025139	0.000000	117624	148	1046617	0	1151529	1108997	0.000000	15840	78	1151497	0	0	0	nan	0	0	0	0.000000	0.000000	0.000000	0.000000	0.000000	0.000000
396	c	0	1046617	0	nan	106626	148	1046617	0	1151523	0	nan	15835	78	1151497	0	0	0	nan	0	0	0	nan	nan	nan	nan	nan	nan
397	u	0	1046617	0	nan	106517	148	1046617	0	1151517	0	nan	15835	78	1151497	0	0	0	nan	0	0	0	nan	nan	nan	nan	nan	nan
398	g	0	1046617	0	nan	99155	148	1046617	0	1151515	0	nan	15835	78	1151497	0	0	0	nan	0	0	0	nan	nan	nan	nan	nan	nan
399	g	0	1046617	0	nan	81942	148	1046617	0	1151510	0	nan	15832	77	1151497	0	0	0	nan	0	0	0	nan	nan	nan	nan	nan	nan
400	u	0	1046617	0	nan	81839	148	1046617	0	1151509	0	nan	15830	77	1151496	0	0	0	nan	0	0	0	nan	nan	nan	nan	nan	nan
401	a	0	1046617	0	nan	65685	148	1046617	0	1151507	0	nan	15825	77	1151496	0	0	0	nan	0	0	0	nan	nan	nan	nan	nan	nan
402	c	0	1046617	0	nan	65621	148	1046617	0	1151503	0	nan	15818	77	1151496	0	0	0	nan	0	0	0	nan	nan	nan	nan	nan	nan
403	c	0	1046617	0	nan	56112	148	1046617	0	1151499	0	nan	15802	77	1151496	0	0	0	nan	0	0	0	nan	nan	nan	nan	nan	nan
404	g	0	1046617	0	nan	56085	148	1046617	0	1151496	0	nan	15795	77	1151496	0	0	0	nan	0	0	0	nan	nan	nan	nan	nan	nan
405	u	0	1044089	0	nan	56081	148	1044089	0	1151477	0	nan	15795	77	1151477	0	0	0	nan	0	0	0	nan	nan	nan	nan	nan	nan
406	u	0	1042766	0	nan	56073	148	1042766	0	1151390	0	nan	15795	77	1151390	0	0	0	nan	0	0	0	nan	nan	nan	nan	nan	nan
407	g	0	1040587	0	nan	56054	148	1040587	0	1140148	0	nan	15787	77	1140148	0	0	0	nan	0	0	0	nan	nan	nan	nan	nan	nan
408	c	0	1040331	0	nan	56036	148	1040331	0	1140096	0	nan	15787	77	1140096	0	0	0	nan	0	0	0	nan	nan	nan	nan	nan	nan
409	u	0	1037623	0	nan	56019	148	1037623	0	1139504	0	nan	15785	77	1139504	0	0	0	nan	0	0	0	nan	nan	nan	nan	nan	nan
410	a	0	1037575	0	nan	56008	148	1037575	0	1139457	0	nan	15783	77	1139457	0	0	0	nan	0	0	0	nan	nan	nan	nan	nan	nan
411	g	0	1037149	0	nan	55982	148	1037149	0	1139242	0	nan	15782	77	1139242	0	0	0	nan	0	0	0	nan	nan	nan	nan	nan	nan
412	c	0	1036845	0	nan	55937	148	1036845	0	1138934	0	nan	15778	77	1138934	0	0	0	nan	0	0	0	nan	nan	nan	nan	nan	nan
413	a	0	1035947	0	nan	55748	148	1035947	0	1138330	0	nan	15765	77	1138330	0	0	0	nan	0	0	0	nan	nan	nan	nan	nan	nan
414	c	0	1032358	0	nan	55480	147	1032358	0	1136637	0	nan	15753	77	1136637	0	0	0	nan	0	0	0	nan	nan	nan	nan	nan	nan