Nucleotide	Sequence	Modified_mutations	Modified_read_depth	Modified_effective_depth	Modified_rate	Modified_off_target_mapped_depth	Modified_low_mapq_mapped_depth	Modified_primer_pair_1_mapped_depth	Untreated_mutations	Untreated_read_depth	Untreated_effective_depth	Untreated_rate	Untreated_off_target_mapped_depth	Untreated_low_mapq_mapped_depth	Untreated_primer_pair_1_mapped_depth	Denatured_mutations	Denatured_read_depth	Denatured_effective_depth	Denatured_rate	Denatured_off_target_mapped_depth	Denatured_low_mapq_mapped_depth	Denatured_primer_pair_1_mapped_depth	Reactivity_profile	Std_err	HQ_profile	HQ_stderr	Norm_profile	Norm_stderr
1	c	0	994152	0	nan	80922	15	994152	0	1185009	0	nan	4778	141	1185009	0	0	0	nan	0	0	0	nan	nan	nan	nan	nan	nan
2	c	0	997888	0	nan	81201	15	997888	0	1187082	0	nan	4786	142	1187082	0	0	0	nan	0	0	0	nan	nan	nan	nan	nan	nan
3	g	0	999678	0	nan	81310	15	999678	0	1188528	0	nan	4791	142	1188528	0	0	0	nan	0	0	0	nan	nan	nan	nan	nan	nan
4	a	0	1000112	0	nan	81340	15	1000112	0	1188796	0	nan	4791	142	1188796	0	0	0	nan	0	0	0	nan	nan	nan	nan	nan	nan
5	g	0	1000704	0	nan	81373	15	1000704	0	1189333	0	nan	4793	142	1189333	0	0	0	nan	0	0	0	nan	nan	nan	nan	nan	nan
6	u	0	1001065	0	nan	81390	15	1001065	0	1189378	0	nan	4793	142	1189378	0	0	0	nan	0	0	0	nan	nan	nan	nan	nan	nan
7	a	0	1001153	0	nan	81391	15	1001153	0	1189414	0	nan	4793	142	1189414	0	0	0	nan	0	0	0	nan	nan	nan	nan	nan	nan
8	a	0	1001351	0	nan	81392	15	1001351	0	1189464	0	nan	4793	142	1189464	0	0	0	nan	0	0	0	nan	nan	nan	nan	nan	nan
9	c	0	1001604	0	nan	81403	15	1001604	0	1189580	0	nan	4793	142	1189580	0	0	0	nan	0	0	0	nan	nan	nan	nan	nan	nan
10	c	0	1001813	0	nan	81403	15	1001813	0	1189589	0	nan	4793	142	1189589	0	0	0	nan	0	0	0	nan	nan	nan	nan	nan	nan
11	a	0	1001969	0	nan	81403	15	1001969	0	1189595	0	nan	4793	142	1189595	0	0	0	nan	0	0	0	nan	nan	nan	nan	nan	nan
12	u	0	1001969	0	nan	81615	15	1001969	0	1189596	0	nan	4796	142	1189595	0	0	0	nan	0	0	0	nan	nan	nan	nan	nan	nan
13	c	0	1001969	0	nan	81822	15	1001969	0	1189598	0	nan	4796	142	1189595	0	0	0	nan	0	0	0	nan	nan	nan	nan	nan	nan
14	a	0	1001969	0	nan	81966	15	1001969	0	1189598	0	nan	4796	142	1189595	0	0	0	nan	0	0	0	nan	nan	nan	nan	nan	nan
15	a	0	1001969	0	nan	82239	15	1001969	0	1189599	0	nan	4801	142	1189595	0	0	0	nan	0	0	0	nan	nan	nan	nan	nan	nan
16	c	0	1001969	0	nan	82364	15	1001969	0	1189601	0	nan	4806	142	1189596	0	0	0	nan	0	0	0	nan	nan	nan	nan	nan	nan
17	g	0	1001969	0	nan	82604	15	1001969	0	1189604	0	nan	4810	142	1189596	0	0	0	nan	0	0	0	nan	nan	nan	nan	nan	nan
18	g	0	1001969	0	nan	82736	15	1001969	0	1189605	0	nan	4829	142	1189596	0	0	0	nan	0	0	0	nan	nan	nan	nan	nan	nan
19	a	0	1001969	0	nan	82796	15	1001969	0	1189611	0	nan	4858	142	1189598	0	0	0	nan	0	0	0	nan	nan	nan	nan	nan	nan
20	g	0	1001969	0	nan	82848	15	1001969	0	1189616	0	nan	4986	142	1189599	0	0	0	nan	0	0	0	nan	nan	nan	nan	nan	nan
21	U	1	1001969	972536	0.000001	82872	15	1001969	3	1189622	1158469	0.000003	5047	142	1189601	0	0	0	nan	0	0	0	-0.000002	0.000002	-0.000002	0.000002	-0.000036	0.000036
22	G	4616	1001969	961080	0.004803	82957	15	1001969	1021	1189634	1160523	0.000880	5309	142	1189603	0	0	0	nan	0	0	0	0.003923	0.000076	0.003923	0.000076	0.069655	0.001349
23	A	53516	1001969	966056	0.055396	83008	15	1001969	819	1189646	1158550	0.000707	5577	142	1189604	0	0	0	nan	0	0	0	0.054689	0.000241	0.054689	0.000241	0.971030	0.004279
24	C	53099	1001969	975869	0.054412	83060	15	1001969	726	1189549	1174303	0.000618	5985	142	1189496	0	0	0	nan	0	0	0	0.053794	0.000237	0.053794	0.000237	0.955139	0.004208
25	C	34519	1001969	970067	0.035584	83097	15	1001969	2992	1189466	1174047	0.002548	6034	142	1189412	0	0	0	nan	0	0	0	0.033036	0.000197	0.033036	0.000197	0.586570	0.003498
26	G	4905	1001969	967294	0.005071	82978	15	1001969	2420	1189014	1172367	0.002064	6182	142	1188952	0	0	0	nan	0	0	0	0.003007	0.000084	0.003007	0.000084	0.053391	0.001491
27	G	8300	1001969	965626	0.008595	81945	9	1001969	4227	1188131	1172608	0.003605	6373	138	1188059	0	0	0	nan	0	0	0	0.004991	0.000109	0.004991	0.000109	0.088618	0.001935
28	C	35384	1001969	967703	0.036565	81603	8	1001969	3106	1187881	1172794	0.002648	6392	138	1187808	0	0	0	nan	0	0	0	0.033917	0.000200	0.033917	0.000200	0.602213	0.003551
29	U	10642	1001969	953133	0.011165	81779	8	1001969	875	1187272	1165922	0.000750	6408	138	1187198	0	0	0	nan	0	0	0	0.010415	0.000111	0.010415	0.000111	0.184923	0.001971
30	G	4069	1001969	947615	0.004294	81611	6	1001969	1790	1186212	1156944	0.001547	6468	138	1186134	0	0	0	nan	0	0	0	0.002747	0.000077	0.002747	0.000077	0.048774	0.001367
31	G	8015	1001969	942471	0.008504	81720	5	1001969	5814	1185918	1154162	0.005037	6534	138	1185837	0	0	0	nan	0	0	0	0.003467	0.000116	0.003467	0.000116	0.061558	0.002060
32	C	134702	1001969	954374	0.141142	82044	5	1001969	2195	1185693	1156669	0.001898	6540	138	1185611	0	0	0	nan	0	0	0	0.139244	0.000387	0.139244	0.000387	2.472346	0.006871
33	G	4255	1001969	976401	0.004358	82521	5	1001969	1823	1185433	1161974	0.001569	6541	138	1185351	0	0	0	nan	0	0	0	0.002789	0.000076	0.002789	0.000076	0.049520	0.001349
34	G	8199	1001969	977486	0.008388	82857	5	1001969	5277	1185285	1162362	0.004540	6543	138	1185203	0	0	0	nan	0	0	0	0.003848	0.000112	0.003848	0.000112	0.068323	0.001989
35	C	12009	1001969	976521	0.012298	83203	5	1001969	2501	1185181	1160960	0.002154	6543	137	1185098	0	0	0	nan	0	0	0	0.010143	0.000120	0.010143	0.000120	0.180094	0.002131
36	U	3774	1001969	979807	0.003852	83893	5	1001969	983	1184998	1165922	0.000843	6554	137	1184915	0	0	0	nan	0	0	0	0.003009	0.000068	0.003009	0.000068	0.053426	0.001207
37	G	6546	1001969	980344	0.006677	84272	5	1001969	1367	1184827	1165083	0.001173	6568	137	1184744	0	0	0	nan	0	0	0	0.005504	0.000088	0.005504	0.000088	0.097726	0.001562
38	U	4951	1001969	974848	0.005079	84568	5	1001969	1384	1184630	1162896	0.001190	6569	137	1184547	0	0	0	nan	0	0	0	0.003889	0.000079	0.003889	0.000079	0.069051	0.001403
39	G	4433	1001969	964462	0.004596	84366	5	1001969	2917	1184128	1154156	0.002527	6573	137	1184044	0	0	0	nan	0	0	0	0.002069	0.000083	0.002069	0.000083	0.036736	0.001474
40	C	45148	1001969	964974	0.046787	84368	5	1001969	1214	1184007	1153385	0.001053	6574	136	1183922	0	0	0	nan	0	0	0	0.045734	0.000222	0.045734	0.000222	0.812030	0.003942
41	G	4021	1001969	958158	0.004197	84447	5	1001969	1074	1183915	1157298	0.000928	6575	136	1183830	0	0	0	nan	0	0	0	0.003269	0.000072	0.003269	0.000072	0.058043	0.001278
42	A	22649	1001969	955117	0.023713	84444	5	1001969	506	1183884	1166657	0.000434	6576	135	1183796	0	0	0	nan	0	0	0	0.023280	0.000159	0.023280	0.000159	0.413348	0.002823
43	A	36220	1001969	944939	0.038331	84486	5	1001969	588	1183809	1169093	0.000503	6579	129	1183721	0	0	0	nan	0	0	0	0.037828	0.000202	0.037828	0.000202	0.671655	0.003587
44	C	20467	1001969	944229	0.021676	84500	5	1001969	549	1183747	1167347	0.000470	6582	128	1183659	0	0	0	nan	0	0	0	0.021206	0.000153	0.021206	0.000153	0.376523	0.002717
45	G	9425	1001969	940983	0.010016	84480	5	1001969	4339	1183681	1167153	0.003718	6584	126	1183593	0	0	0	nan	0	0	0	0.006299	0.000118	0.006299	0.000118	0.111842	0.002095
46	C	13474	1001969	934433	0.014419	84479	5	1001969	1642	1183632	1166808	0.001407	6587	117	1183543	0	0	0	nan	0	0	0	0.013012	0.000129	0.013012	0.000129	0.231034	0.002290
47	A	64571	1001969	940900	0.068627	84365	5	1001969	832	1183560	1168707	0.000712	6588	115	1183471	0	0	0	nan	0	0	0	0.067915	0.000271	0.067915	0.000271	1.205864	0.004812
48	U	16294	1001969	953065	0.017096	84418	5	1001969	1288	1183523	1165891	0.001105	6589	109	1183434	0	0	0	nan	0	0	0	0.015992	0.000137	0.015992	0.000137	0.283946	0.002433
49	U	21213	1001969	928291	0.022852	84423	5	1001969	2366	1183456	1165900	0.002029	6589	108	1183365	0	0	0	nan	0	0	0	0.020822	0.000162	0.020822	0.000162	0.369705	0.002876
50	C	97896	1001969	967238	0.101212	84192	5	1001969	667	1183322	1163644	0.000573	6594	105	1183230	0	0	0	nan	0	0	0	0.100639	0.000324	0.100639	0.000324	1.786895	0.005753
51	U	15540	1001969	963680	0.016126	84190	5	1001969	783	1183217	1164023	0.000673	6621	101	1183124	0	0	0	nan	0	0	0	0.015453	0.000132	0.015453	0.000132	0.274376	0.002344
52	G	6379	1001969	956509	0.006669	84030	5	1001969	1880	1182975	1161818	0.001618	6634	97	1182882	0	0	0	nan	0	0	0	0.005051	0.000091	0.005051	0.000091	0.089683	0.001616
53	G	6777	1001969	955869	0.007090	83803	5	1001969	4470	1182676	1158938	0.003857	6637	94	1182583	0	0	0	nan	0	0	0	0.003233	0.000104	0.003233	0.000104	0.057404	0.001847
54	C	12175	1001969	958512	0.012702	83627	5	1001969	1560	1182415	1157109	0.001348	6652	92	1182322	0	0	0	nan	0	0	0	0.011354	0.000120	0.011354	0.000120	0.201596	0.002131
55	G	5449	1001969	953103	0.005717	83550	5	1001969	1724	1182281	1150797	0.001498	6664	87	1182188	0	0	0	nan	0	0	0	0.004219	0.000085	0.004219	0.000085	0.074910	0.001509
56	A	53086	1001969	960222	0.055285	83215	5	1001969	415	1182001	1149685	0.000361	6674	74	1181908	0	0	0	nan	0	0	0	0.054924	0.000241	0.054924	0.000241	0.975203	0.004279
57	A	77175	1001969	969406	0.079611	83081	5	1001969	620	1181844	1148665	0.000540	6678	72	1181751	0	0	0	nan	0	0	0	0.079071	0.000287	0.079071	0.000287	1.403945	0.005096
58	U	8631	1001969	972074	0.008879	82848	5	1001969	1298	1181533	1153487	0.001125	6683	72	1181440	0	0	0	nan	0	0	0	0.007754	0.000101	0.007754	0.000101	0.137676	0.001793
59	U	7520	1001969	973396	0.007726	82590	5	1001969	2387	1181289	1156378	0.002064	6687	72	1181196	0	0	0	nan	0	0	0	0.005661	0.000099	0.005661	0.000099	0.100514	0.001758
60	C	9799	1001969	976145	0.010038	82367	5	1001969	868	1181152	1160973	0.000748	6687	70	1181059	0	0	0	nan	0	0	0	0.009291	0.000105	0.009291	0.000105	0.164966	0.001864
61	U	3854	1001969	975343	0.003951	82239	5	1001969	1384	1181049	1162009	0.001191	6687	70	1180956	0	0	0	nan	0	0	0	0.002760	0.000071	0.002760	0.000071	0.049005	0.001261
62	C	12399	1001969	972630	0.012748	82167	5	1001969	921	1180976	1162097	0.000793	6690	70	1180883	0	0	0	nan	0	0	0	0.011955	0.000117	0.011955	0.000117	0.212267	0.002077
63	A	17053	1001969	976166	0.017469	82106	5	1001969	562	1180873	1162857	0.000483	6691	68	1180779	0	0	0	nan	0	0	0	0.016986	0.000135	0.016986	0.000135	0.301595	0.002397
64	C	43391	1001969	964689	0.044979	82055	5	1001969	844	1180817	1152536	0.000732	6690	66	1180723	0	0	0	nan	0	0	0	0.044247	0.000217	0.044247	0.000217	0.785627	0.003853
65	G	3917	1001969	962318	0.004070	81896	5	1001969	1428	1180715	1149586	0.001242	6690	64	1180621	0	0	0	nan	0	0	0	0.002828	0.000073	0.002828	0.000073	0.050213	0.001296
66	G	5903	1001969	959288	0.006154	81794	5	1001969	5304	1180640	1147092	0.004624	6734	64	1180542	0	0	0	nan	0	0	0	0.001530	0.000102	0.001530	0.000102	0.027166	0.001811
67	C	57885	1001969	953292	0.060721	81672	5	1001969	47327	1180531	1151194	0.041111	6736	64	1180433	0	0	0	nan	0	0	0	0.019610	0.000315	0.019610	0.000315	0.348185	0.005593
68	U	7591	1001969	958874	0.007917	81613	5	1001969	1684	1180475	1156917	0.001456	6751	63	1180372	0	0	0	nan	0	0	0	0.006461	0.000098	0.006461	0.000098	0.114718	0.001740
69	U	13930	1001969	958050	0.014540	81510	5	1001969	1138	1180381	1157181	0.000983	6750	62	1180278	0	0	0	nan	0	0	0	0.013557	0.000127	0.013557	0.000127	0.240711	0.002255
70	U	14031	1001969	953611	0.014714	81422	5	1001969	4348	1180322	1158513	0.003753	6749	60	1180219	0	0	0	nan	0	0	0	0.010960	0.000137	0.010960	0.000137	0.194600	0.002433
71	C	68063	1001969	961193	0.070811	81444	5	1001969	891	1180259	1161055	0.000767	6750	56	1180156	0	0	0	nan	0	0	0	0.070044	0.000273	0.070044	0.000273	1.243666	0.004847
72	C	50451	1001969	972242	0.051891	81269	5	1001969	868	1180095	1155890	0.000751	6750	56	1179992	0	0	0	nan	0	0	0	0.051140	0.000232	0.051140	0.000232	0.908016	0.004119
73	G	8677	1001969	973228	0.008916	81123	5	1001969	5776	1179933	1155530	0.004999	6750	56	1179830	0	0	0	nan	0	0	0	0.003917	0.000116	0.003917	0.000116	0.069548	0.002060
74	C	11622	1001969	974227	0.011929	81373	5	1001969	2067	1179851	1155661	0.001789	6749	56	1179748	0	0	0	nan	0	0	0	0.010141	0.000117	0.010141	0.000117	0.180058	0.002077
75	C	11762	1001969	971243	0.012110	81229	5	1001969	1291	1179754	1159611	0.001113	6749	56	1179651	0	0	0	nan	0	0	0	0.010997	0.000116	0.010997	0.000116	0.195257	0.002060
76	U	8132	1001969	966777	0.008411	81540	5	1001969	1098	1179370	1159125	0.000947	6747	56	1179264	0	0	0	nan	0	0	0	0.007464	0.000098	0.007464	0.000098	0.132527	0.001740
77	G	2823	1001969	954156	0.002959	81931	5	1001969	1609	1179224	1152560	0.001396	6750	56	1179118	0	0	0	nan	0	0	0	0.001563	0.000066	0.001563	0.000066	0.027752	0.001172
78	A	50380	1001969	965621	0.052174	81748	5	1001969	776	1179095	1153992	0.000672	6748	56	1178989	0	0	0	nan	0	0	0	0.051501	0.000234	0.051501	0.000234	0.914426	0.004155
79	G	5733	1001969	966064	0.005934	82870	6	1001969	2204	1179044	1151270	0.001914	6749	56	1178938	0	0	0	nan	0	0	0	0.004020	0.000088	0.004020	0.000088	0.071377	0.001562
80	G	8338	1001969	970810	0.008589	82854	6	1001969	2388	1179006	1157044	0.002064	6750	55	1178899	0	0	0	nan	0	0	0	0.006525	0.000103	0.006525	0.000103	0.115855	0.001829
81	U	6603	1001969	966374	0.006833	82776	6	1001969	1035	1178961	1157003	0.000895	6751	55	1178854	0	0	0	nan	0	0	0	0.005938	0.000089	0.005938	0.000089	0.105432	0.001580
82	U	6421	1001969	964694	0.006656	82693	6	1001969	755	1178867	1160704	0.000650	6751	54	1178760	0	0	0	nan	0	0	0	0.006006	0.000086	0.006006	0.000086	0.106639	0.001527
83	G	5245	1001969	940297	0.005578	82676	6	1001969	891	1178690	1157461	0.000770	6748	51	1178583	0	0	0	nan	0	0	0	0.004808	0.000081	0.004808	0.000081	0.085368	0.001438
84	A	44800	1001969	932201	0.048058	82470	6	1001969	637	1178534	1157651	0.000550	6746	47	1178427	0	0	0	nan	0	0	0	0.047508	0.000228	0.047508	0.000228	0.843528	0.004048
85	A	44429	1001969	926145	0.047972	82818	6	1001969	728	1178367	1157051	0.000629	6751	47	1178260	0	0	0	nan	0	0	0	0.047343	0.000229	0.047343	0.000229	0.840598	0.004066
86	G	13580	1001969	932843	0.014558	85178	12	1001969	1463	1178218	1155788	0.001266	6778	42	1178108	0	0	0	nan	0	0	0	0.013292	0.000129	0.013292	0.000129	0.236006	0.002290
87	A	66743	1001969	934640	0.071410	84938	12	1001969	784	1178051	1148674	0.000683	6778	40	1177941	0	0	0	nan	0	0	0	0.070728	0.000277	0.070728	0.000277	1.255810	0.004918
88	G	5237	1001969	939132	0.005576	85033	12	1001969	2518	1177910	1149908	0.002190	6778	39	1177800	0	0	0	nan	0	0	0	0.003387	0.000089	0.003387	0.000089	0.060138	0.001580
89	C	18615	1001969	933571	0.019940	84895	12	1001969	1676	1177815	1150924	0.001456	6778	39	1177705	0	0	0	nan	0	0	0	0.018483	0.000150	0.018483	0.000150	0.328175	0.002663
90	A	55522	1001969	946251	0.058676	84706	12	1001969	553	1177684	1155099	0.000479	6778	39	1177574	0	0	0	nan	0	0	0	0.058197	0.000250	0.058197	0.000250	1.033316	0.004439
91	A	49055	1001969	955052	0.051364	85025	12	1001969	524	1177525	1151298	0.000455	6975	39	1177406	0	0	0	nan	0	0	0	0.050909	0.000233	0.050909	0.000233	0.903914	0.004137
92	G	5165	1001969	952988	0.005420	84915	12	1001969	3651	1177333	1146284	0.003185	6971	38	1177212	0	0	0	nan	0	0	0	0.002235	0.000092	0.002235	0.000092	0.039684	0.001634
93	C	16522	1001969	949401	0.017403	84902	12	1001969	2953	1177097	1143529	0.002582	6997	38	1176973	0	0	0	nan	0	0	0	0.014820	0.000143	0.014820	0.000143	0.263136	0.002539
94	C	40126	1001969	947912	0.042331	84703	12	1001969	957	1176867	1143171	0.000837	6996	38	1176743	0	0	0	nan	0	0	0	0.041494	0.000213	0.041494	0.000213	0.736746	0.003782
95	G	28973	1001969	946347	0.030616	84678	12	1001969	31274	1176701	1146759	0.027272	7002	38	1176577	0	0	0	nan	0	0	0	0.003344	0.000237	0.003344	0.000237	0.059374	0.004208
96	C	16154	1001969	946518	0.017067	158544	87	1001969	3830	1178672	1148502	0.003335	38854	48	1176450	0	0	0	nan	0	0	0	0.013732	0.000145	0.013732	0.000145	0.243818	0.002575
97	C	23178	1001969	952498	0.024334	158794	87	1001969	1113	1178531	1150633	0.000967	38878	47	1176309	0	0	0	nan	0	0	0	0.023367	0.000162	0.023367	0.000162	0.414893	0.002876
98	G	2849	1001969	943893	0.003018	160198	87	1001969	1191	1178370	1150457	0.001035	38932	46	1176144	0	0	0	nan	0	0	0	0.001983	0.000064	0.001983	0.000064	0.035209	0.001136
99	A	18491	1001969	945121	0.019565	160146	87	1001969	550	1178257	1154250	0.000476	38930	46	1176030	0	0	0	nan	0	0	0	0.019088	0.000145	0.019088	0.000145	0.338917	0.002575
100	U	8183	1001969	938637	0.008718	160591	87	1001969	750	1178210	1153716	0.000650	38930	46	1175983	0	0	0	nan	0	0	0	0.008068	0.000099	0.008068	0.000099	0.143251	0.001758
101	A	57456	1001969	926601	0.062007	164460	91	1001969	764	1178156	1154389	0.000662	38939	45	1175928	0	0	0	nan	0	0	0	0.061345	0.000260	0.061345	0.000260	1.089211	0.004616
102	C	94268	1001969	935498	0.100768	166549	91	1001969	523	1178017	1155020	0.000453	38942	44	1175789	0	0	0	nan	0	0	0	0.100315	0.000329	0.100315	0.000329	1.781142	0.005842
103	A	70366	1001969	938486	0.074978	168017	92	1001969	746	1177923	1158095	0.000644	38946	42	1175694	0	0	0	nan	0	0	0	0.074334	0.000284	0.074334	0.000284	1.319837	0.005043
104	U	13131	1001969	921966	0.014242	169102	92	1001969	1276	1177828	1158487	0.001101	38945	41	1175599	0	0	0	nan	0	0	0	0.013141	0.000128	0.013141	0.000128	0.233325	0.002273
105	U	11902	1001969	915058	0.013007	169172	92	1001969	889	1177735	1152577	0.000771	38943	38	1175506	0	0	0	nan	0	0	0	0.012236	0.000122	0.012236	0.000122	0.217256	0.002166
106	G	7556	1001969	915947	0.008249	168901	92	1001969	4293	1177658	1151299	0.003729	38930	31	1175428	0	0	0	nan	0	0	0	0.004521	0.000111	0.004521	0.000111	0.080273	0.001971
107	C	27357	1001969	934643	0.029270	168695	91	1001969	1618	1177623	1155068	0.001401	38929	30	1175393	0	0	0	nan	0	0	0	0.027869	0.000180	0.027869	0.000180	0.494828	0.003196
108	C	24885	1001969	908549	0.027390	168339	91	1001969	672	1177506	1160510	0.000579	38922	28	1175276	0	0	0	nan	0	0	0	0.026811	0.000175	0.026811	0.000175	0.476043	0.003107
109	U	9391	1001969	868436	0.010814	167794	91	1001969	809	1177446	1160279	0.000697	38914	28	1175216	0	0	0	nan	0	0	0	0.010116	0.000114	0.010116	0.000114	0.179615	0.002024
110	A	66584	1001969	831966	0.080032	167255	90	1001969	686	1177438	1158705	0.000592	38913	27	1175208	0	0	0	nan	0	0	0	0.079440	0.000311	0.079440	0.000311	1.410496	0.005522
111	U	15313	1001969	854874	0.017913	167141	90	1001969	1024	1177376	1156236	0.000886	38912	24	1175146	0	0	0	nan	0	0	0	0.017027	0.000147	0.017027	0.000147	0.302323	0.002610
112	G	3304	1001969	833724	0.003963	166903	90	1001969	860	1177292	1157983	0.000743	38909	24	1175062	0	0	0	nan	0	0	0	0.003220	0.000073	0.003220	0.000073	0.057173	0.001296
113	U	9525	1001969	883122	0.010786	166609	90	1001969	4014	1177220	1153820	0.003479	38905	23	1174989	0	0	0	nan	0	0	0	0.007307	0.000123	0.007307	0.000123	0.129739	0.002184
114	C	30203	1001969	881680	0.034256	166272	90	1001969	915	1177102	1156197	0.000791	38898	23	1174871	0	0	0	nan	0	0	0	0.033465	0.000199	0.033465	0.000199	0.594188	0.003533
115	C	21360	1001969	878032	0.024327	165943	90	1001969	811	1177000	1154011	0.000703	38898	23	1174769	0	0	0	nan	0	0	0	0.023624	0.000168	0.023624	0.000168	0.419456	0.002983
116	U	6692	1001969	867685	0.007712	165580	90	1001969	1221	1176873	1153007	0.001059	38892	23	1174642	0	0	0	nan	0	0	0	0.006654	0.000099	0.006654	0.000099	0.118145	0.001758
117	G	6459	1001969	851507	0.007585	165243	90	1001969	6028	1176738	1153442	0.005226	38885	21	1174506	0	0	0	nan	0	0	0	0.002359	0.000116	0.002359	0.000116	0.041885	0.002060
118	C	63943	1001969	879596	0.072696	164976	90	1001969	1213	1176655	1153425	0.001052	38879	21	1174423	0	0	0	nan	0	0	0	0.071644	0.000289	0.071644	0.000289	1.272075	0.005131
119	G	7182	1001969	843077	0.008519	164793	90	1001969	4251	1176580	1156131	0.003677	38878	21	1174347	0	0	0	nan	0	0	0	0.004842	0.000115	0.004842	0.000115	0.085972	0.002042
120	C	25360	1001969	821742	0.030861	164583	90	1001969	1807	1176517	1153055	0.001567	38876	21	1174283	0	0	0	nan	0	0	0	0.029294	0.000197	0.029294	0.000197	0.520129	0.003498
121	A	46976	1001969	823237	0.057063	164422	90	1001969	802	1176431	1154560	0.000695	38876	19	1174196	0	0	0	nan	0	0	0	0.056368	0.000264	0.056368	0.000264	1.000842	0.004687
122	C	48132	1001969	831963	0.057854	164226	88	1001969	477	1176376	1154331	0.000413	38872	17	1174141	0	0	0	nan	0	0	0	0.057440	0.000264	0.057440	0.000264	1.019875	0.004687
123	A	29631	1001969	821209	0.036082	164045	84	1001969	488	1176299	1151307	0.000424	38871	13	1174066	0	0	0	nan	0	0	0	0.035658	0.000210	0.035658	0.000210	0.633125	0.003729
124	A	69168	1001969	828970	0.083438	163788	79	1001969	821	1176160	1146812	0.000716	38870	12	1173929	0	0	0	nan	0	0	0	0.082723	0.000318	0.082723	0.000318	1.468788	0.005646
125	G	25644	1001969	853018	0.030063	163868	76	1001969	2770	1176121	1145553	0.002418	38867	11	1173893	0	0	0	nan	0	0	0	0.027645	0.000193	0.027645	0.000193	0.490851	0.003427
126	A	53301	1001969	880799	0.060514	163660	68	1001969	955	1176068	1149805	0.000831	38863	11	1173846	0	0	0	nan	0	0	0	0.059684	0.000263	0.059684	0.000263	1.059719	0.004670
127	A	44098	1001969	900337	0.048979	163509	66	1001969	595	1176036	1151208	0.000517	38862	10	1173817	0	0	0	nan	0	0	0	0.048463	0.000234	0.048463	0.000234	0.860484	0.004155
128	A	27291	1001969	915404	0.029813	163356	58	1001969	809	1175882	1149884	0.000704	38862	8	1173672	0	0	0	nan	0	0	0	0.029110	0.000182	0.029110	0.000182	0.516862	0.003231
129	G	4801	1001969	920130	0.005218	163194	52	1001969	4090	1175793	1144001	0.003575	38861	7	1173588	0	0	0	nan	0	0	0	0.001643	0.000094	0.001643	0.000094	0.029172	0.001669
130	C	5225	1001969	933114	0.005600	163017	40	1001969	1854	1175617	1146191	0.001618	38861	7	1173424	0	0	0	nan	0	0	0	0.003982	0.000086	0.003982	0.000086	0.070702	0.001527
131	G	9545	1001969	939935	0.010155	162799	34	1001969	3635	1175627	1146612	0.003170	38857	7	1173443	0	0	0	nan	0	0	0	0.006985	0.000116	0.006985	0.000116	0.124022	0.002060
132	G	2795	1001969	896598	0.003117	162571	26	1001969	1295	1175579	1143511	0.001132	38851	7	1173416	0	0	0	nan	0	0	0	0.001985	0.000067	0.001985	0.000067	0.035245	0.001190
133	U	7233	1001969	880981	0.008210	162319	22	1001969	678	1175485	1138217	0.000596	38851	7	1173331	0	0	0	nan	0	0	0	0.007614	0.000099	0.007614	0.000099	0.135190	0.001758
134	A	41983	1001969	871628	0.048166	162193	12	1001969	854	1175511	1139139	0.000750	38851	3	1173374	0	0	0	nan	0	0	0	0.047417	0.000236	0.047417	0.000236	0.841912	0.004190
135	U	9859	1001969	908898	0.010847	162085	10	1001969	813	1175563	1143595	0.000711	38852	3	1173429	0	0	0	nan	0	0	0	0.010136	0.000112	0.010136	0.000112	0.179970	0.001989
136	G	3683	1001969	911614	0.004040	162003	8	1001969	1474	1175579	1147185	0.001285	38851	3	1173459	0	0	0	nan	0	0	0	0.002755	0.000075	0.002755	0.000075	0.048916	0.001332
137	G	3044	1001969	917057	0.003319	162116	5	1001969	1498	1175582	1148227	0.001305	38860	3	1173468	0	0	0	nan	0	0	0	0.002015	0.000069	0.002015	0.000069	0.035777	0.001225
138	A	27767	1001969	908476	0.030564	161893	1	1001969	922	1175546	1149649	0.000802	38860	3	1173451	0	0	0	nan	0	0	0	0.029762	0.000185	0.029762	0.000185	0.528439	0.003285
139	C	22640	1001969	909483	0.024893	161669	1	1001969	2419	1175492	1149862	0.002104	38859	3	1173398	0	0	0	nan	0	0	0	0.022790	0.000171	0.022790	0.000171	0.404648	0.003036
140	C	62150	1001969	899046	0.069129	161333	1	1001969	1241	1175286	1146584	0.001082	38860	3	1173217	0	0	0	nan	0	0	0	0.068046	0.000279	0.068046	0.000279	1.208190	0.004954
141	G	4932	1001969	890815	0.005537	161202	1	1001969	2801	1175145	1140612	0.002456	38859	2	1173081	0	0	0	nan	0	0	0	0.003081	0.000091	0.003081	0.000091	0.054705	0.001616
142	G	7468	1001969	873229	0.008552	161058	1	1001969	5789	1175090	1140682	0.005075	38859	2	1173030	0	0	0	nan	0	0	0	0.003477	0.000119	0.003477	0.000119	0.061736	0.002113
143	C	29041	1001969	864066	0.033610	160922	1	1001969	2118	1175019	1139984	0.001858	38859	2	1172959	0	0	0	nan	0	0	0	0.031752	0.000201	0.031752	0.000201	0.563772	0.003569
144	A	64358	1001969	883652	0.072832	160751	1	1001969	1042	1174934	1142483	0.000912	38858	2	1172875	0	0	0	nan	0	0	0	0.071920	0.000288	0.071920	0.000288	1.276975	0.005114
145	C	96642	1001969	904484	0.106848	160630	1	1001969	2069	1174848	1142832	0.001810	38854	2	1172790	0	0	0	nan	0	0	0	0.105037	0.000346	0.105037	0.000346	1.864984	0.006143
146	C	49686	1001969	927347	0.053579	160501	1	1001969	863	1174736	1145649	0.000753	38854	1	1172680	0	0	0	nan	0	0	0	0.052825	0.000242	0.052825	0.000242	0.937934	0.004297
147	C	23259	1001969	915822	0.025397	160354	1	1001969	1151	1174648	1146685	0.001004	38854	1	1172597	0	0	0	nan	0	0	0	0.024393	0.000169	0.024393	0.000169	0.433110	0.003001
148	A	33684	1001969	918876	0.036658	160068	1	1001969	599	1174454	1137689	0.000527	38853	1	1172404	0	0	0	nan	0	0	0	0.036131	0.000201	0.036131	0.000201	0.641524	0.003569
149	G	6460	1001969	922954	0.006999	159947	1	1001969	4785	1174449	1136761	0.004209	38850	1	1172400	0	0	0	nan	0	0	0	0.002790	0.000106	0.002790	0.000106	0.049538	0.001882
150	C	7741	1001969	946114	0.008182	159782	1	1001969	2108	1174438	1137632	0.001853	38851	1	1172390	0	0	0	nan	0	0	0	0.006329	0.000101	0.006329	0.000101	0.112375	0.001793
151	C	26656	1001969	956707	0.027862	159545	1	1001969	723	1174436	1141251	0.000634	38851	1	1172394	0	0	0	nan	0	0	0	0.027229	0.000172	0.027229	0.000172	0.483464	0.003054
152	G	11082	1001969	947938	0.011691	159211	1	1001969	6483	1174416	1141305	0.005680	38854	1	1172376	0	0	0	nan	0	0	0	0.006010	0.000132	0.006010	0.000132	0.106711	0.002344
153	C	55000	1001969	943468	0.058296	158953	1	1001969	19727	1174553	1137601	0.017341	38855	1	1172515	0	0	0	nan	0	0	0	0.040955	0.000278	0.040955	0.000278	0.727176	0.004936
154	U	3993	1001969	936775	0.004262	158676	1	1001969	1420	1174498	1138465	0.001247	38856	1	1172463	0	0	0	nan	0	0	0	0.003015	0.000075	0.003015	0.000075	0.053533	0.001332
155	U	4820	1001969	935718	0.005151	158455	1	1001969	1377	1174547	1133995	0.001214	38856	1	1172511	0	0	0	nan	0	0	0	0.003937	0.000081	0.003937	0.000081	0.069903	0.001438
156	G	5745	1001969	932278	0.006162	158225	1	1001969	1434	1174691	1136224	0.001262	38856	0	1172657	0	0	0	nan	0	0	0	0.004900	0.000088	0.004900	0.000088	0.087002	0.001562
157	U	7942	1001969	940165	0.008447	158049	1	1001969	1233	1174759	1135114	0.001086	38853	0	1172729	0	0	0	nan	0	0	0	0.007361	0.000100	0.007361	0.000100	0.130698	0.001776
158	G	4999	1001969	935523	0.005344	157827	1	1001969	2918	1175041	1130859	0.002580	38853	0	1173012	0	0	0	nan	0	0	0	0.002763	0.000089	0.002763	0.000089	0.049058	0.001580
159	C	22594	1001969	943323	0.023951	157555	1	1001969	31706	1175270	1132959	0.027985	38855	0	1173245	0	0	0	nan	0	0	0	-0.004034	0.000224	-0.004034	0.000224	-0.071626	0.003977
160	U	7934	1001969	937093	0.008467	157283	1	1001969	1576	1175417	1136557	0.001387	38854	0	1173396	0	0	0	nan	0	0	0	0.007080	0.000101	0.007080	0.000101	0.125709	0.001793
161	U	10363	1001969	937193	0.011057	157008	1	1001969	1479	1175734	1144362	0.001292	38854	0	1173719	0	0	0	nan	0	0	0	0.009765	0.000114	0.009765	0.000114	0.173382	0.002024
162	C	39103	1001969	930029	0.042045	156539	1	1001969	890	1176137	1144396	0.000778	38850	0	1174124	0	0	0	nan	0	0	0	0.041267	0.000214	0.041267	0.000214	0.732716	0.003800
163	A	31999	1001969	930261	0.034398	156222	1	1001969	576	1176290	1138791	0.000506	38850	0	1174278	0	0	0	nan	0	0	0	0.033892	0.000193	0.033892	0.000193	0.601769	0.003427
164	G	5108	1001969	930055	0.005492	155992	1	1001969	3315	1176370	1138949	0.002911	38849	0	1174360	0	0	0	nan	0	0	0	0.002582	0.000092	0.002582	0.000092	0.045845	0.001634
165	C	33476	1001969	918599	0.036442	155786	1	1001969	1982	1176580	1132584	0.001750	38849	0	1174574	0	0	0	nan	0	0	0	0.034692	0.000203	0.034692	0.000203	0.615974	0.003604
166	U	10097	1001969	912912	0.011060	155468	1	1001969	1734	1176653	1137830	0.001524	38848	0	1174651	0	0	0	nan	0	0	0	0.009536	0.000116	0.009536	0.000116	0.169316	0.002060
167	C	36445	1001969	908981	0.040094	155245	1	1001969	1368	1176757	1133746	0.001207	38847	0	1174758	0	0	0	nan	0	0	0	0.038888	0.000213	0.038888	0.000213	0.690476	0.003782
168	G	10759	1001969	907623	0.011854	155010	1	1001969	4191	1177111	1143492	0.003665	38847	0	1175117	0	0	0	nan	0	0	0	0.008189	0.000128	0.008189	0.000128	0.145400	0.002273
169	C	57916	1001969	900360	0.064325	154774	1	1001969	1452	1177383	1142743	0.001271	38846	0	1175390	0	0	0	nan	0	0	0	0.063055	0.000269	0.063055	0.000269	1.119573	0.004776
170	A	54410	1001969	900717	0.060407	154538	1	1001969	558	1177734	1145219	0.000487	38846	0	1175741	0	0	0	nan	0	0	0	0.059920	0.000260	0.059920	0.000260	1.063909	0.004616
171	U	14461	1001969	911215	0.015870	154384	1	1001969	1925	1178016	1144820	0.001681	38847	0	1176025	0	0	0	nan	0	0	0	0.014189	0.000137	0.014189	0.000137	0.251933	0.002433
172	C	40170	1001969	900772	0.044595	154266	1	1001969	634	1178412	1141376	0.000555	38848	0	1176423	0	0	0	nan	0	0	0	0.044040	0.000224	0.044040	0.000224	0.781952	0.003977
173	A	25308	1001969	911301	0.027771	154078	1	1001969	506	1178638	1143797	0.000442	38854	0	1176652	0	0	0	nan	0	0	0	0.027329	0.000176	0.027329	0.000176	0.485240	0.003125
174	A	47724	1001969	920553	0.051843	153844	1	1001969	534	1178870	1143666	0.000467	38854	0	1176886	0	0	0	nan	0	0	0	0.051376	0.000238	0.051376	0.000238	0.912206	0.004226
175	C	38460	1001969	929414	0.041381	153688	1	1001969	510	1179033	1144331	0.000446	38857	0	1177051	0	0	0	nan	0	0	0	0.040935	0.000212	0.040935	0.000212	0.726821	0.003764
176	G	5259	1001969	926619	0.005675	153432	1	1001969	976	1179243	1144420	0.000853	38849	0	1177261	0	0	0	nan	0	0	0	0.004823	0.000083	0.004823	0.000083	0.085635	0.001474
177	U	12291	1001969	919050	0.013374	153184	1	1001969	4654	1179344	1144280	0.004067	38851	0	1177368	0	0	0	nan	0	0	0	0.009306	0.000135	0.009306	0.000135	0.165233	0.002397
178	C	44376	1001969	917464	0.048368	152960	1	1001969	583	1179463	1142789	0.000510	38852	0	1177500	0	0	0	nan	0	0	0	0.047858	0.000231	0.047858	0.000231	0.849742	0.004102
179	U	11528	1001969	921300	0.012513	152666	1	1001969	460	1179531	1140079	0.000403	38852	0	1177605	0	0	0	nan	0	0	0	0.012109	0.000118	0.012109	0.000118	0.215001	0.002095
180	A	39050	1001969	917802	0.042547	152385	1	1001969	579	1179838	1136613	0.000509	38849	0	1177922	0	0	0	nan	0	0	0	0.042038	0.000216	0.042038	0.000216	0.746405	0.003835
181	A	79819	1001969	925908	0.086206	152180	1	1001969	1503	1180125	1140939	0.001317	38846	0	1178218	0	0	0	nan	0	0	0	0.084889	0.000307	0.084889	0.000307	1.507246	0.005451
182	G	3626	1001969	924091	0.003924	152051	1	1001969	1300	1180708	1141550	0.001139	38847	0	1178817	0	0	0	nan	0	0	0	0.002785	0.000072	0.002785	0.000072	0.049449	0.001278
183	G	7172	1001969	923074	0.007770	151902	1	1001969	4165	1180825	1144485	0.003639	38847	0	1178937	0	0	0	nan	0	0	0	0.004130	0.000108	0.004130	0.000108	0.073330	0.001918
184	C	26229	1001969	923002	0.028417	151793	1	1001969	3107	1180779	1144357	0.002715	38845	0	1178899	0	0	0	nan	0	0	0	0.025702	0.000182	0.025702	0.000182	0.456352	0.003231
185	C	42837	1001969	937777	0.045679	151622	1	1001969	609	1180526	1142306	0.000533	38846	0	1178652	0	0	0	nan	0	0	0	0.045146	0.000222	0.045146	0.000222	0.801589	0.003942
186	G	11227	1001969	939065	0.011956	151456	1	1001969	6239	1180355	1142754	0.005460	38849	0	1178483	0	0	0	nan	0	0	0	0.006496	0.000132	0.006496	0.000132	0.115340	0.002344
187	C	14149	1001969	940331	0.015047	151196	1	1001969	1605	1180156	1140347	0.001407	38850	0	1178285	0	0	0	nan	0	0	0	0.013639	0.000131	0.013639	0.000131	0.242167	0.002326
188	G	3176	1001969	938021	0.003386	150964	1	1001969	1100	1180175	1138826	0.000966	38850	0	1178304	0	0	0	nan	0	0	0	0.002420	0.000067	0.002420	0.000067	0.042968	0.001190
189	A	19418	1001969	934862	0.020771	150714	1	1001969	509	1180215	1139468	0.000447	38848	0	1178347	0	0	0	nan	0	0	0	0.020324	0.000150	0.020324	0.000150	0.360863	0.002663
190	C	20903	1001969	921860	0.022675	150490	1	1001969	459	1180270	1136097	0.000404	38848	0	1178402	0	0	0	nan	0	0	0	0.022271	0.000158	0.022271	0.000158	0.395433	0.002805
191	U	11289	1001969	919367	0.012279	150237	1	1001969	4942	1180247	1139056	0.004339	38846	0	1178381	0	0	0	nan	0	0	0	0.007940	0.000131	0.007940	0.000131	0.140979	0.002326
192	C	52674	1001969	916852	0.057451	150035	1	1001969	1213	1180342	1139518	0.001064	38852	0	1178477	0	0	0	nan	0	0	0	0.056386	0.000252	0.056386	0.000252	1.001161	0.004474
193	U	14222	1001969	925133	0.015373	149891	1	1001969	886	1180183	1145993	0.000773	38852	0	1178322	0	0	0	nan	0	0	0	0.014600	0.000131	0.014600	0.000131	0.259230	0.002326
194	A	69881	1001969	928523	0.075260	149720	1	1001969	1507	1179999	1145858	0.001315	38851	0	1178140	0	0	0	nan	0	0	0	0.073945	0.000287	0.073945	0.000287	1.312930	0.005096
195	G	13392	1001969	939735	0.014251	149602	1	1001969	1821	1180016	1143259	0.001593	38854	0	1178160	0	0	0	nan	0	0	0	0.012658	0.000129	0.012658	0.000129	0.224749	0.002290
196	A	19714	1001969	946227	0.020834	149460	1	1001969	789	1179915	1137967	0.000693	38856	0	1178061	0	0	0	nan	0	0	0	0.020141	0.000150	0.020141	0.000150	0.357613	0.002663
197	G	2819	1001969	947846	0.002974	149352	1	1001969	769	1179922	1137200	0.000676	38852	0	1178074	0	0	0	nan	0	0	0	0.002298	0.000061	0.002298	0.000061	0.040802	0.001083
198	U	3608	1001969	951443	0.003792	149140	1	1001969	2880	1179896	1142170	0.002522	38852	0	1178056	0	0	0	nan	0	0	0	0.001271	0.000079	0.001271	0.000079	0.022567	0.001403
199	C	2791	1001969	949178	0.002940	148859	1	1001969	893	1179867	1142568	0.000782	38851	0	1178027	0	0	0	nan	0	0	0	0.002159	0.000061	0.002159	0.000061	0.038334	0.001083
200	G	8724	1001969	939122	0.009290	148642	1	1001969	4199	1179716	1137326	0.003692	38851	0	1177878	0	0	0	nan	0	0	0	0.005598	0.000115	0.005598	0.000115	0.099395	0.002042
201	C	10818	1001969	919867	0.011760	148115	1	1001969	2867	1179352	1129746	0.002538	38850	0	1177524	0	0	0	nan	0	0	0	0.009223	0.000123	0.009223	0.000123	0.163759	0.002184
202	U	11826	1001969	916275	0.012907	147812	1	1001969	1683	1179055	1128500	0.001491	38853	0	1177234	0	0	0	nan	0	0	0	0.011415	0.000124	0.011415	0.000124	0.202679	0.002202
203	C	44251	1001969	918838	0.048160	147686	1	1001969	1100	1178711	1128961	0.000974	38852	1	1176904	0	0	0	nan	0	0	0	0.047185	0.000231	0.047185	0.000231	0.837793	0.004102
204	G	5713	1001969	917224	0.006229	147593	1	1001969	1469	1178498	1123919	0.001307	38847	1	1176708	0	0	0	nan	0	0	0	0.004922	0.000089	0.004922	0.000089	0.087393	0.001580
205	A	81350	1001969	937658	0.086759	147454	1	1001969	539	1178543	1128519	0.000478	38845	1	1176766	0	0	0	nan	0	0	0	0.086281	0.000305	0.086281	0.000305	1.531962	0.005415
206	G	12567	1001969	940427	0.013363	147403	1	1001969	4123	1178823	1131144	0.003645	38841	1	1177049	0	0	0	nan	0	0	0	0.009718	0.000132	0.009718	0.000132	0.172548	0.002344
207	G	6450	1001969	958978	0.006726	147305	1	1001969	2207	1178456	1139165	0.001937	38841	1	1176687	0	0	0	nan	0	0	0	0.004789	0.000093	0.004789	0.000093	0.085031	0.001651
208	G	7831	1001969	961898	0.008141	147142	1	1001969	3829	1177596	1141356	0.003355	38840	1	1175835	0	0	0	nan	0	0	0	0.004786	0.000107	0.004786	0.000107	0.084978	0.001900
209	C	9640	1001969	960625	0.010035	146999	1	1001969	2982	1177069	1137947	0.002621	38842	1	1175316	0	0	0	nan	0	0	0	0.007415	0.000113	0.007415	0.000113	0.131657	0.002006
210	U	3852	1001969	953829	0.004038	146899	1	1001969	844	1176665	1139194	0.000741	38843	1	1174918	0	0	0	nan	0	0	0	0.003298	0.000070	0.003298	0.000070	0.058558	0.001243
211	G	7004	1001969	952120	0.007356	146808	1	1001969	4130	1176254	1137023	0.003632	38843	1	1174507	0	0	0	nan	0	0	0	0.003724	0.000105	0.003724	0.000105	0.066121	0.001864
212	G	4296	1001969	947748	0.004533	146700	1	1001969	1674	1175907	1136824	0.001473	38843	1	1174162	0	0	0	nan	0	0	0	0.003060	0.000078	0.003060	0.000078	0.054332	0.001385
213	U	7488	1001969	937440	0.007988	146619	1	1001969	978	1175608	1135979	0.000861	38842	1	1173864	0	0	0	nan	0	0	0	0.007127	0.000096	0.007127	0.000096	0.126543	0.001705
214	A	42614	1001969	931209	0.045762	146528	1	1001969	867	1175412	1122799	0.000772	38843	1	1173674	0	0	0	nan	0	0	0	0.044990	0.000223	0.044990	0.000223	0.798820	0.003959
215	C	112364	1001969	934228	0.120275	146428	1	1001969	801	1175151	1122078	0.000714	38849	1	1173414	0	0	0	nan	0	0	0	0.119561	0.000360	0.119561	0.000360	2.122864	0.006392
216	C	60304	1001969	944092	0.063875	146358	1	1001969	672	1175027	1123133	0.000598	38849	1	1173300	0	0	0	nan	0	0	0	0.063277	0.000261	0.063277	0.000261	1.123514	0.004634
217	G	8364	1001969	936388	0.008932	146266	3	1001969	1475	1174948	1113210	0.001325	38849	1	1173225	0	0	0	nan	0	0	0	0.007607	0.000104	0.007607	0.000104	0.135066	0.001847
218	U	11041	1001969	932229	0.011844	146142	3	1001969	1652	1174760	1109895	0.001488	38852	1	1173039	0	0	0	nan	0	0	0	0.010355	0.000119	0.010355	0.000119	0.183858	0.002113
219	U	8495	1001969	933626	0.009099	146061	3	1001969	909	1174946	1111223	0.000818	38852	1	1173228	0	0	0	nan	0	0	0	0.008281	0.000102	0.008281	0.000102	0.147033	0.001811
220	G	5940	1001969	943745	0.006294	145999	3	1001969	3684	1175639	1140032	0.003231	38851	1	1173923	0	0	0	nan	0	0	0	0.003063	0.000097	0.003063	0.000097	0.054385	0.001722
221	C	51205	1001969	956126	0.053555	145905	3	1001969	1147	1175875	1148417	0.000999	38850	1	1174161	0	0	0	nan	0	0	0	0.052556	0.000238	0.052556	0.000238	0.933158	0.004226
222	U	5673	1001969	948984	0.005978	145824	3	1001969	862	1175838	1146468	0.000752	38849	1	1174128	0	0	0	nan	0	0	0	0.005226	0.000083	0.005226	0.000083	0.092790	0.001474
223	A	35226	1001969	951313	0.037029	145714	3	1001969	623	1175892	1143599	0.000545	38905	5	1174194	0	0	0	nan	0	0	0	0.036484	0.000198	0.036484	0.000198	0.647791	0.003516
224	G	8486	1001969	945121	0.008979	145603	3	1001969	3479	1175421	1140330	0.003051	38906	5	1173734	0	0	0	nan	0	0	0	0.005928	0.000110	0.005928	0.000110	0.105255	0.001953
225	C	13866	1001969	908498	0.015263	145344	3	1001969	1150	1175030	1138239	0.001010	38908	5	1173349	0	0	0	nan	0	0	0	0.014252	0.000133	0.014252	0.000133	0.253051	0.002361
226	A	77575	1001969	950595	0.081607	145180	3	1001969	512	1174594	1140247	0.000449	38910	5	1172921	0	0	0	nan	0	0	0	0.081158	0.000294	0.081158	0.000294	1.441000	0.005220
227	C	30511	1001969	954940	0.031951	145021	3	1001969	560	1174569	1138864	0.000492	38910	5	1172908	0	0	0	nan	0	0	0	0.031459	0.000184	0.031459	0.000184	0.558570	0.003267
228	G	5457	1001969	940634	0.005801	144829	3	1001969	1410	1173713	1130911	0.001247	37677	5	1172110	0	0	0	nan	0	0	0	0.004555	0.000085	0.004555	0.000085	0.080876	0.001509
229	A	15804	1001969	941901	0.016779	144697	3	1001969	592	1173093	1125007	0.000526	37381	5	1171513	0	0	0	nan	0	0	0	0.016253	0.000135	0.016253	0.000135	0.288580	0.002397
230	G	6224	1001969	943109	0.006599	144604	3	1001969	4889	1174098	1126645	0.004339	37272	4	1172537	0	0	0	nan	0	0	0	0.002260	0.000104	0.002260	0.000104	0.040127	0.001847
231	C	7658	1001969	957343	0.007999	144554	3	1001969	5204	1174529	1133281	0.004592	37235	4	1172976	0	0	0	nan	0	0	0	0.003407	0.000111	0.003407	0.000111	0.060493	0.001971
232	G	5070	1001969	958320	0.005291	144489	3	1001969	1831	1174522	1129370	0.001621	37187	4	1172983	0	0	0	nan	0	0	0	0.003669	0.000083	0.003669	0.000083	0.065145	0.001474
233	G	10313	1001969	960698	0.010735	144472	3	1001969	8388	1174796	1130279	0.007421	37144	4	1173266	0	0	0	nan	0	0	0	0.003314	0.000133	0.003314	0.000133	0.058842	0.002361
234	C	4386	1001969	962071	0.004559	144758	4	1001969	4252	1175321	1132374	0.003755	37472	4	1173799	0	0	0	nan	0	0	0	0.000804	0.000090	0.000804	0.000090	0.014275	0.001598
235	C	6772	1001969	962075	0.007039	144720	4	1001969	764	1175163	1134919	0.000673	37474	4	1173655	0	0	0	nan	0	0	0	0.006366	0.000089	0.006366	0.000089	0.113031	0.001580
236	G	8856	1001969	959123	0.009233	144630	9	1001969	4964	1175299	1137728	0.004363	37491	4	1173813	0	0	0	nan	0	0	0	0.004870	0.000116	0.004870	0.000116	0.086469	0.002060
237	C	26571	1001969	940025	0.028266	144531	9	1001969	3810	1175218	1133595	0.003361	37498	4	1173733	0	0	0	nan	0	0	0	0.024905	0.000182	0.024905	0.000182	0.442201	0.003231
238	U	6495	1001969	917080	0.007082	144425	9	1001969	700	1175137	1130336	0.000619	37511	4	1173656	0	0	0	nan	0	0	0	0.006463	0.000091	0.006463	0.000091	0.114754	0.001616
239	U	10936	1001969	901451	0.012132	144333	9	1001969	1013	1175137	1128221	0.000898	37521	4	1173661	0	0	0	nan	0	0	0	0.011234	0.000119	0.011234	0.000119	0.199465	0.002113
240	A	74289	1001969	913881	0.081290	144294	9	1001969	832	1174924	1133578	0.000734	37570	4	1173463	0	0	0	nan	0	0	0	0.080556	0.000299	0.080556	0.000299	1.430311	0.005309
241	C	91527	1001969	921744	0.099298	144422	11	1001969	607	1174611	1138810	0.000533	37577	4	1173158	0	0	0	nan	0	0	0	0.098765	0.000329	0.098765	0.000329	1.753621	0.005842
242	C	60773	1001969	921835	0.065926	144483	15	1001969	923	1174313	1138200	0.000811	37622	4	1172872	0	0	0	nan	0	0	0	0.065115	0.000269	0.065115	0.000269	1.156149	0.004776
243	G	4847	1001969	918638	0.005276	144619	18	1001969	1763	1173724	1134542	0.001554	37626	4	1172302	0	0	0	nan	0	0	0	0.003722	0.000084	0.003722	0.000084	0.066086	0.001491
244	G	13881	1001969	915465	0.015163	144545	18	1001969	4773	1173049	1128646	0.004229	37629	4	1171645	0	0	0	nan	0	0	0	0.010934	0.000143	0.010934	0.000143	0.194139	0.002539
245	C	51069	1001969	933960	0.054680	144467	18	1001969	3315	1172693	1128001	0.002939	37656	28	1171295	0	0	0	nan	0	0	0	0.051741	0.000247	0.051741	0.000247	0.918687	0.004386
246	C	21468	1001969	954142	0.022500	144401	18	1001969	3660	1172434	1127493	0.003246	37664	28	1171044	0	0	0	nan	0	0	0	0.019254	0.000163	0.019254	0.000163	0.341864	0.002894
247	G	6851	1001969	958295	0.007149	144301	22	1001969	1798	1172013	1129838	0.001591	37674	88	1170636	0	0	0	nan	0	0	0	0.005558	0.000094	0.005558	0.000094	0.098685	0.001669
248	G	12508	1001969	953576	0.013117	144146	25	1001969	7105	1171739	1127938	0.006299	37687	90	1170371	0	0	0	nan	0	0	0	0.006818	0.000139	0.006818	0.000139	0.121057	0.002468
249	C	5007	1001969	952732	0.005255	143863	27	1001969	2698	1171237	1127158	0.002394	37780	146	1169874	0	0	0	nan	0	0	0	0.002862	0.000087	0.002862	0.000087	0.050816	0.001545
250	C	5249	1001969	949508	0.005528	143634	31	1001969	2782	1171907	1125599	0.002472	38118	397	1170553	0	0	0	nan	0	0	0	0.003057	0.000090	0.003057	0.000090	0.054279	0.001598
251	G	9009	1001969	938888	0.009595	143384	33	1001969	4378	1172045	1124472	0.003893	38241	399	1170699	0	0	0	nan	0	0	0	0.005702	0.000117	0.005702	0.000117	0.101242	0.002077
252	C	62901	1001969	923709	0.068096	143194	40	1001969	18705	1171512	1114927	0.016777	38444	460	1170174	0	0	0	nan	0	0	0	0.051319	0.000298	0.051319	0.000298	0.911194	0.005291
253	U	8299	1001969	914764	0.009072	142901	47	1001969	1385	1170027	1110107	0.001248	39009	478	1168703	0	0	0	nan	0	0	0	0.007825	0.000105	0.007825	0.000105	0.138937	0.001864
254	U	9160	1001969	922343	0.009931	142689	47	1001969	935	1169404	1112678	0.000840	39072	482	1168090	0	0	0	nan	0	0	0	0.009091	0.000107	0.009091	0.000107	0.161415	0.001900
255	C	24486	1001969	939965	0.026050	142542	48	1001969	755	1169147	1124857	0.000671	39091	485	1167843	0	0	0	nan	0	0	0	0.025379	0.000168	0.025379	0.000168	0.450617	0.002983
256	G	4313	1001969	940954	0.004584	142414	48	1001969	1715	1168284	1121473	0.001529	39100	486	1166994	0	0	0	nan	0	0	0	0.003054	0.000079	0.003054	0.000079	0.054225	0.001403
257	A	39527	1001969	945437	0.041808	142263	48	1001969	567	1167819	1122869	0.000505	39105	486	1166533	0	0	0	nan	0	0	0	0.041303	0.000211	0.041303	0.000211	0.733355	0.003746
258	G	10265	1001969	944229	0.010871	142200	49	1001969	3830	1167744	1120558	0.003418	39106	487	1166462	0	0	0	nan	0	0	0	0.007453	0.000121	0.007453	0.000121	0.132332	0.002148
259	C	10529	1001969	946691	0.011122	142085	49	1001969	1844	1167591	1130096	0.001632	39107	490	1166313	0	0	0	nan	0	0	0	0.009490	0.000115	0.009490	0.000115	0.168500	0.002042
260	A	39291	1001969	947928	0.041449	141994	51	1001969	748	1167059	1132007	0.000661	39107	490	1165786	0	0	0	nan	0	0	0	0.040789	0.000210	0.040789	0.000210	0.724229	0.003729
261	G	4850	1001969	942809	0.005144	141900	51	1001969	771	1166730	1135405	0.000679	39108	490	1165459	0	0	0	nan	0	0	0	0.004465	0.000078	0.004465	0.000078	0.079278	0.001385
262	A	28689	1001969	931452	0.030800	141815	52	1001969	1038	1166763	1125710	0.000922	39109	493	1165497	0	0	0	nan	0	0	0	0.029878	0.000184	0.029878	0.000184	0.530499	0.003267
263	C	32828	1001969	922797	0.035574	141722	52	1001969	522	1166544	1114731	0.000468	39109	494	1165281	0	0	0	nan	0	0	0	0.035106	0.000197	0.035106	0.000197	0.623324	0.003498
264	A	36050	1001969	920976	0.039143	141630	52	1001969	889	1166492	1102010	0.000807	39109	496	1165238	0	0	0	nan	0	0	0	0.038337	0.000208	0.038337	0.000208	0.680692	0.003693
265	U	11500	1001969	920184	0.012498	141546	52	1001969	1108	1166379	1111917	0.000996	39109	496	1165129	0	0	0	nan	0	0	0	0.011501	0.000120	0.011501	0.000120	0.204206	0.002131
266	G	11651	1001969	916095	0.012718	141488	52	1001969	1974	1166440	1110287	0.001778	39113	496	1165195	0	0	0	nan	0	0	0	0.010940	0.000124	0.010940	0.000124	0.194245	0.002202
267	A	60794	1001969	918080	0.066219	141413	52	1001969	811	1166171	1131555	0.000717	39113	499	1164934	0	0	0	nan	0	0	0	0.065502	0.000270	0.065502	0.000270	1.163020	0.004794
268	U	13539	1001969	908300	0.014906	141331	52	1001969	545	1166190	1125519	0.000484	39116	499	1164956	0	0	0	nan	0	0	0	0.014422	0.000130	0.014422	0.000130	0.256070	0.002308
269	A	35768	1001969	886931	0.040328	141212	52	1001969	639	1166009	1124509	0.000568	39116	502	1164779	0	0	0	nan	0	0	0	0.039760	0.000214	0.039760	0.000214	0.705958	0.003800
270	A	50629	1001969	893172	0.056684	141114	52	1001969	869	1166047	1128522	0.000770	39117	502	1164820	0	0	0	nan	0	0	0	0.055914	0.000253	0.055914	0.000253	0.992781	0.004492
271	G	8045	1001969	886439	0.009076	141036	52	1001969	928	1165950	1129475	0.000822	39120	511	1164723	0	0	0	nan	0	0	0	0.008254	0.000105	0.008254	0.000105	0.146554	0.001864
272	A	46316	1001969	877314	0.052793	140963	52	1001969	532	1165890	1126427	0.000472	39122	513	1164663	0	0	0	nan	0	0	0	0.052321	0.000246	0.052321	0.000246	0.928985	0.004368
273	U	16185	1001969	876328	0.018469	140857	52	1001969	749	1165870	1128660	0.000664	39125	516	1164645	0	0	0	nan	0	0	0	0.017805	0.000147	0.017805	0.000147	0.316137	0.002610
274	A	51837	1001969	850309	0.060963	140780	52	1001969	725	1166100	1128457	0.000642	39125	516	1164876	0	0	0	nan	0	0	0	0.060320	0.000269	0.060320	0.000269	1.071011	0.004776
275	C	83306	1001969	891137	0.093483	140680	52	1001969	530	1166098	1131697	0.000468	39129	518	1164876	0	0	0	nan	0	0	0	0.093014	0.000325	0.093014	0.000325	1.651509	0.005771
276	A	63171	1001969	901944	0.070039	140606	52	1001969	486	1166178	1117383	0.000435	39131	521	1164958	0	0	0	nan	0	0	0	0.069604	0.000279	0.069604	0.000279	1.235853	0.004954
277	U	14923	1001969	905610	0.016478	140516	52	1001969	831	1166090	1115859	0.000745	39120	521	1164872	0	0	0	nan	0	0	0	0.015734	0.000137	0.015734	0.000137	0.279365	0.002433
278	U	16339	1001969	891298	0.018332	140430	52	1001969	709	1166209	1117617	0.000634	39125	526	1164993	0	0	0	nan	0	0	0	0.017697	0.000145	0.017697	0.000145	0.314219	0.002575
279	G	11321	1001969	897622	0.012612	140267	52	1001969	892	1166071	1129327	0.000790	39123	526	1164857	0	0	0	nan	0	0	0	0.011822	0.000121	0.011822	0.000121	0.209905	0.002148
280	A	73471	1001969	932564	0.078784	140132	52	1001969	488	1166002	1133932	0.000430	39123	526	1164792	0	0	0	nan	0	0	0	0.078354	0.000291	0.078354	0.000291	1.391214	0.005167
281	U	13504	1001969	933544	0.014465	139972	52	1001969	713	1165838	1127491	0.000632	39123	526	1164629	0	0	0	nan	0	0	0	0.013833	0.000127	0.013833	0.000127	0.245612	0.002255
282	G	5753	1001969	911351	0.006313	139861	52	1001969	1378	1165828	1118988	0.001231	39123	526	1164623	0	0	0	nan	0	0	0	0.005081	0.000090	0.005081	0.000090	0.090216	0.001598
283	A	66586	1001969	931909	0.071451	139729	52	1001969	700	1165745	1120372	0.000625	39123	526	1164543	0	0	0	nan	0	0	0	0.070826	0.000278	0.070826	0.000278	1.257551	0.004936
284	G	20973	1001969	934596	0.022441	139613	52	1001969	6512	1165936	1117761	0.005826	39123	527	1164740	0	0	0	nan	0	0	0	0.016615	0.000171	0.016615	0.000171	0.295008	0.003036
285	U	10164	1001969	936287	0.010856	139515	52	1001969	1738	1166591	1127693	0.001541	39124	527	1165399	0	0	0	nan	0	0	0	0.009314	0.000114	0.009314	0.000114	0.165375	0.002024
286	U	11612	1001969	939852	0.012355	139456	52	1001969	446	1166991	1126449	0.000396	39126	528	1165802	0	0	0	nan	0	0	0	0.011959	0.000116	0.011959	0.000116	0.212338	0.002060
287	U	11906	1001969	936740	0.012710	139370	52	1001969	540	1167111	1125168	0.000480	39126	528	1165924	0	0	0	nan	0	0	0	0.012230	0.000118	0.012230	0.000118	0.217150	0.002095
288	G	6747	1001969	933856	0.007225	139269	52	1001969	1750	1167037	1129406	0.001549	39126	528	1165851	0	0	0	nan	0	0	0	0.005675	0.000095	0.005675	0.000095	0.100762	0.001687
289	G	3619	1001969	914109	0.003959	139185	52	1001969	1188	1167025	1129327	0.001052	39127	530	1165839	0	0	0	nan	0	0	0	0.002907	0.000073	0.002907	0.000073	0.051615	0.001296
290	A	29475	1001969	898782	0.032794	139090	52	1001969	1063	1166939	1129742	0.000941	39128	531	1165759	0	0	0	nan	0	0	0	0.031853	0.000193	0.031853	0.000193	0.565566	0.003427
291	C	64060	1001969	876199	0.073111	138999	52	1001969	1812	1167112	1129552	0.001604	39129	531	1165933	0	0	0	nan	0	0	0	0.071507	0.000291	0.071507	0.000291	1.269642	0.005167
292	A	28186	1001969	863541	0.032640	138898	52	1001969	599	1167432	1130636	0.000530	39129	531	1166254	0	0	0	nan	0	0	0	0.032110	0.000196	0.032110	0.000196	0.570129	0.003480
293	A	47114	1001969	860324	0.054763	138737	52	1001969	474	1167778	1132139	0.000419	39129	531	1166604	0	0	0	nan	0	0	0	0.054344	0.000253	0.054344	0.000253	0.964904	0.004492
294	A	41215	1001969	854365	0.048241	138422	52	1001969	506	1167873	1120109	0.000452	39129	531	1166705	0	0	0	nan	0	0	0	0.047789	0.000238	0.047789	0.000238	0.848517	0.004226
295	C	38751	1001969	835575	0.046376	138057	52	1001969	587	1166892	1104696	0.000531	39133	532	1165728	0	0	0	nan	0	0	0	0.045845	0.000237	0.045845	0.000237	0.814001	0.004208
296	C	31705	1001969	826428	0.038364	137661	52	1001969	617	1137282	1087364	0.000567	39133	532	1136123	0	0	0	nan	0	0	0	0.037796	0.000217	0.037796	0.000217	0.671087	0.003853
297	A	38087	1001969	836154	0.045550	137044	52	1001969	615	1136730	1086670	0.000566	39133	533	1135572	0	0	0	nan	0	0	0	0.044984	0.000235	0.044984	0.000235	0.798713	0.004173
298	C	59999	1001969	831414	0.072165	136053	52	1001969	475	1136699	1092016	0.000435	39134	533	1135545	0	0	0	nan	0	0	0	0.071730	0.000295	0.071730	0.000295	1.273601	0.005238
299	A	46433	1001969	837557	0.055439	135640	52	1001969	495	1136906	1072431	0.000462	39135	533	1135756	0	0	0	nan	0	0	0	0.054977	0.000258	0.054977	0.000258	0.976144	0.004581
300	A	41139	1001969	838054	0.049089	135027	52	1001969	401	1137262	1067127	0.000376	39137	533	1136114	0	0	0	nan	0	0	0	0.048713	0.000243	0.048713	0.000243	0.864923	0.004315
301	C	52529	1001969	835169	0.062896	134420	52	1001969	367	1137377	1040367	0.000353	39140	535	1136230	0	0	0	nan	0	0	0	0.062543	0.000275	0.062543	0.000275	1.110482	0.004883
302	U	10983	1001969	839117	0.013089	134122	52	1001969	688	1137586	1041985	0.000660	39144	536	1136444	0	0	0	nan	0	0	0	0.012428	0.000127	0.012428	0.000127	0.220665	0.002255
303	A	62257	1001969	873923	0.071239	133766	52	1001969	676	1138372	1077373	0.000627	39146	540	1137232	0	0	0	nan	0	0	0	0.070611	0.000287	0.070611	0.000287	1.253733	0.005096
304	G	13078	1001969	899308	0.014542	133275	52	1001969	881	1138771	1113351	0.000791	39158	542	1137637	0	0	0	nan	0	0	0	0.013751	0.000130	0.013751	0.000130	0.244156	0.002308
305	A	36421	1001969	892399	0.040812	132717	52	1001969	573	1138993	1104622	0.000519	39159	543	1137861	0	0	0	nan	0	0	0	0.040294	0.000215	0.040294	0.000215	0.715440	0.003817
306	A	60214	1001969	910127	0.066160	132095	52	1001969	409	1139324	1093697	0.000374	39160	543	1138194	0	0	0	nan	0	0	0	0.065786	0.000270	0.065786	0.000270	1.168063	0.004794
307	U	14018	1001969	914396	0.015330	131631	52	1001969	626	1139495	1093658	0.000572	39163	545	1138368	0	0	0	nan	0	0	0	0.014758	0.000131	0.014758	0.000131	0.262036	0.002326
308	G	5129	1001969	907730	0.005650	131316	52	1001969	2496	1139669	1088580	0.002293	39165	545	1138542	0	0	0	nan	0	0	0	0.003357	0.000091	0.003357	0.000091	0.059605	0.001616
309	C	21590	1001969	901755	0.023942	130990	52	1001969	1110	1139834	1091883	0.001017	39166	545	1138709	0	0	0	nan	0	0	0	0.022926	0.000166	0.022926	0.000166	0.407062	0.002947
310	A	24627	1001969	896358	0.027475	130688	52	1001969	592	1140150	1093222	0.000542	39166	545	1139027	0	0	0	nan	0	0	0	0.026933	0.000176	0.026933	0.000176	0.478209	0.003125
311	G	4446	1001969	874065	0.005087	130407	52	1001969	661	1140738	1104087	0.000599	39166	549	1139616	0	0	0	nan	0	0	0	0.004488	0.000080	0.004488	0.000080	0.079687	0.001420
312	U	13338	1001969	865095	0.015418	130093	52	1001969	1259	1141499	1104344	0.001140	39166	549	1140377	0	0	0	nan	0	0	0	0.014278	0.000137	0.014278	0.000137	0.253513	0.002433
313	G	126931	1001969	878047	0.144561	129602	52	1001969	63861	1142060	1103679	0.057862	39168	549	1140938	0	0	0	nan	0	0	0	0.086699	0.000466	nan	nan	nan	nan
314	A	65764	1001969	791481	0.083090	129133	52	1001969	14929	1143442	1101401	0.013555	39174	552	1142321	0	0	0	nan	0	0	0	0.069535	0.000342	0.069535	0.000342	1.234628	0.006072
315	A	90636	1001969	882597	0.102692	128829	52	1001969	1110	1144696	1106269	0.001003	39174	552	1143575	0	0	0	nan	0	0	0	0.101689	0.000342	0.101689	0.000342	1.805538	0.006072
316	A	18891	1001969	909916	0.020761	128559	52	1001969	426	1145371	1109195	0.000384	39174	552	1144253	0	0	0	nan	0	0	0	0.020377	0.000152	0.020377	0.000152	0.361804	0.002699
317	A	11338	1001969	916823	0.012367	128352	52	1001969	363	1145606	1108147	0.000328	39174	552	1144493	0	0	0	nan	0	0	0	0.012039	0.000117	0.012039	0.000117	0.213758	0.002077
318	A	13589	1001969	918668	0.014792	128186	52	1001969	543	1146012	1110088	0.000489	39176	552	1144906	0	0	0	nan	0	0	0	0.014303	0.000129	0.014303	0.000129	0.253957	0.002290
319	A	20096	1001969	923217	0.021767	125821	52	1001969	436	1146246	1112219	0.000392	39167	552	1145163	0	0	0	nan	0	0	0	0.021375	0.000155	0.021375	0.000155	0.379524	0.002752
320	A	49165	1001969	931921	0.052757	125692	52	1001969	892	1146450	1106589	0.000806	39167	552	1145384	0	0	0	nan	0	0	0	0.051951	0.000239	0.051951	0.000239	0.922416	0.004244
321	U	12929	1001969	934166	0.013840	125539	52	1001969	440	1146706	1109561	0.000397	39168	553	1145648	0	0	0	nan	0	0	0	0.013444	0.000123	0.013444	0.000123	0.238705	0.002184
322	G	6079	1001969	932395	0.006520	125451	52	1001969	2804	1147008	1113498	0.002518	39167	556	1145953	0	0	0	nan	0	0	0	0.004002	0.000096	0.004002	0.000096	0.071057	0.001705
323	C	61887	1001969	930499	0.066509	125364	52	1001969	8844	1147236	1122957	0.007876	39167	558	1146182	0	0	0	nan	0	0	0	0.058634	0.000280	0.058634	0.000280	1.041076	0.004972
324	U	26204	1001969	913805	0.028676	125195	52	1001969	5907	1147378	1123764	0.005256	39167	558	1146328	0	0	0	nan	0	0	0	0.023419	0.000190	0.023419	0.000190	0.415816	0.003374
325	U	21619	1001969	905051	0.023887	124954	52	1001969	1411	1147560	1116709	0.001264	39172	558	1146513	0	0	0	nan	0	0	0	0.022624	0.000166	0.022624	0.000166	0.401700	0.002947
326	U	16157	1001969	882117	0.018316	124742	52	1001969	559	1147921	1114875	0.000501	39172	558	1146877	0	0	0	nan	0	0	0	0.017815	0.000146	0.017815	0.000146	0.316314	0.002592
327	A	78013	1001969	911975	0.085543	124547	52	1001969	1180	1148018	1105299	0.001068	39167	558	1146978	0	0	0	nan	0	0	0	0.084475	0.000308	0.084475	0.000308	1.499895	0.005469
328	U	14957	1001969	910113	0.016434	124247	52	1001969	2499	1148094	1100286	0.002271	39167	559	1147054	0	0	0	nan	0	0	0	0.014163	0.000142	0.014163	0.000142	0.251471	0.002521
329	U	16381	1001969	907434	0.018052	124077	52	1001969	527	1148222	1101556	0.000478	39165	559	1147183	0	0	0	nan	0	0	0	0.017574	0.000143	0.017574	0.000143	0.312035	0.002539
330	U	15125	1001969	903611	0.016738	123813	52	1001969	702	1148467	1104087	0.000636	39156	560	1147432	0	0	0	nan	0	0	0	0.016103	0.000138	0.016103	0.000138	0.285917	0.002450
331	G	24417	1001969	905527	0.026964	123451	52	1001969	931	1148701	1110272	0.000839	39160	562	1147673	0	0	0	nan	0	0	0	0.026126	0.000175	0.026126	0.000175	0.463880	0.003107
332	U	12398	1001969	906763	0.013673	123107	52	1001969	946	1148861	1113044	0.000850	39049	562	1147834	0	0	0	nan	0	0	0	0.012823	0.000126	0.012823	0.000126	0.227679	0.002237
333	G	17089	1001969	882354	0.019368	122841	52	1001969	1912	1149253	1108580	0.001725	39048	562	1148228	0	0	0	nan	0	0	0	0.017643	0.000153	0.017643	0.000153	0.313260	0.002717
334	A	19474	1001969	858480	0.022684	122520	52	1001969	730	1149366	1101769	0.000663	39047	562	1148341	0	0	0	nan	0	0	0	0.022022	0.000164	0.022022	0.000164	0.391011	0.002912
335	A	63090	1001969	879491	0.071735	122266	52	1001969	983	1149482	1093911	0.000899	38999	562	1148457	0	0	0	nan	0	0	0	0.070836	0.000287	0.070836	0.000287	1.257728	0.005096
336	A	75349	1001969	896187	0.084077	122102	52	1001969	26174	1149856	1092674	0.023954	38790	562	1148832	0	0	0	nan	0	0	0	0.060123	0.000340	0.060123	0.000340	1.067513	0.006037
337	U	11196	1001969	907673	0.012335	121894	52	1001969	2623	1150280	1097773	0.002389	38789	562	1149257	0	0	0	nan	0	0	0	0.009945	0.000126	0.009945	0.000126	0.176578	0.002237
338	U	17305	1001969	921063	0.018788	121691	52	1001969	488	1150658	1108325	0.000440	38603	562	1149637	0	0	0	nan	0	0	0	0.018348	0.000144	0.018348	0.000144	0.325778	0.002557
339	U	17708	1001969	927836	0.019085	121370	52	1001969	862	1151551	1114957	0.000773	38435	563	1150532	0	0	0	nan	0	0	0	0.018312	0.000146	0.018312	0.000146	0.325139	0.002592
340	G	17413	1001969	931111	0.018701	121037	52	1001969	947	1151826	1117802	0.000847	38434	564	1150811	0	0	0	nan	0	0	0	0.017854	0.000144	0.017854	0.000144	0.317007	0.002557
341	U	13076	1001969	926821	0.014108	120594	52	1001969	836	1151972	1113357	0.000751	38198	564	1150958	0	0	0	nan	0	0	0	0.013358	0.000126	0.013358	0.000126	0.237178	0.002237
342	G	7215	1001969	917872	0.007861	120422	52	1001969	847	1152148	1110022	0.000763	38198	564	1151136	0	0	0	nan	0	0	0	0.007098	0.000096	0.007098	0.000096	0.126028	0.001705
343	A	59340	1001969	919630	0.064526	120122	52	1001969	497	1152300	1117448	0.000445	38141	564	1151288	0	0	0	nan	0	0	0	0.064081	0.000266	0.064081	0.000266	1.137790	0.004723
344	U	13787	1001969	919886	0.014988	120000	52	1001969	749	1152456	1117200	0.000670	38142	564	1151446	0	0	0	nan	0	0	0	0.014317	0.000130	0.014317	0.000130	0.254205	0.002308
345	G	6390	1001969	911701	0.007009	119792	52	1001969	2554	1152769	1116932	0.002287	38127	564	1151761	0	0	0	nan	0	0	0	0.004722	0.000099	0.004722	0.000099	0.083841	0.001758
346	C	50768	1001969	910139	0.055780	119625	52	1001969	1152	1153205	1116006	0.001032	38127	564	1152198	0	0	0	nan	0	0	0	0.054748	0.000249	0.054748	0.000249	0.972078	0.004421
347	U	14349	1001969	901206	0.015922	119488	52	1001969	497	1153522	1118902	0.000444	38127	564	1152515	0	0	0	nan	0	0	0	0.015478	0.000134	0.015478	0.000134	0.274820	0.002379
348	A	65862	1001969	924328	0.071254	119357	52	1001969	934	1153821	1122368	0.000832	38121	564	1152814	0	0	0	nan	0	0	0	0.070422	0.000279	0.070422	0.000279	1.250377	0.004954
349	U	17873	1001969	929032	0.019238	119218	52	1001969	894	1154101	1119367	0.000799	38121	564	1153094	0	0	0	nan	0	0	0	0.018440	0.000146	0.018440	0.000146	0.327411	0.002592
350	U	13115	1001969	928175	0.014130	119120	52	1001969	550	1154448	1118344	0.000492	38117	564	1153442	0	0	0	nan	0	0	0	0.013638	0.000125	0.013638	0.000125	0.242149	0.002219
351	G	4679	1001969	928886	0.005037	118964	52	1001969	2747	1154728	1119219	0.002454	38100	568	1153722	0	0	0	nan	0	0	0	0.002583	0.000087	0.002583	0.000087	0.045862	0.001545
352	C	50969	1001969	928927	0.054869	118881	52	1001969	8461	1155108	1117384	0.007572	38099	568	1154104	0	0	0	nan	0	0	0	0.047297	0.000257	0.047297	0.000257	0.839782	0.004563
353	U	22120	1001969	913479	0.024215	118829	52	1001969	3599	1155463	1121546	0.003209	38118	569	1154459	0	0	0	nan	0	0	0	0.021006	0.000171	0.021006	0.000171	0.372972	0.003036
354	U	22306	1001969	913361	0.024422	118699	52	1001969	1552	1155956	1122580	0.001383	38116	570	1154952	0	0	0	nan	0	0	0	0.023039	0.000167	0.023039	0.000167	0.409069	0.002965
355	U	16621	1001969	897215	0.018525	118526	52	1001969	492	1156305	1128579	0.000436	38105	570	1155305	0	0	0	nan	0	0	0	0.018089	0.000145	0.018089	0.000145	0.321179	0.002575
356	A	79714	1001969	934247	0.085324	118358	52	1001969	943	1156435	1120086	0.000842	38095	571	1155438	0	0	0	nan	0	0	0	0.084482	0.000303	0.084482	0.000303	1.500020	0.005380
357	U	12698	1001969	938901	0.013524	118297	52	1001969	2987	1156620	1122436	0.002661	38095	572	1155623	0	0	0	nan	0	0	0	0.010863	0.000130	0.010863	0.000130	0.192878	0.002308
358	U	17576	1001969	941051	0.018677	118137	52	1001969	526	1156852	1122972	0.000468	38095	573	1155857	0	0	0	nan	0	0	0	0.018209	0.000142	0.018209	0.000142	0.323310	0.002521
359	U	17352	1001969	948137	0.018301	117962	52	1001969	635	1156973	1133366	0.000560	38094	573	1155982	0	0	0	nan	0	0	0	0.017741	0.000141	0.017741	0.000141	0.315000	0.002504
360	G	11705	1001969	949578	0.012327	117740	52	1001969	709	1157203	1132073	0.000626	38094	573	1156214	0	0	0	nan	0	0	0	0.011700	0.000116	0.011700	0.000116	0.207739	0.002060
361	U	13918	1001969	947081	0.014696	117629	52	1001969	749	1157269	1132048	0.000662	38095	573	1156280	0	0	0	nan	0	0	0	0.014034	0.000127	0.014034	0.000127	0.249181	0.002255
362	A	47356	1001969	943418	0.050196	117373	52	1001969	791	1157415	1118957	0.000707	38094	574	1156429	0	0	0	nan	0	0	0	0.049489	0.000232	0.049489	0.000232	0.878702	0.004119
363	A	76368	1001969	969191	0.078796	117096	52	1001969	6330	1157502	1120836	0.005648	38095	574	1156520	0	0	0	nan	0	0	0	0.073148	0.000294	0.073148	0.000294	1.298779	0.005220
364	C	1771	1001969	971345	0.001823	116781	52	1001969	1137	1157598	1117889	0.001017	38118	595	1156618	0	0	0	nan	0	0	0	0.000806	0.000053	0.000806	0.000053	0.014311	0.000941
365	C	839	1001969	981943	0.000854	116053	52	1001969	762	1157692	1129662	0.000675	38115	598	1156713	0	0	0	nan	0	0	0	0.000180	0.000038	0.000180	0.000038	0.003196	0.000675
366	A	1660	1001969	972945	0.001706	115953	52	1001969	2479	1157786	1119974	0.002213	38116	598	1156814	0	0	0	nan	0	0	0	-0.000507	0.000061	-0.000507	0.000061	-0.009002	0.001083
367	U	2759	1001969	970526	0.002843	115400	52	1001969	3766	1157846	1116654	0.003373	38113	598	1156876	0	0	0	nan	0	0	0	-0.000530	0.000077	-0.000530	0.000077	-0.009410	0.001367
368	U	704	1001969	964772	0.000730	114531	52	1001969	938	1157891	1111885	0.000844	38100	598	1156983	0	0	0	nan	0	0	0	-0.000114	0.000039	-0.000114	0.000039	-0.002024	0.000692
369	A	963	1001969	970650	0.000992	114440	52	1001969	1126	1157592	1117612	0.001008	38100	599	1157536	0	0	0	nan	0	0	0	-0.000015	0.000044	-0.000015	0.000044	-0.000266	0.000781
370	U	762	1001969	972387	0.000784	113627	52	1001969	1035	1157822	1123878	0.000921	38093	599	1157766	0	0	0	nan	0	0	0	-0.000137	0.000040	-0.000137	0.000040	-0.002433	0.000710
371	A	282	1001969	973041	0.000290	113586	52	1001969	248	1158009	1122680	0.000221	38093	599	1157956	0	0	0	nan	0	0	0	0.000069	0.000022	0.000069	0.000022	0.001225	0.000391
372	A	0	1001969	970588	0.000000	111740	52	1001969	0	1158444	1122816	0.000000	38079	599	1158391	0	0	0	nan	0	0	0	0.000000	0.000000	0.000000	0.000000	0.000000	0.000000
373	g	0	1001969	0	nan	111665	52	1001969	0	1158730	0	nan	38081	599	1158677	0	0	0	nan	0	0	0	nan	nan	nan	nan	nan	nan
374	c	0	1001969	0	nan	111624	52	1001969	0	1158974	0	nan	38081	599	1158921	0	0	0	nan	0	0	0	nan	nan	nan	nan	nan	nan
375	u	0	1001969	0	nan	111146	52	1001969	0	1159194	0	nan	38054	599	1159141	0	0	0	nan	0	0	0	nan	nan	nan	nan	nan	nan
376	g	0	1001969	0	nan	110057	52	1001969	0	1159355	0	nan	37985	599	1159302	0	0	0	nan	0	0	0	nan	nan	nan	nan	nan	nan
377	c	0	1001969	0	nan	109871	52	1001969	0	1159439	0	nan	37984	599	1159386	0	0	0	nan	0	0	0	nan	nan	nan	nan	nan	nan
378	a	0	1001969	0	nan	109693	52	1001969	0	1159613	0	nan	37984	599	1159562	0	0	0	nan	0	0	0	nan	nan	nan	nan	nan	nan
379	a	0	1001969	0	nan	109496	52	1001969	0	1159735	0	nan	37842	599	1159687	0	0	0	nan	0	0	0	nan	nan	nan	nan	nan	nan
380	u	0	1001969	0	nan	109226	52	1001969	0	1159795	0	nan	37656	599	1159747	0	0	0	nan	0	0	0	nan	nan	nan	nan	nan	nan
381	a	0	1001969	0	nan	108954	52	1001969	0	1159858	0	nan	37656	599	1159815	0	0	0	nan	0	0	0	nan	nan	nan	nan	nan	nan
382	a	0	1001969	0	nan	108772	52	1001969	0	1159987	0	nan	37303	599	1159952	0	0	0	nan	0	0	0	nan	nan	nan	nan	nan	nan
383	a	0	1001969	0	nan	108708	52	1001969	0	1159981	0	nan	37055	599	1159952	0	0	0	nan	0	0	0	nan	nan	nan	nan	nan	nan
384	c	0	1001969	0	nan	108462	52	1001969	0	1159978	0	nan	36916	599	1159952	0	0	0	nan	0	0	0	nan	nan	nan	nan	nan	nan
385	a	0	1001969	0	nan	108227	52	1001969	0	1159974	0	nan	36916	599	1159952	0	0	0	nan	0	0	0	nan	nan	nan	nan	nan	nan
386	a	0	1001969	0	nan	107891	52	1001969	0	1159960	0	nan	36771	599	1159952	0	0	0	nan	0	0	0	nan	nan	nan	nan	nan	nan
387	g	0	1001969	0	nan	107881	52	1001969	0	1159960	0	nan	36770	599	1159952	0	0	0	nan	0	0	0	nan	nan	nan	nan	nan	nan
388	u	0	1001969	0	nan	107815	52	1001969	0	1159960	0	nan	36770	599	1159952	0	0	0	nan	0	0	0	nan	nan	nan	nan	nan	nan
389	u	0	1001969	0	nan	107584	52	1001969	0	1159959	0	nan	36765	599	1159952	0	0	0	nan	0	0	0	nan	nan	nan	nan	nan	nan
390	a	0	1001969	0	nan	107571	52	1001969	0	1159956	0	nan	36765	599	1159952	0	0	0	nan	0	0	0	nan	nan	nan	nan	nan	nan
391	a	0	1001969	0	nan	107401	52	1001969	0	1159953	0	nan	36763	599	1159952	0	0	0	nan	0	0	0	nan	nan	nan	nan	nan	nan
392	c	0	1001969	0	nan	106935	52	1001969	0	1159952	0	nan	36752	598	1159952	0	0	0	nan	0	0	0	nan	nan	nan	nan	nan	nan
393	a	0	1001969	0	nan	106686	52	1001969	0	1159952	0	nan	36751	598	1159952	0	0	0	nan	0	0	0	nan	nan	nan	nan	nan	nan
394	a	0	1001969	0	nan	106306	52	1001969	0	1159952	0	nan	36741	598	1159952	0	0	0	nan	0	0	0	nan	nan	nan	nan	nan	nan
395	c	0	1001489	0	nan	106264	52	1001489	0	1159926	0	nan	36740	598	1159926	0	0	0	nan	0	0	0	nan	nan	nan	nan	nan	nan
396	a	0	1001404	0	nan	106251	52	1001404	0	1159910	0	nan	36739	598	1159910	0	0	0	nan	0	0	0	nan	nan	nan	nan	nan	nan
397	a	0	1001012	0	nan	106211	52	1001012	0	1159872	0	nan	36737	598	1159872	0	0	0	nan	0	0	0	nan	nan	nan	nan	nan	nan
398	c	0	1000199	0	nan	106146	52	1000199	0	1159826	0	nan	36734	598	1159826	0	0	0	nan	0	0	0	nan	nan	nan	nan	nan	nan
399	a	0	999809	0	nan	106099	52	999809	0	1159771	0	nan	36732	598	1159771	0	0	0	nan	0	0	0	nan	nan	nan	nan	nan	nan
400	a	0	999404	0	nan	106089	52	999404	0	1159695	0	nan	36730	598	1159695	0	0	0	nan	0	0	0	nan	nan	nan	nan	nan	nan
401	u	0	999334	0	nan	106083	52	999334	0	1159626	0	nan	36726	598	1159626	0	0	0	nan	0	0	0	nan	nan	nan	nan	nan	nan
402	u	0	998213	0	nan	105996	52	998213	0	1158604	0	nan	36701	597	1158604	0	0	0	nan	0	0	0	nan	nan	nan	nan	nan	nan
403	g	0	996587	0	nan	105859	52	996587	0	1157573	0	nan	36658	595	1157573	0	0	0	nan	0	0	0	nan	nan	nan	nan	nan	nan
404	c	0	991598	0	nan	105384	52	991598	0	1155297	0	nan	36594	593	1155297	0	0	0	nan	0	0	0	nan	nan	nan	nan	nan	nan