Nucleotide	Sequence	Modified_mutations	Modified_read_depth	Modified_effective_depth	Modified_rate	Modified_off_target_mapped_depth	Modified_low_mapq_mapped_depth	Modified_primer_pair_1_mapped_depth	Untreated_mutations	Untreated_read_depth	Untreated_effective_depth	Untreated_rate	Untreated_off_target_mapped_depth	Untreated_low_mapq_mapped_depth	Untreated_primer_pair_1_mapped_depth	Denatured_mutations	Denatured_read_depth	Denatured_effective_depth	Denatured_rate	Denatured_off_target_mapped_depth	Denatured_low_mapq_mapped_depth	Denatured_primer_pair_1_mapped_depth	Reactivity_profile	Std_err	HQ_profile	HQ_stderr	Norm_profile	Norm_stderr
1	a	0	579590	0	nan	388371	446	579590	0	1422360	0	nan	382609	167	1422360	0	0	0	nan	0	0	0	nan	nan	nan	nan	nan	nan
2	g	0	581866	0	nan	389736	447	581866	0	1425061	0	nan	382999	167	1425061	0	0	0	nan	0	0	0	nan	nan	nan	nan	nan	nan
3	g	0	583612	0	nan	390769	447	583612	0	1428128	0	nan	383787	168	1428128	0	0	0	nan	0	0	0	nan	nan	nan	nan	nan	nan
4	u	0	583919	0	nan	390842	448	583919	0	1428280	0	nan	383801	168	1428280	0	0	0	nan	0	0	0	nan	nan	nan	nan	nan	nan
5	g	0	584329	0	nan	390963	448	584329	0	1428652	0	nan	383810	168	1428652	0	0	0	nan	0	0	0	nan	nan	nan	nan	nan	nan
6	a	0	584916	0	nan	391056	448	584916	0	1428757	0	nan	383811	168	1428757	0	0	0	nan	0	0	0	nan	nan	nan	nan	nan	nan
7	u	0	585430	0	nan	391103	450	585430	0	1430130	0	nan	383812	168	1430130	0	0	0	nan	0	0	0	nan	nan	nan	nan	nan	nan
8	c	0	585654	0	nan	391114	450	585654	0	1447506	0	nan	383814	168	1447506	0	0	0	nan	0	0	0	nan	nan	nan	nan	nan	nan
9	c	0	585831	0	nan	391119	450	585831	0	1447932	0	nan	383815	168	1447932	0	0	0	nan	0	0	0	nan	nan	nan	nan	nan	nan
10	u	0	585916	0	nan	391127	450	585916	0	1448036	0	nan	383815	168	1448036	0	0	0	nan	0	0	0	nan	nan	nan	nan	nan	nan
11	g	0	586233	0	nan	391142	450	586233	0	1448088	0	nan	383815	168	1448088	0	0	0	nan	0	0	0	nan	nan	nan	nan	nan	nan
12	c	0	586233	0	nan	391658	450	586233	0	1448088	0	nan	383830	168	1448088	0	0	0	nan	0	0	0	nan	nan	nan	nan	nan	nan
13	a	0	586233	0	nan	393084	450	586233	0	1448100	0	nan	383838	168	1448088	0	0	0	nan	0	0	0	nan	nan	nan	nan	nan	nan
14	c	0	586233	0	nan	395873	450	586233	0	1448101	0	nan	383840	168	1448088	0	0	0	nan	0	0	0	nan	nan	nan	nan	nan	nan
15	u	0	586233	0	nan	396291	450	586233	0	1448107	0	nan	383843	168	1448088	0	0	0	nan	0	0	0	nan	nan	nan	nan	nan	nan
16	a	0	586233	0	nan	400047	450	586233	0	1448108	0	nan	383850	168	1448088	0	0	0	nan	0	0	0	nan	nan	nan	nan	nan	nan
17	u	0	586233	0	nan	401764	450	586233	0	1448109	0	nan	383852	169	1448088	0	0	0	nan	0	0	0	nan	nan	nan	nan	nan	nan
18	g	0	586233	0	nan	402188	450	586233	0	1448120	0	nan	383856	169	1448088	0	0	0	nan	0	0	0	nan	nan	nan	nan	nan	nan
19	g	0	586233	0	nan	403526	450	586233	0	1448121	0	nan	383858	169	1448088	0	0	0	nan	0	0	0	nan	nan	nan	nan	nan	nan
20	c	0	586233	0	nan	404597	450	586233	0	1448129	0	nan	383870	169	1448088	0	0	0	nan	0	0	0	nan	nan	nan	nan	nan	nan
21	A	2	586233	548878	0.000004	405904	450	586233	1	1448133	1348067	0.000001	383884	169	1448088	0	0	0	nan	0	0	0	0.000003	0.000003	0.000003	0.000003	0.000055	0.000055
22	C	30995	586233	544958	0.056876	407881	450	586233	614	1448139	1357703	0.000452	383906	169	1448088	0	0	0	nan	0	0	0	0.056424	0.000324	0.056424	0.000324	1.035051	0.005944
23	A	19171	586233	572688	0.033475	408746	450	586233	1018	1448147	1398174	0.000728	383986	169	1448088	0	0	0	nan	0	0	0	0.032747	0.000243	0.032747	0.000243	0.600716	0.004458
24	C	25726	586233	567037	0.045369	409214	450	586233	947	1448032	1395666	0.000679	384148	169	1447950	0	0	0	nan	0	0	0	0.044691	0.000284	0.044691	0.000284	0.819819	0.005210
25	U	6728	586233	566746	0.011871	409419	450	586233	1398	1447543	1409538	0.000992	385189	174	1447312	0	0	0	nan	0	0	0	0.010879	0.000147	0.010879	0.000147	0.199566	0.002697
26	G	6743	586233	565423	0.011926	409771	450	586233	4115	1445826	1404290	0.002930	385215	174	1445591	0	0	0	nan	0	0	0	0.008995	0.000152	0.008995	0.000152	0.165006	0.002788
27	G	4137	586233	565105	0.007321	410144	451	586233	2139	1445383	1406228	0.001521	385174	174	1445138	0	0	0	nan	0	0	0	0.005800	0.000118	0.005800	0.000118	0.106396	0.002165
28	U	7448	586233	558119	0.013345	410369	451	586233	1444	1444298	1371047	0.001053	384970	174	1444050	0	0	0	nan	0	0	0	0.012292	0.000157	0.012292	0.000157	0.225486	0.002880
29	A	32337	586233	557824	0.057970	412031	452	586233	1227	1440134	1346812	0.000911	384811	174	1439883	0	0	0	nan	0	0	0	0.057059	0.000323	0.057059	0.000323	1.046699	0.005925
30	A	30573	586233	566842	0.053936	418841	452	586233	1086	1401344	1312266	0.000828	24026	174	1401090	0	0	0	nan	0	0	0	0.053108	0.000309	0.053108	0.000309	0.974221	0.005668
31	U	5649	586233	566619	0.009970	424415	456	586233	1587	1399362	1328983	0.001194	23917	174	1399105	0	0	0	nan	0	0	0	0.008776	0.000136	0.008776	0.000136	0.160988	0.002495
32	C	18442	586233	559032	0.032989	425560	458	586233	919	1393506	1332030	0.000690	23918	174	1393244	0	0	0	nan	0	0	0	0.032299	0.000244	0.032299	0.000244	0.592498	0.004476
33	G	3043	586233	558400	0.005449	427451	459	586233	2164	1389287	1310157	0.001652	23921	174	1389020	0	0	0	nan	0	0	0	0.003798	0.000105	0.003798	0.000105	0.069671	0.001926
34	A	27970	586233	569802	0.049087	431225	460	586233	1002	1387375	1309767	0.000765	23679	175	1387105	0	0	0	nan	0	0	0	0.048322	0.000295	0.048322	0.000295	0.886426	0.005412
35	C	16084	586233	571785	0.028129	433043	465	586233	730	1386941	1312460	0.000556	23683	175	1386669	0	0	0	nan	0	0	0	0.027573	0.000223	0.027573	0.000223	0.505803	0.004091
36	G	7654	586233	572330	0.013373	435451	466	586233	4660	1386465	1321509	0.003526	23676	175	1386189	0	0	0	nan	0	0	0	0.009847	0.000161	0.009847	0.000161	0.180635	0.002953
37	G	4769	586233	573714	0.008313	436877	468	586233	4101	1385979	1316914	0.003114	23676	173	1385697	0	0	0	nan	0	0	0	0.005198	0.000130	0.005198	0.000130	0.095353	0.002385
38	G	2310	586233	573990	0.004024	437646	466	586233	2490	1385637	1317547	0.001890	23677	172	1385350	0	0	0	nan	0	0	0	0.002135	0.000092	0.002135	0.000092	0.039165	0.001688
39	G	3161	586233	572344	0.005523	437944	465	586233	2061	1385349	1325388	0.001555	23679	172	1385060	0	0	0	nan	0	0	0	0.003968	0.000104	0.003968	0.000104	0.072790	0.001908
40	U	5227	586233	570462	0.009163	438143	462	586233	1618	1384601	1322028	0.001224	23657	170	1384304	0	0	0	nan	0	0	0	0.007939	0.000130	0.007939	0.000130	0.145634	0.002385
41	U	6508	586233	567611	0.011466	438448	462	586233	714	1383955	1328754	0.000537	23664	168	1383656	0	0	0	nan	0	0	0	0.010928	0.000144	0.010928	0.000144	0.200465	0.002642
42	A	25679	586233	569379	0.045100	438510	461	586233	808	1383449	1322698	0.000611	23664	168	1383130	0	0	0	nan	0	0	0	0.044489	0.000282	0.044489	0.000282	0.816113	0.005173
43	C	16128	586233	569915	0.028299	438640	461	586233	917	1382253	1317663	0.000696	23661	168	1381912	0	0	0	nan	0	0	0	0.027603	0.000224	0.027603	0.000224	0.506354	0.004109
44	G	6724	586233	568843	0.011820	438167	461	586233	7875	1378688	1298051	0.006067	23655	167	1378331	0	0	0	nan	0	0	0	0.005754	0.000160	0.005754	0.000160	0.105552	0.002935
45	C	13477	586233	564992	0.023853	438089	461	586233	4051	1377686	1293542	0.003132	23656	167	1377320	0	0	0	nan	0	0	0	0.020722	0.000211	0.020722	0.000211	0.380128	0.003871
46	C	9708	586233	565029	0.017181	437701	461	586233	1880	1376766	1296131	0.001450	23658	164	1376381	0	0	0	nan	0	0	0	0.015731	0.000178	0.015731	0.000178	0.288572	0.003265
47	G	2029	586233	546112	0.003715	437111	462	586233	1725	1374550	1181574	0.001460	23652	163	1374158	0	0	0	nan	0	0	0	0.002255	0.000090	0.002255	0.000090	0.041366	0.001651
48	A	11634	586233	541906	0.021469	436740	462	586233	1002	1373313	1182348	0.000847	23652	163	1372912	0	0	0	nan	0	0	0	0.020621	0.000201	0.020621	0.000201	0.378275	0.003687
49	A	29669	586233	541955	0.054744	436544	461	586233	1005	1373031	1185771	0.000848	23652	162	1372619	0	0	0	nan	0	0	0	0.053897	0.000319	0.053897	0.000319	0.988695	0.005852
50	C	41765	586233	551838	0.075683	436181	461	586233	532	1372660	1292256	0.000412	23660	161	1372235	0	0	0	nan	0	0	0	0.075272	0.000371	0.075272	0.000371	1.380801	0.006806
51	A	33352	586233	556177	0.059967	435959	461	586233	901	1372258	1291803	0.000697	23660	161	1371833	0	0	0	nan	0	0	0	0.059269	0.000329	0.059269	0.000329	1.087240	0.006035
52	U	7161	586233	555108	0.012900	435688	461	586233	1246	1371905	1292390	0.000964	23659	161	1371480	0	0	0	nan	0	0	0	0.011936	0.000155	0.011936	0.000155	0.218956	0.002843
53	G	5751	586233	552910	0.010401	435369	461	586233	1628	1371526	1302628	0.001250	23659	161	1371101	0	0	0	nan	0	0	0	0.009152	0.000141	0.009152	0.000141	0.167886	0.002587
54	A	25028	586233	556850	0.044946	434878	461	586233	1204	1370885	1311497	0.000918	23650	161	1370460	0	0	0	nan	0	0	0	0.044028	0.000285	0.044028	0.000285	0.807656	0.005228
55	U	4829	586233	553219	0.008729	434528	460	586233	1484	1370334	1301578	0.001140	23645	153	1369909	0	0	0	nan	0	0	0	0.007589	0.000129	0.007589	0.000129	0.139214	0.002366
56	C	21751	586233	550587	0.039505	434142	460	586233	1246	1369604	1287513	0.000968	23644	152	1369178	0	0	0	nan	0	0	0	0.038537	0.000269	0.038537	0.000269	0.706929	0.004935
57	G	4201	586233	543590	0.007728	433435	460	586233	2117	1367989	1269581	0.001667	23633	151	1367563	0	0	0	nan	0	0	0	0.006061	0.000125	0.006061	0.000125	0.111184	0.002293
58	A	32765	586233	552344	0.059320	433089	460	586233	1572	1366590	1276124	0.001232	23616	145	1366164	0	0	0	nan	0	0	0	0.058088	0.000329	0.058088	0.000329	1.065575	0.006035
59	C	45328	586233	551456	0.082197	432913	460	586233	684	1365689	1290758	0.000530	23592	143	1365261	0	0	0	nan	0	0	0	0.081667	0.000387	0.081667	0.000387	1.498112	0.007099
60	U	9858	586233	547235	0.018014	432514	460	586233	896	1364407	1288761	0.000695	23549	139	1363979	0	0	0	nan	0	0	0	0.017319	0.000183	0.017319	0.000183	0.317702	0.003357
61	A	43823	586233	555759	0.078853	432022	460	586233	1477	1364087	1286031	0.001148	23528	138	1363659	0	0	0	nan	0	0	0	0.077704	0.000378	0.077704	0.000378	1.425414	0.006934
62	U	5267	586233	559116	0.009420	432209	460	586233	1675	1363699	1287886	0.001301	23522	129	1363271	0	0	0	nan	0	0	0	0.008120	0.000134	0.008120	0.000134	0.148955	0.002458
63	U	6997	586233	561397	0.012464	431931	460	586233	820	1363172	1293133	0.000634	23518	125	1362743	0	0	0	nan	0	0	0	0.011829	0.000151	0.011829	0.000151	0.216993	0.002770
64	U	5502	586233	559570	0.009833	431078	460	586233	1295	1361783	1301480	0.000995	23514	125	1361353	0	0	0	nan	0	0	0	0.008838	0.000135	0.008838	0.000135	0.162126	0.002476
65	C	26576	586233	548300	0.048470	430409	460	586233	1132	1361134	1283381	0.000882	23502	125	1360701	0	0	0	nan	0	0	0	0.047588	0.000298	0.047588	0.000298	0.872962	0.005467
66	G	4345	586233	544319	0.007982	430087	460	586233	2349	1359467	1266228	0.001855	23493	124	1359034	0	0	0	nan	0	0	0	0.006127	0.000127	0.006127	0.000127	0.112395	0.002330
67	G	2993	586233	535880	0.005585	429366	460	586233	2208	1357542	1233197	0.001790	23485	121	1357108	0	0	0	nan	0	0	0	0.003795	0.000109	0.003795	0.000109	0.069616	0.002000
68	A	31680	586233	542603	0.058385	428904	460	586233	1105	1357084	1233597	0.000896	23469	121	1356651	0	0	0	nan	0	0	0	0.057489	0.000329	0.057489	0.000329	1.054587	0.006035
69	C	42584	586233	556966	0.076457	428850	460	586233	1044	1356814	1245138	0.000838	23468	121	1356380	0	0	0	nan	0	0	0	0.075619	0.000371	0.075619	0.000371	1.387167	0.006806
70	G	3471	586233	562957	0.006166	428777	460	586233	2360	1356461	1255268	0.001880	23411	117	1356023	0	0	0	nan	0	0	0	0.004286	0.000112	0.004286	0.000112	0.078623	0.002055
71	G	6626	586233	561433	0.011802	428495	460	586233	9572	1356160	1255889	0.007622	23344	117	1355721	0	0	0	nan	0	0	0	0.004180	0.000165	0.004180	0.000165	0.076679	0.003027
72	C	8582	586233	560272	0.015318	428151	460	586233	5239	1355867	1269294	0.004127	23265	117	1355430	0	0	0	nan	0	0	0	0.011190	0.000175	0.011190	0.000175	0.205271	0.003210
73	C	12800	586233	563094	0.022732	427663	459	586233	1817	1354358	1273789	0.001426	12442	117	1353989	0	0	0	nan	0	0	0	0.021305	0.000204	0.021305	0.000204	0.390822	0.003742
74	G	2918	586233	554231	0.005265	427212	459	586233	1637	1353172	1263471	0.001296	8214	115	1352837	0	0	0	nan	0	0	0	0.003969	0.000103	0.003969	0.000103	0.072808	0.001889
75	U	6361	586233	541410	0.011749	426829	459	586233	1054	1352336	1252152	0.000842	7206	110	1352020	0	0	0	nan	0	0	0	0.010907	0.000150	0.010907	0.000150	0.200080	0.002752
76	A	43577	586233	549805	0.079259	426499	458	586233	920	1351616	1262183	0.000729	6326	110	1351314	0	0	0	nan	0	0	0	0.078530	0.000380	0.078530	0.000380	1.440566	0.006971
77	U	9526	586233	552593	0.017239	426573	458	586233	998	1351098	1259175	0.000793	5571	109	1350823	0	0	0	nan	0	0	0	0.016446	0.000178	0.016446	0.000178	0.301688	0.003265
78	G	6041	586233	548581	0.011012	426406	458	586233	1272	1350304	1251811	0.001016	4886	109	1350045	0	0	0	nan	0	0	0	0.009996	0.000145	0.009996	0.000145	0.183368	0.002660
79	A	38304	586233	546773	0.070055	426263	458	586233	1046	1349951	1247954	0.000838	4773	108	1349696	0	0	0	nan	0	0	0	0.069216	0.000359	0.069216	0.000359	1.269709	0.006586
80	A	23219	586233	549476	0.042257	426200	458	586233	1047	1349624	1263846	0.000828	4666	108	1349369	0	0	0	nan	0	0	0	0.041428	0.000278	0.041428	0.000278	0.759962	0.005100
81	G	2664	586233	549734	0.004846	426339	458	586233	2009	1349188	1279374	0.001570	4612	107	1348935	0	0	0	nan	0	0	0	0.003276	0.000100	0.003276	0.000100	0.060095	0.001834
82	G	6552	586233	550186	0.011909	426073	458	586233	6674	1348829	1288688	0.005179	4588	107	1348575	0	0	0	nan	0	0	0	0.006730	0.000160	0.006730	0.000160	0.123456	0.002935
83	C	18550	586233	549216	0.033775	425762	458	586233	3676	1348458	1289144	0.002852	4554	107	1348204	0	0	0	nan	0	0	0	0.030924	0.000252	0.030924	0.000252	0.567275	0.004623
84	A	42306	586233	553751	0.076399	425634	459	586233	872	1348238	1277156	0.000683	4539	107	1347984	0	0	0	nan	0	0	0	0.075716	0.000372	0.075716	0.000372	1.388946	0.006824
85	U	8937	586233	554413	0.016120	425413	459	586233	2478	1347730	1267885	0.001954	4538	107	1347476	0	0	0	nan	0	0	0	0.014165	0.000175	0.014165	0.000175	0.259845	0.003210
86	C	34583	586233	557340	0.062050	425243	459	586233	889	1347389	1257516	0.000707	4536	107	1347136	0	0	0	nan	0	0	0	0.061343	0.000335	0.061343	0.000335	1.125285	0.006145
87	G	6415	586233	560718	0.011441	425079	459	586233	7815	1347119	1268828	0.006159	4536	107	1346865	0	0	0	nan	0	0	0	0.005281	0.000159	0.005281	0.000159	0.096875	0.002917
88	C	10197	586233	562882	0.018116	424873	459	586233	3788	1346666	1266132	0.002992	4533	106	1346409	0	0	0	nan	0	0	0	0.015124	0.000186	0.015124	0.000186	0.277437	0.003412
89	C	4854	586233	564076	0.008605	424671	459	586233	1882	1346395	1277000	0.001474	4529	101	1346137	0	0	0	nan	0	0	0	0.007131	0.000128	0.007131	0.000128	0.130812	0.002348
90	G	3506	586233	561810	0.006241	424558	459	586233	2294	1346197	1270527	0.001806	4525	101	1345939	0	0	0	nan	0	0	0	0.004435	0.000112	0.004435	0.000112	0.081356	0.002055
91	U	4117	586233	559727	0.007355	424291	459	586233	1650	1345933	1257349	0.001312	4517	98	1345675	0	0	0	nan	0	0	0	0.006043	0.000119	0.006043	0.000119	0.110854	0.002183
92	G	9559	586233	559888	0.017073	424026	460	586233	3675	1345390	1245583	0.002950	4511	98	1345132	0	0	0	nan	0	0	0	0.014123	0.000181	0.014123	0.000181	0.259074	0.003320
93	U	11303	586233	560004	0.020184	423726	460	586233	1869	1344646	1251198	0.001494	4509	98	1344388	0	0	0	nan	0	0	0	0.018690	0.000193	0.018690	0.000193	0.342852	0.003540
94	U	8355	586233	559549	0.014932	423750	467	586233	1432	1343793	1271547	0.001126	4507	98	1343534	0	0	0	nan	0	0	0	0.013805	0.000166	0.013805	0.000166	0.253241	0.003045
95	C	34683	586233	550203	0.063037	423220	467	586233	1111	1343037	1254004	0.000886	4507	94	1342777	0	0	0	nan	0	0	0	0.062151	0.000340	0.062151	0.000340	1.140107	0.006237
96	G	3393	586233	543294	0.006245	422878	466	586233	1962	1341777	1221843	0.001606	4502	90	1341514	0	0	0	nan	0	0	0	0.004639	0.000113	0.004639	0.000113	0.085099	0.002073
97	A	11650	586233	546237	0.021328	422535	466	586233	720	1341063	1218126	0.000591	4499	90	1340799	0	0	0	nan	0	0	0	0.020737	0.000199	0.020737	0.000199	0.380403	0.003650
98	C	6968	586233	545865	0.012765	422459	466	586233	1867	1340742	1229656	0.001518	4499	90	1340477	0	0	0	nan	0	0	0	0.011247	0.000157	0.011247	0.000157	0.206317	0.002880
99	G	2786	586233	548482	0.005079	422403	466	586233	2642	1340349	1241451	0.002128	4498	88	1340085	0	0	0	nan	0	0	0	0.002951	0.000105	0.002951	0.000105	0.054134	0.001926
100	G	5723	586233	543088	0.010538	422283	465	586233	5669	1339895	1238441	0.004578	4497	86	1339630	0	0	0	nan	0	0	0	0.005960	0.000152	0.005960	0.000152	0.109331	0.002788
101	C	71847	586233	530737	0.135372	422186	465	586233	29639	1339459	1239662	0.023909	4491	86	1339193	0	0	0	nan	0	0	0	0.111463	0.000524	0.111463	0.000524	2.044694	0.009612
102	A	18928	586233	512376	0.036942	422070	464	586233	2906	1338940	1252240	0.002321	4478	84	1338673	0	0	0	nan	0	0	0	0.034621	0.000272	0.034621	0.000272	0.635093	0.004990
103	A	19697	586233	531581	0.037054	421907	465	586233	1005	1338317	1256493	0.000800	4475	84	1338049	0	0	0	nan	0	0	0	0.036254	0.000265	0.036254	0.000265	0.665049	0.004861
104	A	23696	586233	547159	0.043307	421637	465	586233	568	1337336	1228154	0.000462	4470	84	1337067	0	0	0	nan	0	0	0	0.042845	0.000282	0.042845	0.000282	0.785955	0.005173
105	A	7332	586233	544528	0.013465	421323	465	586233	709	1335957	1222853	0.000580	4468	84	1335688	0	0	0	nan	0	0	0	0.012885	0.000159	0.012885	0.000159	0.236364	0.002917
106	A	24790	586233	544828	0.045501	420884	465	586233	1123	1334486	1216616	0.000923	4464	84	1334217	0	0	0	nan	0	0	0	0.044578	0.000290	0.044578	0.000290	0.817746	0.005320
107	G	4391	586233	543287	0.008082	420086	466	586233	1210	1332530	1220735	0.000991	4461	84	1332260	0	0	0	nan	0	0	0	0.007091	0.000125	0.007091	0.000125	0.130078	0.002293
108	A	22029	586233	539512	0.040831	419732	466	586233	1167	1331232	1212171	0.000963	4451	83	1330962	0	0	0	nan	0	0	0	0.039869	0.000277	0.039869	0.000277	0.731363	0.005081
109	U	6218	586233	538845	0.011539	419265	467	586233	1730	1329804	1219379	0.001419	4449	81	1329534	0	0	0	nan	0	0	0	0.010121	0.000150	0.010121	0.000150	0.185661	0.002752
110	C	19475	586233	532331	0.036584	419136	467	586233	1425	1328936	1221588	0.001167	4441	80	1328668	0	0	0	nan	0	0	0	0.035418	0.000264	0.035418	0.000264	0.649713	0.004843
111	A	21870	586233	541616	0.040379	418880	467	586233	1380	1328407	1229919	0.001122	4432	80	1328140	0	0	0	nan	0	0	0	0.039257	0.000275	0.039257	0.000275	0.720136	0.005045
112	C	35366	586233	536494	0.065921	418686	467	586233	780	1328012	1224454	0.000637	4418	80	1327744	0	0	0	nan	0	0	0	0.065284	0.000351	0.065284	0.000351	1.197580	0.006439
113	U	7928	586233	533937	0.014848	418481	467	586233	1436	1327430	1236718	0.001161	4412	80	1327162	0	0	0	nan	0	0	0	0.013687	0.000170	0.013687	0.000170	0.251076	0.003119
114	G	3876	586233	532268	0.007282	418282	466	586233	1743	1327150	1247263	0.001397	4370	75	1326883	0	0	0	nan	0	0	0	0.005885	0.000122	0.005885	0.000122	0.107955	0.002238
115	U	5833	586233	524848	0.011114	417629	465	586233	1173	1326714	1248415	0.000940	4330	69	1326447	0	0	0	nan	0	0	0	0.010174	0.000148	0.010174	0.000148	0.186633	0.002715
116	A	16241	586233	521065	0.031169	416000	456	586233	856	1326353	1244508	0.000688	4325	67	1326084	0	0	0	nan	0	0	0	0.030481	0.000246	0.030481	0.000246	0.559148	0.004513
117	A	46217	586233	533108	0.086694	416130	459	586233	1068	1325937	1241151	0.000860	4333	66	1325664	0	0	0	nan	0	0	0	0.085833	0.000404	0.085833	0.000404	1.574534	0.007411
118	C	26785	586233	537319	0.049849	415890	459	586233	703	1325578	1253424	0.000561	4329	66	1325305	0	0	0	nan	0	0	0	0.049288	0.000305	0.049288	0.000305	0.904147	0.005595
119	A	28280	586233	538815	0.052486	415620	459	586233	1222	1324760	1265663	0.000966	4327	64	1324487	0	0	0	nan	0	0	0	0.051520	0.000313	0.051520	0.000313	0.945091	0.005742
120	G	6172	586233	535954	0.011516	415551	460	586233	4844	1324145	1238081	0.003913	4328	65	1323869	0	0	0	nan	0	0	0	0.007603	0.000157	0.007603	0.000157	0.139471	0.002880
121	G	3071	586233	533133	0.005760	415315	460	586233	2916	1323401	1212098	0.002406	4319	64	1323126	0	0	0	nan	0	0	0	0.003355	0.000113	0.003355	0.000113	0.061545	0.002073
122	G	1977	586233	527207	0.003750	415143	460	586233	2373	1322846	1193050	0.001989	4312	63	1322570	0	0	0	nan	0	0	0	0.001761	0.000094	0.001761	0.000094	0.032304	0.001724
123	A	9560	586233	534056	0.017901	414911	460	586233	2266	1322366	1206449	0.001878	4309	62	1322090	0	0	0	nan	0	0	0	0.016023	0.000187	0.016023	0.000187	0.293928	0.003430
124	C	28661	586233	543158	0.052767	414858	459	586233	2823	1322026	1223469	0.002307	4306	60	1321750	0	0	0	nan	0	0	0	0.050460	0.000315	0.050460	0.000315	0.925646	0.005778
125	C	21615	586233	547974	0.039445	414632	459	586233	1670	1321604	1242885	0.001344	4301	60	1321327	0	0	0	nan	0	0	0	0.038102	0.000270	0.038102	0.000270	0.698949	0.004953
126	C	27738	586233	544275	0.050963	414453	459	586233	1568	1321193	1238023	0.001267	4150	54	1320916	0	0	0	nan	0	0	0	0.049697	0.000308	0.049697	0.000308	0.911649	0.005650
127	U	7307	586233	540929	0.013508	414254	459	586233	2099	1320803	1243943	0.001687	4135	51	1320526	0	0	0	nan	0	0	0	0.011821	0.000162	0.011821	0.000162	0.216846	0.002972
128	G	6434	586233	538877	0.011940	414058	460	586233	1827	1320143	1246423	0.001466	4127	49	1319867	0	0	0	nan	0	0	0	0.010474	0.000153	0.010474	0.000153	0.192137	0.002807
129	U	7457	586233	538036	0.013860	413885	460	586233	1296	1319434	1233641	0.001051	4114	45	1319158	0	0	0	nan	0	0	0	0.012809	0.000163	0.012809	0.000163	0.234970	0.002990
130	G	5379	586233	535192	0.010051	413678	460	586233	3180	1318261	1210398	0.002627	4113	42	1317984	0	0	0	nan	0	0	0	0.007423	0.000145	0.007423	0.000145	0.136169	0.002660
131	G	5727	586233	526950	0.010868	413607	460	586233	5786	1316061	1181164	0.004899	4104	40	1315781	0	0	0	nan	0	0	0	0.005970	0.000157	0.005970	0.000157	0.109515	0.002880
132	G	2301	586233	495412	0.004645	412983	460	586233	1892	1313499	1193178	0.001586	4102	37	1313218	0	0	0	nan	0	0	0	0.003059	0.000103	0.003059	0.000103	0.056115	0.001889
133	U	3320	586233	482278	0.006884	412289	460	586233	1522	1311799	1197754	0.001271	4098	37	1311519	0	0	0	nan	0	0	0	0.005613	0.000124	0.005613	0.000124	0.102966	0.002275
134	A	21439	586233	457569	0.046854	411886	460	586233	1036	1310166	1206966	0.000858	4094	37	1309884	0	0	0	nan	0	0	0	0.045996	0.000321	0.045996	0.000321	0.843758	0.005888
135	C	23242	586233	456162	0.050951	410951	460	586233	665	1309301	1190130	0.000559	4093	35	1309019	0	0	0	nan	0	0	0	0.050392	0.000335	0.050392	0.000335	0.924399	0.006145
136	A	22489	586233	414540	0.054250	410503	463	586233	836	1308378	1184268	0.000706	4072	35	1308096	0	0	0	nan	0	0	0	0.053545	0.000363	0.053545	0.000363	0.982238	0.006659
137	U	4438	586233	406577	0.010916	409990	462	586233	1197	1307220	1196469	0.001000	4070	35	1306938	0	0	0	nan	0	0	0	0.009915	0.000166	0.009915	0.000166	0.181882	0.003045
138	G	2119	586233	331691	0.006388	409170	462	586233	2690	1306433	1204527	0.002233	4067	34	1306151	0	0	0	nan	0	0	0	0.004155	0.000145	0.004155	0.000145	0.076220	0.002660
139	A	26450	586233	335919	0.078739	407640	460	586233	1334	1305477	1213819	0.001099	4064	32	1305195	0	0	0	nan	0	0	0	0.077640	0.000485	0.077640	0.000485	1.424240	0.008897
140	G	1703	586233	272814	0.006242	406764	459	586233	2187	1304119	1194327	0.001831	4064	30	1303837	0	0	0	nan	0	0	0	0.004411	0.000156	0.004411	0.000156	0.080916	0.002862
141	G	1292	586233	281363	0.004592	405221	458	586233	1813	1302724	1170532	0.001549	4062	29	1302442	0	0	0	nan	0	0	0	0.003043	0.000133	0.003043	0.000133	0.055821	0.002440
142	A	10619	586233	229604	0.046249	404412	458	586233	1035	1301884	1156625	0.000895	4058	27	1301602	0	0	0	nan	0	0	0	0.045354	0.000450	0.045354	0.000450	0.831981	0.008255
143	U	4809	586233	250941	0.019164	403721	456	586233	2052	1300150	1157856	0.001772	4054	25	1299869	0	0	0	nan	0	0	0	0.017392	0.000279	0.017392	0.000279	0.319042	0.005118
144	C	26853	586233	263997	0.101717	403409	455	586233	1288	1298532	1180961	0.001091	4058	25	1298247	0	0	0	nan	0	0	0	0.100626	0.000621	0.100626	0.000621	1.845899	0.011392
145	A	22717	586233	350824	0.064753	402681	455	586233	1143	1296710	1195942	0.000956	4054	25	1296425	0	0	0	nan	0	0	0	0.063798	0.000431	0.063798	0.000431	1.170320	0.007906
146	C	8813	586233	382440	0.023044	401966	453	586233	3687	1295372	1193043	0.003090	4049	25	1295087	0	0	0	nan	0	0	0	0.019954	0.000251	0.019954	0.000251	0.366039	0.004604
147	C	5153	586233	348599	0.014782	400821	451	586233	1692	1294312	1191072	0.001421	4034	25	1294026	0	0	0	nan	0	0	0	0.013361	0.000209	0.013361	0.000209	0.245096	0.003834
148	C	5178	586233	291701	0.017751	399399	451	586233	1832	1293370	1181385	0.001551	4032	25	1293083	0	0	0	nan	0	0	0	0.016200	0.000249	0.016200	0.000249	0.297175	0.004568
149	A	7382	586233	269795	0.027362	399034	449	586233	918	1292876	1171953	0.000783	4023	25	1292591	0	0	0	nan	0	0	0	0.026578	0.000320	0.026578	0.000320	0.487551	0.005870
150	U	2428	586233	274925	0.008831	398748	449	586233	1593	1292563	1178366	0.001352	4008	25	1292280	0	0	0	nan	0	0	0	0.007480	0.000182	0.007480	0.000182	0.137214	0.003339
151	G	1634	586233	275395	0.005933	398464	449	586233	1351	1292375	1190413	0.001135	4007	25	1292092	0	0	0	nan	0	0	0	0.004798	0.000150	0.004798	0.000150	0.088015	0.002752
152	U	3586	586233	299730	0.011964	398269	449	586233	4319	1292142	1211932	0.003564	4005	23	1291859	0	0	0	nan	0	0	0	0.008400	0.000207	0.008400	0.000207	0.154091	0.003797
153	A	14487	586233	331810	0.043661	397914	449	586233	825	1291653	1223049	0.000675	4004	20	1291369	0	0	0	nan	0	0	0	0.042986	0.000364	0.042986	0.000364	0.788542	0.006677
154	A	13337	586233	380988	0.035006	397553	449	586233	745	1290987	1222447	0.000609	4004	16	1290703	0	0	0	nan	0	0	0	0.034397	0.000304	0.034397	0.000304	0.630984	0.005577
155	C	17809	586233	362689	0.049103	397058	447	586233	784	1289945	1215889	0.000645	4003	16	1289661	0	0	0	nan	0	0	0	0.048458	0.000369	0.048458	0.000369	0.888921	0.006769
156	G	1804	586233	325522	0.005542	397257	448	586233	2575	1288698	1164817	0.002211	3999	15	1288414	0	0	0	nan	0	0	0	0.003331	0.000138	0.003331	0.000138	0.061104	0.002531
157	G	3693	586233	278420	0.013264	396112	444	586233	6065	1286744	1155536	0.005249	3997	15	1286460	0	0	0	nan	0	0	0	0.008015	0.000228	0.008015	0.000228	0.147028	0.004182
158	C	6634	586233	273076	0.024294	395592	440	586233	3300	1285966	1139041	0.002897	3968	15	1285684	0	0	0	nan	0	0	0	0.021396	0.000303	0.021396	0.000303	0.392492	0.005558
159	A	5164	586233	306720	0.016836	395145	426	586233	768	1285001	1154696	0.000665	3955	14	1284716	0	0	0	nan	0	0	0	0.016171	0.000236	0.016171	0.000236	0.296643	0.004329
160	A	21666	586233	311821	0.069482	394589	416	586233	965	1284364	1153517	0.000837	3949	13	1284079	0	0	0	nan	0	0	0	0.068646	0.000473	0.068646	0.000473	1.259253	0.008677
161	C	42623	586233	320152	0.133134	394216	383	586233	4025	1283879	1173730	0.003429	3946	13	1283593	0	0	0	nan	0	0	0	0.129704	0.000647	0.129704	0.000647	2.379310	0.011869
162	A	13611	586233	318921	0.042678	394077	340	586233	1511	1283143	1145994	0.001319	3939	8	1282856	0	0	0	nan	0	0	0	0.041360	0.000367	0.041360	0.000367	0.758714	0.006732
163	A	17353	586233	409693	0.042356	392953	335	586233	1615	1281375	1128860	0.001431	3935	6	1281088	0	0	0	nan	0	0	0	0.040925	0.000324	0.040925	0.000324	0.750734	0.005944
164	A	11978	586233	364182	0.032890	391754	330	586233	569	1280013	1099735	0.000517	3932	6	1279725	0	0	0	nan	0	0	0	0.032373	0.000301	0.032373	0.000301	0.593855	0.005522
165	A	17023	586233	348346	0.048868	390812	328	586233	715	1279000	1116279	0.000641	3933	6	1278713	0	0	0	nan	0	0	0	0.048228	0.000375	0.048228	0.000375	0.884702	0.006879
166	U	4391	586233	312795	0.014038	390297	323	586233	1168	1277892	1104455	0.001058	3930	6	1277606	0	0	0	nan	0	0	0	0.012980	0.000214	0.012980	0.000214	0.238107	0.003926
167	U	3594	586233	307144	0.011701	389660	315	586233	700	1276650	1123190	0.000623	3929	6	1276363	0	0	0	nan	0	0	0	0.011078	0.000197	0.011078	0.000197	0.203217	0.003614
168	A	16257	586233	271573	0.059862	389432	314	586233	1306	1275920	1138741	0.001147	3927	7	1275633	0	0	0	nan	0	0	0	0.058715	0.000471	0.058715	0.000471	1.077077	0.008640
169	U	3984	586233	300374	0.013263	388909	313	586233	2135	1275129	1173523	0.001819	3914	7	1274841	0	0	0	nan	0	0	0	0.011444	0.000214	0.011444	0.000214	0.209930	0.003926
170	C	11484	586233	313461	0.036636	388333	310	586233	1023	1274119	1172774	0.000872	3915	7	1273826	0	0	0	nan	0	0	0	0.035764	0.000343	0.035764	0.000343	0.656060	0.006292
171	G	3317	586233	345925	0.009589	387299	309	586233	2001	1272650	1159442	0.001726	3917	7	1272353	0	0	0	nan	0	0	0	0.007863	0.000171	0.007863	0.000171	0.144240	0.003137
172	A	23228	586233	368312	0.063066	386356	309	586233	834	1271396	1159929	0.000719	3902	7	1271096	0	0	0	nan	0	0	0	0.062347	0.000415	0.062347	0.000415	1.143703	0.007613
173	C	14635	586233	385820	0.037932	385629	308	586233	794	1270196	1163447	0.000682	3897	7	1269896	0	0	0	nan	0	0	0	0.037250	0.000314	0.037250	0.000314	0.683320	0.005760
174	G	2063	586233	361194	0.005712	384328	278	586233	3296	1267857	1160865	0.002839	3891	7	1267557	0	0	0	nan	0	0	0	0.002872	0.000135	0.002872	0.000135	0.052684	0.002476
175	A	28607	586233	359885	0.079489	383571	273	586233	797	1265269	1123341	0.000709	3877	7	1264969	0	0	0	nan	0	0	0	0.078780	0.000471	0.078780	0.000471	1.445152	0.008640
176	G	4665	586233	354397	0.013163	382636	254	586233	9488	1262353	1095042	0.008665	3874	7	1262051	0	0	0	nan	0	0	0	0.004499	0.000212	0.004499	0.000212	0.082530	0.003889
177	C	21526	586233	395095	0.054483	381711	244	586233	2050	1259561	1080396	0.001897	3871	7	1259261	0	0	0	nan	0	0	0	0.052586	0.000374	0.052586	0.000374	0.964646	0.006861
178	G	3841	586233	423827	0.009063	380890	244	586233	6055	1257694	1087340	0.005569	3869	7	1257395	0	0	0	nan	0	0	0	0.003494	0.000163	0.003494	0.000163	0.064094	0.002990
179	C	12860	586233	448351	0.028683	379832	244	586233	3891	1256028	1025027	0.003796	3868	7	1255728	0	0	0	nan	0	0	0	0.024887	0.000260	0.024887	0.000260	0.456531	0.004769
180	C	8434	586233	421469	0.020011	378206	244	586233	1097	1254205	1031579	0.001063	3865	7	1253904	0	0	0	nan	0	0	0	0.018948	0.000220	0.018948	0.000220	0.347585	0.004036
181	U	4817	586233	400050	0.012041	376707	242	586233	1774	1253417	1046571	0.001695	3865	7	1253113	0	0	0	nan	0	0	0	0.010346	0.000178	0.010346	0.000178	0.189789	0.003265
182	G	2018	586233	343430	0.005876	375768	235	586233	1882	1252904	1095587	0.001718	3863	7	1252596	0	0	0	nan	0	0	0	0.004158	0.000137	0.004158	0.000137	0.076275	0.002513
183	A	24540	586233	338448	0.072507	374988	230	586233	1057	1252356	1119912	0.000944	3835	7	1252049	0	0	0	nan	0	0	0	0.071564	0.000464	0.071564	0.000464	1.312781	0.008512
184	U	4875	586233	341706	0.014267	374771	230	586233	2381	1252009	1128104	0.002111	3830	7	1251702	0	0	0	nan	0	0	0	0.012156	0.000209	0.012156	0.000209	0.222992	0.003834
185	C	23985	586233	389206	0.061625	374272	230	586233	1175	1251632	1151600	0.001020	3827	7	1251331	0	0	0	nan	0	0	0	0.060605	0.000399	0.060605	0.000399	1.111747	0.007319
186	A	15662	586233	433622	0.036119	374054	230	586233	827	1251005	1173134	0.000705	3824	7	1250702	0	0	0	nan	0	0	0	0.035414	0.000290	0.035414	0.000290	0.649640	0.005320
187	A	25211	586233	470986	0.053528	373797	218	586233	1840	1249814	1172354	0.001569	3824	7	1249512	0	0	0	nan	0	0	0	0.051959	0.000339	0.051959	0.000339	0.953144	0.006219
188	C	11451	586233	479098	0.023901	373512	217	586233	2841	1248583	1137210	0.002498	3823	7	1248281	0	0	0	nan	0	0	0	0.021403	0.000228	0.021403	0.000228	0.392620	0.004182
189	C	12577	586233	521202	0.024131	372925	216	586233	1654	1246149	1105918	0.001496	3823	7	1245845	0	0	0	nan	0	0	0	0.022635	0.000218	0.022635	0.000218	0.415220	0.003999
190	C	8834	586233	506769	0.017432	372415	217	586233	1761	1243762	1075630	0.001637	3823	7	1243458	0	0	0	nan	0	0	0	0.015795	0.000190	0.015795	0.000190	0.289746	0.003485
191	C	15105	586233	492711	0.030657	372151	285	586233	2098	1241395	1085733	0.001932	3891	7	1241082	0	0	0	nan	0	0	0	0.028725	0.000253	0.028725	0.000253	0.526936	0.004641
192	G	2582	586233	396669	0.006509	371154	287	586233	1633	1238050	1022335	0.001597	3843	7	1237738	0	0	0	nan	0	0	0	0.004912	0.000134	0.004912	0.000134	0.090106	0.002458
193	A	29324	586233	417999	0.070153	370354	286	586233	813	1234847	1038508	0.000783	3825	7	1234536	0	0	0	nan	0	0	0	0.069370	0.000411	0.069370	0.000411	1.272534	0.007539
194	C	24375	586233	424891	0.057368	369596	284	586233	1498	1232382	1017261	0.001473	3820	7	1232070	0	0	0	nan	0	0	0	0.055895	0.000369	0.055895	0.000369	1.025346	0.006769
195	G	2476	586233	494182	0.005010	368951	283	586233	2369	1228984	1048504	0.002259	3812	7	1228672	0	0	0	nan	0	0	0	0.002751	0.000111	0.002751	0.000111	0.050465	0.002036
196	G	3807	586233	486636	0.007823	368224	283	586233	5690	1226485	1045171	0.005444	3809	7	1226172	0	0	0	nan	0	0	0	0.002379	0.000146	0.002379	0.000146	0.043641	0.002678
197	C	20097	586233	411390	0.048851	367685	283	586233	4483	1223594	1015884	0.004413	3809	7	1223281	0	0	0	nan	0	0	0	0.044439	0.000351	0.044439	0.000351	0.815196	0.006439
198	U	5378	586233	425588	0.012637	367170	283	586233	3810	1221200	1040413	0.003662	3808	7	1220887	0	0	0	nan	0	0	0	0.008975	0.000182	0.008975	0.000182	0.164639	0.003339
199	C	19278	586233	436055	0.044210	366770	283	586233	3661	1219691	1024820	0.003572	3810	7	1219373	0	0	0	nan	0	0	0	0.040638	0.000324	0.040638	0.000324	0.745470	0.005944
200	C	19755	586233	518819	0.038077	366213	283	586233	4556	1217463	1035125	0.004401	3815	7	1217144	0	0	0	nan	0	0	0	0.033675	0.000279	0.033675	0.000279	0.617739	0.005118
201	C	25172	586233	474680	0.053029	365544	283	586233	2084	1215709	1033635	0.002016	3819	7	1215390	0	0	0	nan	0	0	0	0.051013	0.000337	0.051013	0.000337	0.935790	0.006182
202	U	5526	586233	465290	0.011876	364789	283	586233	1407	1214033	1014463	0.001387	3847	7	1213708	0	0	0	nan	0	0	0	0.010490	0.000164	0.010490	0.000164	0.192430	0.003008
203	G	8916	586233	464068	0.019213	364296	283	586233	7443	1212544	1022414	0.007280	3978	7	1212200	0	0	0	nan	0	0	0	0.011933	0.000220	0.011933	0.000220	0.218901	0.004036
204	C	23216	586233	471761	0.049211	363959	283	586233	2109	1212103	1052850	0.002003	4577	7	1211693	0	0	0	nan	0	0	0	0.047208	0.000326	0.047208	0.000326	0.865991	0.005980
205	U	6406	586233	474898	0.013489	363629	282	586233	1314	1211658	1073325	0.001224	5469	7	1211138	0	0	0	nan	0	0	0	0.012265	0.000172	0.012265	0.000172	0.224991	0.003155
206	G	5902	586233	479881	0.012299	363390	282	586233	3651	1211089	1089765	0.003350	7010	7	1210412	0	0	0	nan	0	0	0	0.008949	0.000169	0.008949	0.000169	0.164162	0.003100
207	U	6166	586233	492799	0.012512	363071	282	586233	2008	1210413	1090521	0.001841	7670	7	1209581	0	0	0	nan	0	0	0	0.010671	0.000165	0.010671	0.000165	0.195750	0.003027
208	U	4421	586233	501433	0.008817	362189	282	586233	3312	1209354	1105456	0.002996	11571	7	1208146	0	0	0	nan	0	0	0	0.005821	0.000142	0.005821	0.000142	0.106781	0.002605
209	C	20699	586233	502220	0.041215	361696	282	586233	1078	1208880	1097406	0.000982	25147	7	1206262	0	0	0	nan	0	0	0	0.040233	0.000288	0.040233	0.000288	0.738040	0.005283
210	C	27673	586233	505805	0.054711	360508	281	586233	1072	1206354	1060476	0.001011	25193	7	1203735	0	0	0	nan	0	0	0	0.053700	0.000330	0.053700	0.000330	0.985081	0.006054
211	G	3600	586233	420752	0.008556	359401	280	586233	3519	1201951	995061	0.003536	25558	7	1199313	0	0	0	nan	0	0	0	0.005020	0.000155	0.005020	0.000155	0.092088	0.002843
212	A	34327	586233	418290	0.082065	358237	279	586233	1238	1196692	960159	0.001289	25472	7	1194083	0	0	0	nan	0	0	0	0.080776	0.000444	0.080776	0.000444	1.481767	0.008145
213	G	2511	586233	408421	0.006148	357466	277	586233	1120	1194096	964624	0.001161	25511	7	1191484	0	0	0	nan	0	0	0	0.004987	0.000128	0.004987	0.000128	0.091482	0.002348
214	U	5562	586233	454530	0.012237	356242	277	586233	786	1191325	930371	0.000845	25499	7	1188713	0	0	0	nan	0	0	0	0.011392	0.000167	0.011392	0.000167	0.208977	0.003063
215	A	20369	586233	454142	0.044852	355408	277	586233	924	1185294	917946	0.001007	25492	7	1182682	0	0	0	nan	0	0	0	0.043845	0.000316	0.043845	0.000316	0.804299	0.005797
216	A	32364	586233	477828	0.067731	354337	277	586233	1037	1181474	908400	0.001142	25486	7	1178862	0	0	0	nan	0	0	0	0.066590	0.000378	0.066590	0.000378	1.221537	0.006934
217	C	28005	586233	471123	0.059443	353467	276	586233	694	1178318	919815	0.000754	25485	7	1175706	0	0	0	nan	0	0	0	0.058689	0.000356	0.058689	0.000356	1.076600	0.006531
218	C	20496	586233	469961	0.043612	352392	277	586233	632	1174363	941037	0.000672	25486	7	1171751	0	0	0	nan	0	0	0	0.042941	0.000306	0.042941	0.000306	0.787716	0.005613
219	A	16325	586233	444231	0.036749	350728	278	586233	776	1170581	924720	0.000839	25495	7	1167967	0	0	0	nan	0	0	0	0.035910	0.000289	0.035910	0.000289	0.658739	0.005301
220	U	6974	586233	443789	0.015715	349715	278	586233	1811	1167548	925339	0.001957	25490	7	1164934	0	0	0	nan	0	0	0	0.013758	0.000194	0.013758	0.000194	0.252379	0.003559
221	C	15186	586233	447991	0.033898	348875	278	586233	675	1164636	954224	0.000707	25487	6	1162022	0	0	0	nan	0	0	0	0.033191	0.000276	0.033191	0.000276	0.608861	0.005063
222	A	7642	586233	458287	0.016675	347329	278	586233	758	1159765	932307	0.000813	25482	6	1157150	0	0	0	nan	0	0	0	0.015862	0.000193	0.015862	0.000193	0.290975	0.003540
223	A	28386	586233	476169	0.059613	344731	278	586233	908	1153671	963137	0.000943	25482	6	1151056	0	0	0	nan	0	0	0	0.058671	0.000355	0.058671	0.000355	1.076270	0.006512
224	C	22158	586233	482027	0.045968	342897	278	586233	513	1146933	953844	0.000538	25482	6	1144316	0	0	0	nan	0	0	0	0.045431	0.000310	0.045431	0.000310	0.833393	0.005687
225	G	2908	586233	473143	0.006146	340043	278	586233	1974	1138141	880096	0.002243	25475	6	1135525	0	0	0	nan	0	0	0	0.003903	0.000125	0.003903	0.000125	0.071597	0.002293
226	G	2194	586233	358980	0.006112	336575	279	586233	2445	1127097	792461	0.003085	25454	6	1124485	0	0	0	nan	0	0	0	0.003026	0.000145	0.003026	0.000145	0.055509	0.002660
227	A	24386	586233	354638	0.068763	333868	278	586233	883	1121053	745333	0.001185	25447	6	1118441	0	0	0	nan	0	0	0	0.067578	0.000442	0.067578	0.000442	1.239661	0.008108
228	G	3045	586233	336911	0.009038	333082	278	586233	917	1117032	760238	0.001206	25468	6	1114420	0	0	0	nan	0	0	0	0.007832	0.000169	0.007832	0.000169	0.143671	0.003100
229	U	5390	586233	423457	0.012729	332236	278	586233	1109	1114617	782762	0.001417	25460	6	1112006	0	0	0	nan	0	0	0	0.011312	0.000179	0.011312	0.000179	0.207509	0.003284
230	G	2516	586233	426529	0.005899	331265	278	586233	1103	1111488	821879	0.001342	25455	6	1108875	0	0	0	nan	0	0	0	0.004557	0.000124	0.004557	0.000124	0.083594	0.002275
231	A	27156	586233	473383	0.057366	329900	278	586233	840	1107465	846756	0.000992	25452	5	1104853	0	0	0	nan	0	0	0	0.056374	0.000350	0.056374	0.000350	1.034133	0.006420
232	C	28359	586233	480735	0.058991	329101	278	586233	934	1102215	826771	0.001130	25450	5	1099607	0	0	0	nan	0	0	0	0.057861	0.000352	0.057861	0.000352	1.061411	0.006457
233	C	19026	586233	476880	0.039897	327504	278	586233	1064	1093325	751800	0.001415	25457	5	1090724	0	0	0	nan	0	0	0	0.038482	0.000292	0.038482	0.000292	0.705920	0.005356
234	G	2579	586233	445450	0.005790	325751	278	586233	1606	1081915	651856	0.002464	25456	5	1079339	0	0	0	nan	0	0	0	0.003326	0.000130	0.003326	0.000130	0.061013	0.002385
235	G	5427	586233	412942	0.013142	321699	276	586233	3908	1066690	527953	0.007402	25432	5	1064207	0	0	0	nan	0	0	0	0.005740	0.000214	0.005740	0.000214	0.105295	0.003926
236	C	14248	586233	375781	0.037916	319249	274	586233	2530	1059046	495252	0.005109	25429	5	1056597	0	0	0	nan	0	0	0	0.032807	0.000333	0.032807	0.000333	0.601817	0.006109
237	U	4471	586233	366734	0.012191	316667	273	586233	493	1055010	529984	0.000930	25428	5	1052603	0	0	0	nan	0	0	0	0.011261	0.000187	0.011261	0.000187	0.206574	0.003430
238	G	1783	586233	357199	0.004992	314945	272	586233	1055	1052052	574889	0.001835	25426	5	1049715	0	0	0	nan	0	0	0	0.003156	0.000131	0.003156	0.000131	0.057894	0.002403
239	G	5192	586233	378335	0.013723	312909	272	586233	5713	1049032	667780	0.008555	25426	5	1046735	0	0	0	nan	0	0	0	0.005168	0.000222	0.005168	0.000222	0.094803	0.004072
240	C	61819	586233	390076	0.158479	311302	272	586233	1718	1046383	724976	0.002370	25407	5	1044121	0	0	0	nan	0	0	0	0.156110	0.000640	0.156110	0.000640	2.863706	0.011740
241	G	2321	586233	415305	0.005589	310364	272	586233	1391	1043176	760560	0.001829	25405	5	1040946	0	0	0	nan	0	0	0	0.003760	0.000126	0.003760	0.000126	0.068974	0.002311
242	G	4408	586233	431495	0.010216	308744	272	586233	4001	1039040	763089	0.005243	25405	5	1036822	0	0	0	nan	0	0	0	0.004972	0.000175	0.004972	0.000175	0.091207	0.003210
243	C	6147	586233	417471	0.014724	307356	272	586233	2771	1031053	707446	0.003917	25406	5	1028839	0	0	0	nan	0	0	0	0.010807	0.000202	0.010807	0.000202	0.198245	0.003706
244	U	2023	586233	431893	0.004684	305844	272	586233	745	1022939	668051	0.001115	25407	5	1020733	0	0	0	nan	0	0	0	0.003569	0.000112	0.003569	0.000112	0.065470	0.002055
245	G	2972	586233	419666	0.007082	304818	272	586233	936	1015778	667200	0.001403	25406	5	1013578	0	0	0	nan	0	0	0	0.005679	0.000138	0.005679	0.000138	0.104176	0.002531
246	U	2576	586233	434021	0.005935	303113	272	586233	895	1005776	653978	0.001369	25406	5	1003580	0	0	0	nan	0	0	0	0.004567	0.000126	0.004567	0.000126	0.083778	0.002311
247	G	3094	586233	433457	0.007138	301392	272	586233	2308	991295	657040	0.003513	25408	5	989115	0	0	0	nan	0	0	0	0.003625	0.000148	0.003625	0.000148	0.066498	0.002715
248	C	22501	586233	453426	0.049624	299649	272	586233	876	981439	635243	0.001379	25411	5	979275	0	0	0	nan	0	0	0	0.048245	0.000334	0.048245	0.000334	0.885014	0.006127
249	G	1969	586233	437522	0.004500	296117	272	586233	776	969359	613168	0.001266	25410	5	967212	0	0	0	nan	0	0	0	0.003235	0.000111	0.003235	0.000111	0.059343	0.002036
250	A	7757	586233	383480	0.020228	293246	273	586233	264	956795	483852	0.000546	25410	5	954653	0	0	0	nan	0	0	0	0.019682	0.000232	0.019682	0.000232	0.361050	0.004256
251	A	12316	586233	338972	0.036333	290615	273	586233	333	946537	422571	0.000788	25406	5	944410	0	0	0	nan	0	0	0	0.035545	0.000330	0.035545	0.000330	0.652043	0.006054
252	C	8275	586233	322308	0.025674	288572	273	586233	219	940496	383222	0.000571	25406	5	938373	0	0	0	nan	0	0	0	0.025103	0.000285	0.025103	0.000285	0.460493	0.005228
253	G	4568	586233	342128	0.013352	285976	272	586233	1999	933232	439928	0.004544	25407	5	931121	0	0	0	nan	0	0	0	0.008808	0.000222	0.008808	0.000222	0.161575	0.004072
254	C	5436	586233	351894	0.015448	284023	272	586233	1010	927087	461901	0.002187	25409	5	924979	0	0	0	nan	0	0	0	0.013261	0.000221	0.013261	0.000221	0.243262	0.004054
255	A	23382	586233	365188	0.064027	282048	273	586233	521	921076	540866	0.000963	25409	5	918976	0	0	0	nan	0	0	0	0.063064	0.000421	0.063064	0.000421	1.156856	0.007723
256	U	5072	586233	340945	0.014876	280617	274	586233	493	915572	474329	0.001039	25409	5	913479	0	0	0	nan	0	0	0	0.013837	0.000214	0.013837	0.000214	0.253828	0.003926
257	U	7831	586233	351121	0.022303	278940	272	586233	1191	909916	530587	0.002245	25408	5	907834	0	0	0	nan	0	0	0	0.020058	0.000260	0.020058	0.000260	0.367947	0.004769
258	C	38466	586233	378666	0.101583	277653	272	586233	355	907944	540855	0.000656	25407	5	905867	0	0	0	nan	0	0	0	0.100927	0.000519	0.100927	0.000519	1.851420	0.009521
259	U	6027	586233	409310	0.014725	276696	271	586233	572	907233	573411	0.000998	25407	5	905161	0	0	0	nan	0	0	0	0.013727	0.000194	0.013727	0.000194	0.251810	0.003559
260	G	2806	586233	396236	0.007082	275598	271	586233	1055	902754	552817	0.001908	25408	5	900698	0	0	0	nan	0	0	0	0.005173	0.000146	0.005173	0.000146	0.094894	0.002678
261	G	3844	586233	395521	0.009719	274033	271	586233	2785	898057	531844	0.005236	25407	5	896032	0	0	0	nan	0	0	0	0.004482	0.000186	0.004482	0.000186	0.082218	0.003412
262	C	5910	586233	386749	0.015281	273069	272	586233	1304	900277	525705	0.002480	25116	5	898317	0	0	0	nan	0	0	0	0.012801	0.000210	0.012801	0.000210	0.234824	0.003852
263	G	2728	586233	393703	0.006929	272040	272	586233	1169	903277	513812	0.002275	25113	5	901340	0	0	0	nan	0	0	0	0.004654	0.000148	0.004654	0.000148	0.085374	0.002715
264	A	16908	586233	376224	0.044941	270966	275	586233	246	904741	508212	0.000484	25112	5	902844	0	0	0	nan	0	0	0	0.044457	0.000347	0.044457	0.000347	0.815526	0.006365
265	A	28368	586233	385330	0.073620	269758	275	586233	360	904900	530459	0.000679	25113	5	903027	0	0	0	nan	0	0	0	0.072941	0.000439	0.072941	0.000439	1.338041	0.008053
266	U	3230	586233	385510	0.008379	268681	274	586233	736	905682	554259	0.001328	25115	5	903845	0	0	0	nan	0	0	0	0.007051	0.000155	0.007051	0.000155	0.129345	0.002843
267	U	3437	586233	411125	0.008360	267129	275	586233	1365	903178	602204	0.002267	25115	5	901369	0	0	0	nan	0	0	0	0.006093	0.000155	0.006093	0.000155	0.111771	0.002843
268	C	4742	586233	418271	0.011337	266495	276	586233	534	902125	582002	0.000918	25114	6	900326	0	0	0	nan	0	0	0	0.010420	0.000169	0.010420	0.000169	0.191146	0.003100
269	U	1862	586233	418692	0.004447	265932	277	586233	866	898174	589306	0.001470	25116	41	896381	0	0	0	nan	0	0	0	0.002978	0.000115	0.002978	0.000115	0.054629	0.002110
270	C	7036	586233	409825	0.017168	265349	278	586233	681	896392	574439	0.001186	25116	41	894605	0	0	0	nan	0	0	0	0.015983	0.000210	0.015983	0.000210	0.293195	0.003852
271	A	7750	586233	430260	0.018012	264815	280	586233	435	894518	606164	0.000718	25116	41	892732	0	0	0	nan	0	0	0	0.017295	0.000207	0.017295	0.000207	0.317262	0.003797
272	C	18899	586233	445738	0.042399	264497	281	586233	552	899006	602315	0.000916	25117	41	897226	0	0	0	nan	0	0	0	0.041483	0.000311	0.041483	0.000311	0.760971	0.005705
273	G	2312	586233	456768	0.005062	264142	287	586233	1013	908102	603387	0.001679	25123	41	906338	0	0	0	nan	0	0	0	0.003383	0.000118	0.003383	0.000118	0.062058	0.002165
274	G	4352	586233	427124	0.010189	263539	287	586233	3621	916510	544415	0.006651	25123	43	914761	0	0	0	nan	0	0	0	0.003538	0.000190	0.003538	0.000190	0.064902	0.003485
275	C	29941	586233	418516	0.071541	263199	288	586233	20150	920602	539390	0.037357	25126	43	918864	0	0	0	nan	0	0	0	0.034184	0.000490	0.034184	0.000490	0.627077	0.008989
276	U	3289	586233	418100	0.007867	262914	289	586233	857	930977	537925	0.001593	25136	43	929246	0	0	0	nan	0	0	0	0.006273	0.000148	0.006273	0.000148	0.115073	0.002715
277	U	5301	586233	433888	0.012217	262407	289	586233	483	931873	581778	0.000830	25132	43	930149	0	0	0	nan	0	0	0	0.011387	0.000172	0.011387	0.000172	0.208885	0.003155
278	U	6466	586233	442265	0.014620	261759	289	586233	2219	930016	610174	0.003637	25131	43	928300	0	0	0	nan	0	0	0	0.010984	0.000198	0.010984	0.000198	0.201492	0.003632
279	C	27772	586233	453600	0.061226	260932	289	586233	721	933751	631144	0.001142	25131	43	932044	0	0	0	nan	0	0	0	0.060083	0.000370	0.060083	0.000370	1.102172	0.006787
280	C	21405	586233	468684	0.045670	259436	289	586233	587	932522	649109	0.000904	25131	43	930822	0	0	0	nan	0	0	0	0.044766	0.000314	0.044766	0.000314	0.821194	0.005760
281	G	5669	586233	455431	0.012448	257924	291	586233	4424	929762	633493	0.006984	25132	43	928081	0	0	0	nan	0	0	0	0.005464	0.000196	0.005464	0.000196	0.100232	0.003595
282	C	5384	586233	439322	0.012255	254514	294	586233	1531	922626	622447	0.002460	25134	43	920958	0	0	0	nan	0	0	0	0.009796	0.000178	0.009796	0.000178	0.179699	0.003265
283	C	5139	586233	411814	0.012479	252841	294	586233	744	916861	588608	0.001264	25134	43	915208	0	0	0	nan	0	0	0	0.011215	0.000180	0.011215	0.000180	0.205730	0.003302
284	U	4275	586233	414453	0.010315	251467	297	586233	616	906332	592378	0.001040	25135	44	904697	0	0	0	nan	0	0	0	0.009275	0.000163	0.009275	0.000163	0.170142	0.002990
285	G	1794	586233	348471	0.005148	250324	298	586233	1369	907516	505500	0.002708	25135	44	905895	0	0	0	nan	0	0	0	0.002440	0.000142	0.002440	0.000142	0.044760	0.002605
286	A	24509	586233	378073	0.064826	248645	298	586233	513	902774	541493	0.000947	25135	44	901178	0	0	0	nan	0	0	0	0.063879	0.000416	0.063879	0.000416	1.171806	0.007631
287	G	2768	586233	371847	0.007444	248218	304	586233	1132	915368	532665	0.002125	25136	45	913783	0	0	0	nan	0	0	0	0.005319	0.000155	0.005319	0.000155	0.097573	0.002843
288	G	3768	586233	446573	0.008438	247249	304	586233	1776	928144	612405	0.002900	25135	45	926563	0	0	0	nan	0	0	0	0.005538	0.000154	0.005538	0.000154	0.101590	0.002825
289	U	2860	586233	418704	0.006831	246028	304	586233	644	938523	570237	0.001129	25134	45	936949	0	0	0	nan	0	0	0	0.005701	0.000135	0.005701	0.000135	0.104580	0.002476
290	U	2799	586233	425456	0.006579	244899	305	586233	571	945341	594930	0.000960	25133	45	943779	0	0	0	nan	0	0	0	0.005619	0.000131	0.005619	0.000131	0.103076	0.002403
291	G	2200	586233	404571	0.005438	241981	306	586233	516	957653	553048	0.000933	25134	46	956099	0	0	0	nan	0	0	0	0.004505	0.000123	0.004505	0.000123	0.082640	0.002256
292	A	15306	586233	398124	0.038445	239419	306	586233	327	961641	549398	0.000595	25136	48	960101	0	0	0	nan	0	0	0	0.037850	0.000312	0.037850	0.000312	0.694326	0.005723
293	A	15683	586233	377266	0.041570	236140	307	586233	384	966009	514190	0.000747	25134	48	964486	0	0	0	nan	0	0	0	0.040823	0.000334	0.040823	0.000334	0.748863	0.006127
294	G	5848	586233	318292	0.018373	233736	307	586233	778	971349	344113	0.002261	25135	48	969834	0	0	0	nan	0	0	0	0.016112	0.000254	0.016112	0.000254	0.295561	0.004659
295	A	27978	586233	328307	0.085219	229978	307	586233	474	826882	290593	0.001631	25134	48	825390	0	0	0	nan	0	0	0	0.083588	0.000515	0.083588	0.000515	1.533351	0.009447
296	G	2723	586233	319592	0.008520	228343	309	586233	796	840498	275213	0.002892	25135	48	839012	0	0	0	nan	0	0	0	0.005628	0.000193	0.005628	0.000193	0.103241	0.003540
297	C	8908	586233	390182	0.022830	226597	309	586233	1102	853702	456257	0.002415	25133	49	852225	0	0	0	nan	0	0	0	0.020415	0.000253	0.020415	0.000253	0.374496	0.004641
298	A	14924	586233	381749	0.039094	224541	308	586233	140	882999	475371	0.000295	25134	49	881529	0	0	0	nan	0	0	0	0.038799	0.000321	0.038799	0.000321	0.711735	0.005888
299	A	20549	586233	406620	0.050536	222546	309	586233	241	908468	549552	0.000439	25138	49	907005	0	0	0	nan	0	0	0	0.050098	0.000354	0.050098	0.000354	0.919005	0.006494
300	G	2931	586233	414877	0.007065	221120	309	586233	2081	936396	596822	0.003487	25138	49	934954	0	0	0	nan	0	0	0	0.003578	0.000151	0.003578	0.000151	0.065635	0.002770
301	C	7581	586233	418889	0.018098	219136	309	586233	1840	951073	603269	0.003050	25143	52	949650	0	0	0	nan	0	0	0	0.015048	0.000220	0.015048	0.000220	0.276043	0.004036
302	C	16598	586233	423491	0.039193	217761	309	586233	584	961016	631755	0.000924	25161	52	959608	0	0	0	nan	0	0	0	0.038269	0.000307	0.038269	0.000307	0.702012	0.005632
303	G	15773	586233	412332	0.038253	215872	307	586233	70285	969230	671037	0.104741	25167	52	967835	0	0	0	nan	0	0	0	-0.066488	0.000499	nan	nan	nan	nan
304	C	7103	586233	405922	0.017498	214043	317	586233	2794	984688	695588	0.004017	26564	293	983270	0	0	0	nan	0	0	0	0.013482	0.000221	0.013482	0.000221	0.247316	0.004054
305	C	10115	586233	414406	0.024408	212508	316	586233	752	991756	707491	0.001063	26571	294	990357	0	0	0	nan	0	0	0	0.023346	0.000246	0.023346	0.000246	0.428263	0.004513
306	G	1328	586233	395380	0.003359	211551	301	586233	716	998826	665347	0.001076	26573	294	997443	0	0	0	nan	0	0	0	0.002283	0.000101	0.002283	0.000101	0.041880	0.001853
307	A	6225	586233	432081	0.014407	209764	296	586233	670	1003917	706668	0.000948	26573	294	1002552	0	0	0	nan	0	0	0	0.013459	0.000186	0.013459	0.000186	0.246894	0.003412
308	U	2700	586233	424999	0.006353	208396	290	586233	566	1008493	704036	0.000804	26574	294	1007133	0	0	0	nan	0	0	0	0.005549	0.000127	0.005549	0.000127	0.101792	0.002330
309	A	22955	586233	450845	0.050916	206431	287	586233	678	1014545	763319	0.000888	26577	294	1013193	0	0	0	nan	0	0	0	0.050027	0.000338	0.050027	0.000338	0.917703	0.006200
310	C	40416	586233	443189	0.091194	204030	285	586233	320	1019804	734490	0.000436	26577	295	1018463	0	0	0	nan	0	0	0	0.090758	0.000454	0.090758	0.000454	1.664879	0.008328
311	A	29615	586233	417549	0.070926	202244	286	586233	539	1022611	665552	0.000810	26578	296	1021286	0	0	0	nan	0	0	0	0.070116	0.000414	0.070116	0.000414	1.286219	0.007594
312	U	5516	586233	387892	0.014220	201051	279	586233	802	1028627	604344	0.001327	26581	297	1027310	0	0	0	nan	0	0	0	0.012893	0.000197	0.012893	0.000197	0.236511	0.003614
313	U	4894	586233	410027	0.011936	199891	271	586233	692	1034636	655327	0.001056	26584	297	1033333	0	0	0	nan	0	0	0	0.010880	0.000175	0.010880	0.000175	0.199584	0.003210
314	G	4456	586233	442648	0.010067	199357	268	586233	3748	1040727	760150	0.004931	26584	300	1039430	0	0	0	nan	0	0	0	0.005136	0.000171	0.005136	0.000171	0.094216	0.003137
315	C	13578	586233	480838	0.028238	198440	267	586233	1278	1046991	831406	0.001537	26583	302	1045700	0	0	0	nan	0	0	0	0.026701	0.000246	0.026701	0.000246	0.489807	0.004513
316	C	11682	586233	459075	0.025447	197551	266	586233	526	1054102	785707	0.000669	26586	304	1052826	0	0	0	nan	0	0	0	0.024777	0.000237	0.024777	0.000237	0.454513	0.004348
317	U	4251	586233	436568	0.009737	196210	261	586233	751	1060213	763673	0.000983	26585	304	1058952	0	0	0	nan	0	0	0	0.008754	0.000154	0.008754	0.000154	0.160585	0.002825
318	A	32652	586233	434628	0.075126	195450	254	586233	555	1068868	747062	0.000743	26584	305	1067623	0	0	0	nan	0	0	0	0.074383	0.000417	0.074383	0.000417	1.364493	0.007650
319	U	7724	586233	458948	0.016830	194915	253	586233	998	1073607	809510	0.001233	26584	306	1072369	0	0	0	nan	0	0	0	0.015597	0.000195	0.015597	0.000195	0.286114	0.003577
320	G	1641	586233	449516	0.003651	194135	252	586233	633	1078746	790310	0.000801	26585	306	1077518	0	0	0	nan	0	0	0	0.002850	0.000096	0.002850	0.000096	0.052281	0.001761
321	U	5399	586233	461062	0.011710	193604	252	586233	2932	1082423	816936	0.003589	26589	306	1081208	0	0	0	nan	0	0	0	0.008121	0.000173	0.008121	0.000173	0.148973	0.003174
322	C	15745	586233	454142	0.034670	193116	246	586233	789	1088454	816603	0.000966	26590	307	1087261	0	0	0	nan	0	0	0	0.033704	0.000278	0.033704	0.000278	0.618271	0.005100
323	C	12800	586233	454092	0.028188	192674	246	586233	559	1094173	822643	0.000680	26590	308	1092990	0	0	0	nan	0	0	0	0.027509	0.000251	0.027509	0.000251	0.504629	0.004604
324	U	4139	586233	457382	0.009049	191989	242	586233	1197	1098926	847985	0.001412	26591	309	1097752	0	0	0	nan	0	0	0	0.007638	0.000146	0.007638	0.000146	0.140113	0.002678
325	G	4186	586233	451779	0.009266	191657	218	586233	4181	1103769	830963	0.005032	26592	309	1102611	0	0	0	nan	0	0	0	0.004234	0.000163	0.004234	0.000163	0.077669	0.002990
326	C	38923	586233	484209	0.080385	191198	215	586233	1122	1108906	895235	0.001253	26590	311	1107757	0	0	0	nan	0	0	0	0.079131	0.000409	0.079131	0.000409	1.451591	0.007503
327	G	4509	586233	455412	0.009901	190898	199	586233	3254	1113223	855900	0.003802	26588	311	1112080	0	0	0	nan	0	0	0	0.006099	0.000162	0.006099	0.000162	0.111881	0.002972
328	C	11845	586233	454419	0.026066	190665	193	586233	2710	1116603	884465	0.003064	26587	311	1115470	0	0	0	nan	0	0	0	0.023002	0.000247	0.023002	0.000247	0.421952	0.004531
329	A	20190	586233	446788	0.045189	190463	188	586233	659	1121959	876489	0.000752	26588	311	1120835	0	0	0	nan	0	0	0	0.044437	0.000319	0.044437	0.000319	0.815159	0.005852
330	C	23402	586233	464085	0.050426	190128	186	586233	410	1125474	922285	0.000445	26589	311	1124355	0	0	0	nan	0	0	0	0.049982	0.000330	0.049982	0.000330	0.916877	0.006054
331	A	14499	586233	456662	0.031750	189818	180	586233	521	1129493	914008	0.000570	26588	311	1128387	0	0	0	nan	0	0	0	0.031180	0.000265	0.031180	0.000265	0.571971	0.004861
332	A	36477	586233	473048	0.077111	189415	179	586233	809	1133250	941604	0.000859	26588	310	1132154	0	0	0	nan	0	0	0	0.076251	0.000405	0.076251	0.000405	1.398760	0.007429
333	G	11938	586233	477191	0.025017	189168	178	586233	1619	1136519	912598	0.001774	26588	310	1135432	0	0	0	nan	0	0	0	0.023243	0.000233	0.023243	0.000233	0.426373	0.004274
334	A	25279	586233	472585	0.053491	188942	177	586233	828	1138134	891075	0.000929	26586	310	1137053	0	0	0	nan	0	0	0	0.052562	0.000338	0.052562	0.000338	0.964205	0.006200
335	A	20652	586233	460166	0.044879	188795	177	586233	470	1140803	843278	0.000557	26584	309	1139731	0	0	0	nan	0	0	0	0.044322	0.000313	0.044322	0.000313	0.813050	0.005742
336	A	12969	586233	477203	0.027177	188662	177	586233	672	1143269	878238	0.000765	26584	310	1142215	0	0	0	nan	0	0	0	0.026412	0.000240	0.026412	0.000240	0.484506	0.004403
337	G	4049	586233	496532	0.008155	188563	177	586233	4538	1146716	925048	0.004906	26584	312	1145684	0	0	0	nan	0	0	0	0.003249	0.000147	0.003249	0.000147	0.059600	0.002697
338	C	4054	586233	528819	0.007666	188445	173	586233	2517	1149353	995557	0.002528	26585	313	1148336	0	0	0	nan	0	0	0	0.005138	0.000131	0.005138	0.000131	0.094252	0.002403
339	G	5760	586233	528727	0.010894	188284	173	586233	2849	1152789	1006613	0.002830	26586	313	1151781	0	0	0	nan	0	0	0	0.008064	0.000153	0.008064	0.000153	0.147927	0.002807
340	G	1570	586233	517937	0.003031	188096	173	586233	1006	1155020	977677	0.001029	26586	313	1154025	0	0	0	nan	0	0	0	0.002002	0.000083	0.002002	0.000083	0.036725	0.001523
341	U	3720	586233	506952	0.007338	187909	173	586233	874	1156970	957917	0.000912	26592	313	1155986	0	0	0	nan	0	0	0	0.006426	0.000124	0.006426	0.000124	0.117880	0.002275
342	A	22657	586233	499848	0.045328	187668	173	586233	921	1158776	920168	0.001001	26592	313	1157797	0	0	0	nan	0	0	0	0.044327	0.000303	0.044327	0.000303	0.813141	0.005558
343	U	4328	586233	507816	0.008523	187537	173	586233	729	1160316	940578	0.000775	26589	313	1159345	0	0	0	nan	0	0	0	0.007748	0.000133	0.007748	0.000133	0.142130	0.002440
344	G	1935	586233	506010	0.003824	187471	173	586233	1055	1161932	948714	0.001112	26589	313	1160972	0	0	0	nan	0	0	0	0.002712	0.000093	0.002712	0.000093	0.049749	0.001706
345	G	1637	586233	494803	0.003308	187385	173	586233	1274	1164163	956033	0.001333	26590	313	1163215	0	0	0	nan	0	0	0	0.001976	0.000090	0.001976	0.000090	0.036248	0.001651
346	A	16908	586233	489279	0.034557	187303	173	586233	883	1166854	977671	0.000903	26593	315	1165929	0	0	0	nan	0	0	0	0.033654	0.000267	0.033654	0.000267	0.617354	0.004898
347	C	12905	586233	493031	0.026175	187198	173	586233	1407	1169959	1005049	0.001400	26595	315	1169050	0	0	0	nan	0	0	0	0.024775	0.000233	0.024775	0.000233	0.454476	0.004274
348	C	39495	586233	507019	0.077896	187073	173	586233	1229	1172356	1066313	0.001153	26595	315	1171462	0	0	0	nan	0	0	0	0.076744	0.000393	0.076744	0.000393	1.407804	0.007209
349	G	2881	586233	502971	0.005728	187007	174	586233	2120	1173551	1041085	0.002036	26607	319	1172672	0	0	0	nan	0	0	0	0.003692	0.000116	0.003692	0.000116	0.067727	0.002128
350	G	4900	586233	490836	0.009983	186869	174	586233	5036	1174155	1015598	0.004959	26606	319	1173278	0	0	0	nan	0	0	0	0.005024	0.000159	0.005024	0.000159	0.092161	0.002917
351	C	19270	586233	488095	0.039480	186763	174	586233	2694	1174857	1010746	0.002665	26610	320	1173986	0	0	0	nan	0	0	0	0.036815	0.000289	0.036815	0.000289	0.675340	0.005301
352	A	35533	586233	499275	0.071169	186600	174	586233	1074	1176687	1031538	0.001041	26609	322	1175827	0	0	0	nan	0	0	0	0.070128	0.000379	0.070128	0.000379	1.286439	0.006952
353	C	49025	586233	510384	0.096055	186419	175	586233	1781	1178078	1044359	0.001705	26609	322	1177224	0	0	0	nan	0	0	0	0.094350	0.000436	0.094350	0.000436	1.730771	0.007998
354	C	19223	586233	514625	0.037353	186242	175	586233	665	1179479	1034825	0.000643	26610	330	1178629	0	0	0	nan	0	0	0	0.036711	0.000271	0.036711	0.000271	0.673432	0.004971
355	C	9176	586233	505257	0.018161	186023	175	586233	752	1180508	1007479	0.000746	26611	330	1179665	0	0	0	nan	0	0	0	0.017415	0.000192	0.017415	0.000192	0.319463	0.003522
356	A	13036	586233	514528	0.025336	185780	174	586233	607	1181295	1017179	0.000597	26610	330	1180464	0	0	0	nan	0	0	0	0.024739	0.000223	0.024739	0.000223	0.453816	0.004091
357	G	4957	586233	517507	0.009579	185703	174	586233	5643	1181920	1022429	0.005519	26610	333	1181104	0	0	0	nan	0	0	0	0.004059	0.000155	0.004059	0.000155	0.074459	0.002843
358	C	5104	586233	534101	0.009556	185509	174	586233	2552	1182808	1049717	0.002431	26609	334	1181998	0	0	0	nan	0	0	0	0.007125	0.000142	0.007125	0.000142	0.130702	0.002605
359	C	14342	586233	535206	0.026797	185255	174	586233	847	1183759	1039151	0.000815	26607	336	1182958	0	0	0	nan	0	0	0	0.025982	0.000226	0.025982	0.000226	0.476618	0.004146
360	G	7117	586233	525947	0.013532	185084	174	586233	5907	1184762	1017024	0.005808	26607	338	1183972	0	0	0	nan	0	0	0	0.007724	0.000177	0.007724	0.000177	0.141690	0.003247
361	C	35555	586233	517213	0.068743	184692	174	586233	19545	1186171	977475	0.019995	26615	340	1185392	0	0	0	nan	0	0	0	0.048748	0.000392	0.048748	0.000392	0.894241	0.007191
362	U	2446	586233	518602	0.004717	184616	174	586233	1144	1187375	981516	0.001166	26620	345	1186611	0	0	0	nan	0	0	0	0.003551	0.000101	0.003551	0.000101	0.065140	0.001853
363	U	3055	586233	526136	0.005806	184289	174	586233	941	1188901	986760	0.000954	26621	346	1188147	0	0	0	nan	0	0	0	0.004853	0.000110	0.004853	0.000110	0.089024	0.002018
364	G	3413	586233	540861	0.006310	184137	174	586233	1117	1190098	1034482	0.001080	26621	346	1189356	0	0	0	nan	0	0	0	0.005231	0.000113	0.005231	0.000113	0.095958	0.002073
365	U	4889	586233	547371	0.008932	183895	174	586233	1149	1191018	1046248	0.001098	26624	347	1190282	0	0	0	nan	0	0	0	0.007834	0.000132	0.007834	0.000132	0.143708	0.002421
366	G	4080	586233	545489	0.007480	183597	174	586233	3962	1192358	1044925	0.003792	26624	347	1191635	0	0	0	nan	0	0	0	0.003688	0.000132	0.003688	0.000132	0.067653	0.002421
367	C	16244	586233	547737	0.029657	183447	174	586233	11109	1193158	1037685	0.010706	26624	354	1192448	0	0	0	nan	0	0	0	0.018951	0.000254	0.018951	0.000254	0.347640	0.004659
368	U	4931	586233	526484	0.009366	183262	174	586233	796	1194105	975872	0.000816	26625	354	1193403	0	0	0	nan	0	0	0	0.008550	0.000136	0.008550	0.000136	0.156843	0.002495
369	U	5947	586233	522834	0.011375	182863	174	586233	1085	1195242	974842	0.001113	26625	354	1194549	0	0	0	nan	0	0	0	0.010262	0.000151	0.010262	0.000151	0.188248	0.002770
370	C	22425	586233	516600	0.043409	182641	174	586233	880	1196774	980236	0.000898	26627	354	1196099	0	0	0	nan	0	0	0	0.042511	0.000291	0.042511	0.000291	0.779828	0.005338
371	A	19752	586233	535568	0.036880	182044	174	586233	729	1197474	1043469	0.000699	26626	354	1196808	0	0	0	nan	0	0	0	0.036182	0.000264	0.036182	0.000264	0.663728	0.004843
372	G	3854	586233	532929	0.007232	181945	174	586233	4238	1198868	1029554	0.004116	26628	354	1198211	0	0	0	nan	0	0	0	0.003115	0.000133	0.003115	0.000133	0.057142	0.002440
373	C	18304	586233	520019	0.035199	181781	174	586233	2922	1199834	994748	0.002937	26630	354	1199187	0	0	0	nan	0	0	0	0.032261	0.000266	0.032261	0.000266	0.591801	0.004880
374	U	5889	586233	510863	0.011528	181340	174	586233	1514	1200824	985948	0.001536	26630	354	1200184	0	0	0	nan	0	0	0	0.009992	0.000155	0.009992	0.000155	0.183295	0.002843
375	C	21567	586233	513271	0.042019	181162	174	586233	1879	1202810	1006830	0.001866	26630	354	1202180	0	0	0	nan	0	0	0	0.040152	0.000289	0.040152	0.000289	0.736554	0.005301
376	G	6896	586233	521371	0.013227	180610	174	586233	4090	1204936	1078584	0.003792	26626	355	1204311	0	0	0	nan	0	0	0	0.009435	0.000170	0.009435	0.000170	0.173077	0.003119
377	C	36168	586233	519669	0.069598	180372	174	586233	1922	1206459	1079469	0.001781	26624	357	1205845	0	0	0	nan	0	0	0	0.067818	0.000368	0.067818	0.000368	1.244064	0.006751
378	A	29272	586233	499867	0.058560	179884	174	586233	729	1207725	988666	0.000737	26622	358	1207119	0	0	0	nan	0	0	0	0.057822	0.000343	0.057822	0.000343	1.060696	0.006292
379	U	8063	586233	507632	0.015884	179484	174	586233	1712	1208639	995119	0.001720	26618	358	1208035	0	0	0	nan	0	0	0	0.014163	0.000182	0.014163	0.000182	0.259808	0.003339
380	C	24171	586233	499750	0.048366	179323	174	586233	740	1210008	988048	0.000749	26619	360	1209414	0	0	0	nan	0	0	0	0.047617	0.000312	0.047617	0.000312	0.873494	0.005723
381	A	12692	586233	522667	0.024283	178958	174	586233	675	1211035	1080349	0.000625	26621	360	1210449	0	0	0	nan	0	0	0	0.023658	0.000217	0.023658	0.000217	0.433986	0.003981
382	A	24798	586233	527804	0.046983	178384	174	586233	438	1212035	1083706	0.000404	26625	360	1211455	0	0	0	nan	0	0	0	0.046579	0.000299	0.046579	0.000299	0.854452	0.005485
383	C	23777	586233	536367	0.044330	178189	174	586233	497	1215237	1098488	0.000452	26626	361	1214666	0	0	0	nan	0	0	0	0.043877	0.000288	0.043877	0.000288	0.804886	0.005283
384	G	2757	586233	528056	0.005221	177651	174	586233	1032	1216778	1059544	0.000974	26617	361	1216219	0	0	0	nan	0	0	0	0.004247	0.000104	0.004247	0.000104	0.077908	0.001908
385	U	6700	586233	522775	0.012816	177136	174	586233	3948	1217507	1045461	0.003776	26610	362	1216959	0	0	0	nan	0	0	0	0.009040	0.000168	0.009040	0.000168	0.165831	0.003082
386	C	28215	586233	509476	0.055380	176341	174	586233	776	1218612	987529	0.000786	26617	362	1218088	0	0	0	nan	0	0	0	0.054595	0.000331	0.054595	0.000331	1.001499	0.006072
387	U	6409	586233	509096	0.012589	175991	174	586233	587	1219336	1005030	0.000584	26626	362	1218833	0	0	0	nan	0	0	0	0.012005	0.000159	0.012005	0.000159	0.220222	0.002917
388	A	20434	586233	496892	0.041124	175250	174	586233	623	1220891	976516	0.000638	26617	362	1220411	0	0	0	nan	0	0	0	0.040486	0.000289	0.040486	0.000289	0.742681	0.005301
389	A	44989	586233	517248	0.086978	174446	174	586233	1887	1223156	1059682	0.001781	26617	362	1222684	0	0	0	nan	0	0	0	0.085197	0.000412	0.085197	0.000412	1.562867	0.007558
390	G	1704	586233	520917	0.003271	174285	174	586233	855	1227115	1063801	0.000804	26621	362	1226652	0	0	0	nan	0	0	0	0.002467	0.000084	0.002467	0.000084	0.045255	0.001541
391	G	4365	586233	538833	0.008101	173319	174	586233	4218	1228507	1110764	0.003797	26617	364	1228053	0	0	0	nan	0	0	0	0.004303	0.000136	0.004303	0.000136	0.078935	0.002495
392	C	16305	586233	534932	0.030481	172735	174	586233	4761	1229896	1094857	0.004349	26620	364	1229451	0	0	0	nan	0	0	0	0.026132	0.000247	0.026132	0.000247	0.479369	0.004531
393	C	24919	586233	543084	0.045884	170708	173	586233	652	1231179	1093030	0.000597	26619	365	1230740	0	0	0	nan	0	0	0	0.045288	0.000292	0.045288	0.000292	0.830770	0.005356
394	G	5991	586233	546926	0.010954	170357	173	586233	6029	1232861	1114134	0.005411	26624	367	1232428	0	0	0	nan	0	0	0	0.005543	0.000158	0.005543	0.000158	0.101682	0.002898
395	C	6533	586233	551797	0.011839	168751	172	586233	2171	1234103	1141041	0.001903	26623	369	1233686	0	0	0	nan	0	0	0	0.009937	0.000152	0.009937	0.000152	0.182286	0.002788
396	G	1420	586233	553786	0.002564	165948	172	586233	1041	1236035	1172467	0.000888	26623	369	1235633	0	0	0	nan	0	0	0	0.001676	0.000073	0.001676	0.000073	0.030745	0.001339
397	A	7442	586233	549654	0.013539	165383	172	586233	558	1236951	1166095	0.000479	26623	369	1236564	0	0	0	nan	0	0	0	0.013061	0.000158	0.013061	0.000158	0.239593	0.002898
398	C	7206	586233	535769	0.013450	161093	172	586233	518	1237457	1090574	0.000475	26623	369	1237077	0	0	0	nan	0	0	0	0.012975	0.000160	0.012975	0.000160	0.238015	0.002935
399	U	6097	586233	532775	0.011444	160210	172	586233	3397	1238168	1068603	0.003179	26623	369	1237795	0	0	0	nan	0	0	0	0.008265	0.000156	0.008265	0.000156	0.151614	0.002862
400	C	38807	586233	527828	0.073522	152377	172	586233	1810	1239188	1046253	0.001730	26623	370	1238825	0	0	0	nan	0	0	0	0.071792	0.000375	0.071792	0.000375	1.316963	0.006879
401	U	9271	586233	532795	0.017401	151487	172	586233	907	1239552	1085278	0.000836	26623	370	1239200	0	0	0	nan	0	0	0	0.016565	0.000183	0.016565	0.000183	0.303871	0.003357
402	A	47323	586233	535570	0.088360	144329	172	586233	1567	1240789	1096482	0.001429	26622	370	1240449	0	0	0	nan	0	0	0	0.086931	0.000408	0.086931	0.000408	1.594676	0.007484
403	G	8870	586233	538477	0.016472	144089	172	586233	2424	1243038	1079349	0.002246	26622	370	1242708	0	0	0	nan	0	0	0	0.014227	0.000181	0.014227	0.000181	0.260982	0.003320
404	A	13308	586233	542052	0.024551	133938	172	586233	742	1245724	1076644	0.000689	26615	370	1245400	0	0	0	nan	0	0	0	0.023862	0.000214	0.023862	0.000214	0.437728	0.003926
405	G	926	586233	482964	0.001917	133764	172	586233	450	1247563	927937	0.000485	26614	370	1247256	0	0	0	nan	0	0	0	0.001432	0.000067	0.001432	0.000067	0.026269	0.001229
406	U	1292	586233	489208	0.002641	127083	172	586233	1983	1249310	960718	0.002064	26592	370	1249012	0	0	0	nan	0	0	0	0.000577	0.000087	0.000577	0.000087	0.010585	0.001596
407	C	2075	586233	490476	0.004231	126754	172	586233	833	1255131	973059	0.000856	26592	370	1254848	0	0	0	nan	0	0	0	0.003375	0.000097	0.003375	0.000097	0.061912	0.001779
408	G	4017	586233	545851	0.007359	125050	172	586233	3759	1260576	1103803	0.003405	26585	371	1260311	0	0	0	nan	0	0	0	0.003954	0.000129	0.003954	0.000129	0.072533	0.002366
409	C	5524	586233	533844	0.010348	123924	172	586233	4195	1264881	1053019	0.003984	26580	371	1264641	0	0	0	nan	0	0	0	0.006364	0.000152	0.006364	0.000152	0.116742	0.002788
410	U	6524	586233	534048	0.012216	122307	172	586233	1182	1268355	1039144	0.001137	26553	371	1268129	0	0	0	nan	0	0	0	0.011079	0.000155	0.011079	0.000155	0.203235	0.002843
411	C	30285	586233	536028	0.056499	121938	172	586233	1648	1272322	1051042	0.001568	26552	371	1272126	0	0	0	nan	0	0	0	0.054931	0.000327	0.054931	0.000327	1.007663	0.005999
412	G	3727	586233	545558	0.006832	120473	172	586233	2186	1275014	1090413	0.002005	25951	371	1274840	0	0	0	nan	0	0	0	0.004827	0.000120	0.004827	0.000120	0.088547	0.002201
413	A	42692	586233	550336	0.077574	117208	172	586233	625	1277471	1092379	0.000572	25769	371	1277312	0	0	0	nan	0	0	0	0.077002	0.000376	0.077002	0.000376	1.412536	0.006897
414	G	5091	586233	560733	0.009079	117010	172	586233	3191	1277461	1126381	0.002833	25767	371	1277312	0	0	0	nan	0	0	0	0.006246	0.000137	0.006246	0.000137	0.114578	0.002513
415	G	8732	586233	564094	0.015480	115447	172	586233	17495	1277451	1132761	0.015445	25760	371	1277312	0	0	0	nan	0	0	0	0.000035	0.000203	0.000035	0.000203	0.000642	0.003724
416	G	0	586233	576347	0.000000	111706	172	586233	0	1277440	1171920	0.000000	25758	371	1277312	0	0	0	nan	0	0	0	0.000000	0.000000	0.000000	0.000000	0.000000	0.000000
417	c	0	586233	0	nan	104194	172	586233	0	1277435	0	nan	25734	371	1277312	0	0	0	nan	0	0	0	nan	nan	nan	nan	nan	nan
418	u	0	586233	0	nan	104103	172	586233	0	1277420	0	nan	25734	371	1277312	0	0	0	nan	0	0	0	nan	nan	nan	nan	nan	nan
419	g	0	586233	0	nan	98536	172	586233	0	1277409	0	nan	25730	371	1277312	0	0	0	nan	0	0	0	nan	nan	nan	nan	nan	nan
420	g	0	586233	0	nan	86136	171	586233	0	1277392	0	nan	25716	371	1277312	0	0	0	nan	0	0	0	nan	nan	nan	nan	nan	nan
421	u	0	586233	0	nan	86095	171	586233	0	1277370	0	nan	25714	371	1277312	0	0	0	nan	0	0	0	nan	nan	nan	nan	nan	nan
422	a	0	586233	0	nan	72758	171	586233	0	1277351	0	nan	25711	371	1277312	0	0	0	nan	0	0	0	nan	nan	nan	nan	nan	nan
423	c	0	586233	0	nan	72717	171	586233	0	1277336	0	nan	25687	371	1277312	0	0	0	nan	0	0	0	nan	nan	nan	nan	nan	nan
424	c	0	586233	0	nan	65272	171	586233	0	1277326	0	nan	25645	370	1277312	0	0	0	nan	0	0	0	nan	nan	nan	nan	nan	nan
425	g	0	586233	0	nan	65259	171	586233	0	1277312	0	nan	25627	370	1277312	0	0	0	nan	0	0	0	nan	nan	nan	nan	nan	nan
426	u	0	585614	0	nan	65254	171	585614	0	1277262	0	nan	25627	370	1277262	0	0	0	nan	0	0	0	nan	nan	nan	nan	nan	nan
427	u	0	585064	0	nan	65251	171	585064	0	1277063	0	nan	25626	370	1277063	0	0	0	nan	0	0	0	nan	nan	nan	nan	nan	nan
428	g	0	584191	0	nan	65244	171	584191	0	1254681	0	nan	25527	365	1254681	0	0	0	nan	0	0	0	nan	nan	nan	nan	nan	nan
429	c	0	584151	0	nan	65237	170	584151	0	1254581	0	nan	25527	365	1254581	0	0	0	nan	0	0	0	nan	nan	nan	nan	nan	nan
430	u	0	581158	0	nan	65225	170	581158	0	1254206	0	nan	25526	365	1254206	0	0	0	nan	0	0	0	nan	nan	nan	nan	nan	nan
431	a	0	581130	0	nan	65222	170	581130	0	1254156	0	nan	25525	365	1254156	0	0	0	nan	0	0	0	nan	nan	nan	nan	nan	nan
432	g	0	580915	0	nan	65190	170	580915	0	1254069	0	nan	25520	365	1254069	0	0	0	nan	0	0	0	nan	nan	nan	nan	nan	nan
433	c	0	580767	0	nan	65171	170	580767	0	1253782	0	nan	25513	365	1253782	0	0	0	nan	0	0	0	nan	nan	nan	nan	nan	nan
434	a	0	580327	0	nan	65103	169	580327	0	1253190	0	nan	25489	365	1253190	0	0	0	nan	0	0	0	nan	nan	nan	nan	nan	nan
435	c	0	577693	0	nan	64843	169	577693	0	1251326	0	nan	25459	365	1251326	0	0	0	nan	0	0	0	nan	nan	nan	nan	nan	nan