435	Window=3	Metric=PAIRMAPPER	
i	j	Sig.	Class	Zij	Zi	Zj	Mod_Depth	Mod_Comuts	Unt_Depth	Unt_Comuts
395	406	68.08	1	5.36	3.43	7.28	548184	317	1122087	21
396	405	196.64	1	11.38	7.15	15.62	491840	294	983078	6
35	45	320.78	2	9.10	12.93	5.27	563418	1877	1301696	72
45	65	68.03	2	3.56	1.12	6.01	540662	1773	1275573	41
45	69	75.72	2	3.61	1.24	5.97	555005	2665	1259716	94
46	55	58.86	2	5.23	3.02	7.43	553457	1504	1286842	28
72	98	95.66	2	3.94	3.89	3.98	547351	889	1261744	104
73	97	112.15	2	6.07	8.00	4.14	547787	1106	1252190	25
88	98	296.47	2	11.58	10.81	12.35	551585	888	1256126	78
131	145	52.01	2	5.94	5.55	6.32	431833	904	1179474	86
156	178	57.71	2	3.33	4.94	1.71	345650	716	1096910	177
190	224	30.24	2	2.27	0.87	3.67	479721	1452	968116	34
209	224	53.18	2	5.00	3.55	6.46	493394	2794	976048	41
224	236	33.16	2	3.59	4.03	3.15	397772	1191	608259	31
236	272	47.60	2	2.71	4.53	0.90	388395	1185	466367	20
244	271	109.30	2	3.88	6.17	1.58	452314	614	568372	6
245	270	101.18	2	4.81	8.61	1.00	413620	770	557611	5
252	261	576.19	2	10.13	7.92	12.33	345494	1020	415045	48
272	289	43.41	2	2.56	0.82	4.30	415689	508	503581	12
296	313	66.30	2	2.70	3.21	2.19	402613	1390	506420	33
298	367	69.42	2	3.05	2.19	3.91	441728	2161	636393	31
299	366	42.36	2	2.80	2.07	3.53	473724	1593	695442	90
320	349	55.60	2	2.73	3.12	2.33	447080	1345	856114	69
323	370	135.35	2	4.32	4.77	3.87	465232	2146	873425	62
327	363	47.22	2	3.47	2.87	4.07	475218	898	906530	31
328	364	113.54	2	6.19	2.26	10.12	490270	1527	952011	22
337	363	38.08	2	2.63	1.97	3.28	534051	374	1003656	29
338	358	126.96	2	4.24	6.43	2.04	529657	795	1019205	102
338	362	52.40	2	4.85	2.66	7.04	532149	273	1014023	26
339	357	123.11	2	3.90	6.13	1.67	525829	733	1020641	56
343	354	219.82	2	7.71	13.51	1.91	507936	949	987306	7
360	371	106.32	2	3.93	4.40	3.46	529352	3815	1020101	283
31	46	34.62	0	1.48	1.19	1.78	558912	1278	1300426	20
42	73	36.05	0	1.60	0.61	2.58	560659	2088	1286790	44
46	64	96.95	0	6.43	4.98	7.89	557401	1819	1290949	22
52	109	58.26	0	5.20	9.43	0.98	540715	3472	1255022	12
53	108	73.15	0	4.83	8.91	0.75	535070	3332	1245738	12
112	194	24.71	0	1.22	0.47	1.97	499476	2724	1096059	33
118	201	148.75	0	5.39	5.38	5.40	478333	4880	1096387	68
119	200	55.34	0	2.52	3.79	1.24	516749	3646	1087854	65
128	144	60.17	0	5.74	8.76	2.72	407017	2267	1208492	57
129	143	78.54	0	6.10	9.44	2.76	386068	2095	1188627	67
131	142	73.24	0	5.32	7.81	2.82	315882	1099	1161982	60
134	150	101.81	0	6.58	2.38	10.79	326207	1179	1190312	13
135	149	180.06	0	6.67	4.81	8.53	330099	1416	1174677	5
136	148	117.86	0	6.59	8.98	4.20	296258	1061	1187563	12
136	150	46.44	0	4.23	3.54	4.92	301639	522	1197633	25
156	314	36.08	0	1.95	3.09	0.81	341872	818	458564	51
167	307	31.62	0	1.91	2.21	1.61	344912	1542	448717	11
184	290	25.13	0	1.18	0.87	1.50	421091	1811	502645	10
190	240	40.01	0	0.75	1.16	0.33	438938	3647	820833	55
194	204	26.40	0	1.94	2.11	1.77	469257	2146	1063701	74
206	215	115.10	0	13.93	13.45	14.41	484223	2845	975171	28
243	272	26.69	0	0.64	0.79	0.49	424989	662	534281	26
249	266	37.57	0	1.28	0.96	1.60	395095	612	508736	4
249	277	115.81	0	2.32	2.97	1.67	410198	2017	492184	5
255	264	41.40	0	10.10	9.91	10.28	348581	3635	479270	8
260	300	46.32	0	1.33	1.56	1.11	386574	834	380498	46
275	298	28.45	0	2.10	3.32	0.89	397191	2925	444962	84
292	361	35.61	0	2.02	2.09	1.95	409926	2945	522543	24
298	361	44.40	0	1.91	1.39	2.43	429916	3111	624539	52
319	329	24.18	0	3.06	5.69	0.43	452359	1738	863258	11
320	345	50.25	0	2.00	2.82	1.17	450549	1536	838145	36
324	350	268.44	0	5.71	2.64	8.77	477748	6049	928314	88
329	363	92.15	0	4.81	1.68	7.95	487225	1446	956719	9
338	347	30.07	0	1.65	1.53	1.78	521256	1262	1032751	48
339	352	45.61	0	2.26	2.27	2.24	514775	2237	1020097	21
348	358	418.00	0	9.41	12.09	6.73	504935	3096	1050246	109
