404	Window=3	Metric=PAIRMAPPER	
i	j	Sig.	Class	Zij	Zi	Zj	Mod_Depth	Mod_Comuts	Unt_Depth	Unt_Comuts
187	198	95.88	1	3.66	1.73	5.59	947712	718	900796	59
188	197	204.64	1	7.07	3.15	10.99	907947	575	873616	26
34	52	220.43	2	2.70	2.65	2.75	1036543	1553	1036024	243
36	63	322.50	2	3.28	5.08	1.48	1047612	1997	1029652	32
37	62	337.92	2	5.38	9.62	1.14	1047841	2419	1034426	32
38	88	94.46	2	2.84	3.33	2.35	1012306	6023	1022662	79
44	53	1545.40	2	8.82	6.04	11.61	1008987	3472	1025091	205
79	106	41.09	2	3.11	5.65	0.56	851710	1350	991672	165
88	105	87.41	2	2.18	2.17	2.20	816919	3879	991176	108
116	142	214.55	2	4.06	2.72	5.41	573417	4395	953131	253
120	156	39.59	2	2.22	0.73	3.70	566537	1483	946274	31
129	155	44.39	2	3.03	2.15	3.90	703817	411	948820	108
130	150	167.74	2	4.76	7.15	2.36	821613	814	971802	148
130	154	56.91	2	4.30	2.43	6.17	769121	303	958506	69
131	149	121.08	2	3.74	5.95	1.53	795131	705	962276	141
135	146	267.33	2	8.08	13.65	2.51	786863	1446	986565	19
139	242	152.44	2	3.45	2.40	4.50	826222	6336	765305	108
140	150	759.88	2	10.24	9.74	10.73	844999	3541	969806	290
141	152	367.49	2	7.84	9.20	6.47	740657	3079	952869	768
172	218	60.21	2	2.84	1.57	4.10	853120	2451	802331	12
173	217	100.31	2	3.43	1.70	5.17	866498	2744	815435	8
188	217	81.16	2	2.72	1.25	4.18	851557	965	786275	23
209	222	140.10	2	4.47	5.59	3.36	897106	1627	810638	103
219	258	85.26	2	4.02	3.60	4.44	889602	5170	657477	70
308	321	33.01	2	3.62	2.38	4.86	931654	4311	860337	140
28	64	82.70	0	1.73	2.99	0.47	1021164	3897	1020473	110
29	50	49.50	0	3.22	5.10	1.33	1004121	4072	1025355	87
35	64	131.99	0	0.95	1.12	0.77	1028920	2400	1010508	89
36	53	130.66	0	1.51	2.04	0.98	1040974	893	1037388	98
41	58	98.38	0	0.94	0.69	1.19	1034273	2540	1028366	28
41	69	310.14	0	1.71	2.20	1.21	1025342	7861	1027687	34
47	56	126.77	0	8.29	7.39	9.19	1025303	16008	1005269	37
67	90	55.26	0	1.68	2.64	0.72	984342	10472	996254	449
69	83	25.02	0	0.36	0.08	0.65	1005642	10132	1002878	39
83	160	42.31	0	1.20	1.11	1.30	921632	5647	961067	13
84	159	34.00	0	0.94	0.88	1.01	935856	4485	956395	86
90	159	52.00	0	1.11	0.68	1.55	939163	5063	961243	187
110	263	28.72	0	2.20	3.26	1.15	621250	6120	670193	6
121	155	25.21	0	1.36	0.50	2.21	588322	1402	964753	12
131	144	47.81	0	1.65	2.35	0.94	766701	2419	966230	58
136	160	29.18	0	1.41	1.92	0.90	753905	1748	970263	35
139	246	40.55	0	1.53	0.64	2.42	839538	3218	717125	148
140	241	250.11	0	2.86	3.20	2.52	833059	9436	783142	62
140	245	56.21	0	0.96	0.72	1.20	843792	5039	734454	136
158	223	41.93	0	1.13	1.55	0.72	872044	2602	844835	185
174	216	271.23	0	5.18	5.67	4.68	910039	6967	830442	8
178	222	24.61	0	0.79	0.99	0.59	832713	4991	829200	18
186	216	117.45	0	2.49	2.95	2.02	869616	2518	818962	76
187	218	43.09	0	1.86	0.78	2.93	868893	841	790357	46
216	226	219.68	0	3.25	3.79	2.72	895969	8874	774952	9
264	275	160.40	0	9.52	9.26	9.78	872322	12179	782988	9
284	293	190.00	0	9.34	7.80	10.88	860734	5689	824622	38
296	331	25.20	0	1.87	1.66	2.08	859445	7156	862390	12
316	328	83.45	0	7.14	3.02	11.25	919113	2395	880251	7
316	337	27.66	0	1.42	1.01	1.83	948091	2266	907513	5
324	333	61.20	0	7.08	7.27	6.89	909561	7278	898018	39
341	354	25.13	0	3.35	2.72	3.97	964772	8576	922527	17
343	355	39.38	0	5.18	3.62	6.75	951417	8104	913620	34
349	361	139.16	0	9.70	9.46	9.94	986424	5217	927363	74
