398	Window=3	Metric=PAIRMAPPER	
i	j	Sig.	Class	Zij	Zi	Zj	Mod_Depth	Mod_Comuts	Unt_Depth	Unt_Comuts
188	197	68.98	1	4.30	1.14	7.45	392778	285	3434070	53
25	81	27.15	2	2.56	1.84	3.29	409949	680	3858992	85
36	63	226.51	2	3.61	6.38	0.85	429261	1267	3896261	65
37	62	313.19	2	6.04	11.02	1.06	424319	1473	3838742	63
37	72	98.23	2	2.06	3.43	0.69	428136	1128	3850340	175
38	88	217.23	2	5.17	5.25	5.10	400645	3777	3852866	96
44	53	1104.78	2	9.81	7.45	12.17	397755	1793	3787844	245
66	91	124.43	2	3.81	5.08	2.54	392869	3461	3766963	799
112	137	64.97	2	2.20	2.90	1.51	181587	707	3601425	151
113	136	62.91	2	2.81	2.10	3.52	194824	644	3569302	99
116	142	278.55	2	5.31	4.37	6.26	187872	2215	3621566	223
129	155	24.59	2	2.55	2.81	2.30	253268	173	3581198	113
130	150	54.33	2	2.73	4.73	0.73	330963	343	3648639	212
131	149	98.99	2	4.22	7.27	1.17	319578	371	3591397	120
135	146	183.32	2	6.55	11.49	1.60	308639	963	3571543	33
140	150	322.80	2	5.28	6.18	4.38	326109	1676	3587858	328
141	152	277.99	2	6.93	7.64	6.22	290426	1803	3556868	798
141	158	68.45	2	2.49	1.88	3.11	305053	796	3564036	351
152	163	111.70	2	3.17	2.49	3.86	359331	3543	3602096	285
157	224	60.33	2	2.05	3.31	0.79	394369	2405	3368903	155
172	218	83.68	2	5.23	3.03	7.43	362351	1724	3304353	14
173	217	99.93	2	4.19	2.33	6.04	368845	2032	3336443	18
182	208	87.55	2	4.03	2.68	5.38	396423	584	3400534	147
197	243	39.00	2	2.63	4.22	1.05	391150	536	3106046	92
208	223	84.63	2	3.50	5.20	1.81	405103	1030	3290860	106
209	222	81.72	2	3.37	4.36	2.38	400457	883	3227103	111
210	221	38.69	2	2.10	3.53	0.67	408197	1176	3361511	64
22	217	25.48	0	1.37	1.20	1.54	402129	2308	3340139	30
25	215	36.85	0	1.49	2.52	0.46	409177	6385	3520326	51
26	106	44.72	0	1.10	1.15	1.04	259471	1218	3774644	169
28	64	57.51	0	0.98	1.75	0.22	414217	2730	3825041	86
32	50	44.10	0	1.02	0.06	1.99	422540	13725	3853030	156
33	92	105.90	0	1.98	2.43	1.52	409367	1146	3795638	178
34	52	81.90	0	1.80	1.67	1.92	421975	638	3862958	240
34	91	24.77	0	0.48	0.48	0.48	403767	1293	3794377	176
35	64	164.20	0	1.53	2.39	0.67	420499	1410	3834665	102
36	53	95.35	0	1.86	2.66	1.05	422368	458	3838157	140
37	347	24.68	0	1.34	0.83	1.84	411757	1141	2543227	43
41	58	105.10	0	1.83	0.83	2.83	417371	1545	3859941	55
41	69	239.17	0	1.37	1.89	0.85	412339	6060	3837067	70
47	56	96.95	0	7.86	7.55	8.16	409585	11642	3774391	89
52	73	67.10	0	1.25	1.57	0.93	411649	794	3806603	230
52	92	27.89	0	0.52	0.65	0.39	396712	1151	3804563	180
52	95	38.43	0	0.92	0.90	0.95	385764	1107	3758840	959
52	106	26.55	0	0.62	0.62	0.62	253043	642	3711873	125
53	72	142.69	0	1.29	1.57	1.01	411565	1752	3731656	223
53	94	65.02	0	1.02	0.72	1.32	384421	1354	3717337	1020
57	335	25.48	0	2.94	4.04	1.83	402771	10882	2528204	48
64	81	24.45	0	1.52	0.08	2.96	404056	865	3752165	90
67	90	134.76	0	4.30	7.01	1.59	383933	6005	3754955	527
69	86	130.80	0	1.56	0.45	2.66	382276	6585	3722249	181
84	153	64.96	0	1.75	1.93	1.57	358377	4386	3628656	117
88	105	24.64	0	0.78	0.56	0.99	245135	1263	3673524	102
90	153	29.99	0	0.52	0.33	0.72	360804	4948	3621609	221
90	159	70.15	0	1.75	0.81	2.68	383663	3141	3660398	113
115	162	53.13	0	1.83	2.58	1.09	177073	860	3614612	81
136	160	36.57	0	1.52	2.05	1.00	318695	1183	3522887	39
139	242	165.01	0	3.20	2.65	3.75	308553	3629	3164109	121
140	241	324.92	0	4.42	6.22	2.63	322297	5978	3229109	92
140	245	56.06	0	1.07	1.07	1.08	334708	2984	3116182	151
142	157	40.73	0	1.57	0.91	2.23	322411	1963	3601780	284
155	226	41.44	0	2.14	3.88	0.40	387703	1482	3314694	32
156	225	27.45	0	1.50	2.75	0.24	344647	1552	3258549	29
156	239	37.47	0	2.26	3.76	0.75	331083	2185	3137341	27
158	223	42.61	0	1.42	1.93	0.91	387421	1620	3370792	175
163	220	25.83	0	0.81	0.90	0.73	392660	3533	3355732	53
165	282	31.91	0	2.19	1.13	3.24	367484	5222	2669904	63
166	281	31.91	0	3.37	2.43	4.31	351429	3182	2727660	33
174	216	206.15	0	5.57	6.20	4.94	380922	5013	3449227	25
178	222	54.79	0	2.14	2.69	1.59	368882	4122	3326973	21
186	216	92.58	0	2.53	2.85	2.22	367706	1461	3427649	110
187	198	31.14	0	1.90	0.58	3.21	403279	330	3505462	79
188	217	51.53	0	1.98	0.85	3.11	379300	654	3297210	43
216	226	62.23	0	1.05	1.49	0.60	404873	7110	3334572	26
231	241	109.44	0	5.10	9.32	0.89	401207	2357	3209332	167
260	324	28.19	0	2.11	1.22	2.99	378758	3238	2951003	33
264	275	142.15	0	7.44	8.57	6.31	361514	9830	3028233	22
266	276	24.23	0	2.83	3.32	2.35	349754	5387	2977826	13
268	277	38.28	0	4.59	1.85	7.34	358309	2635	3066097	15
283	300	27.87	0	2.20	2.28	2.12	359046	7561	2977539	42
284	293	74.70	0	4.54	4.12	4.96	353799	3498	3168526	44
300	310	60.89	0	4.85	4.62	5.09	331376	3532	3038368	18
308	321	43.17	0	2.11	3.30	0.92	382797	3406	3114216	95
310	322	36.44	0	2.10	3.05	1.15	376547	2941	3225903	115
316	328	44.53	0	4.26	3.11	5.41	368410	1292	3005298	16
317	328	28.56	0	2.96	2.44	3.48	372676	1393	3021758	17
324	333	56.87	0	5.45	6.03	4.87	369869	4379	3174463	94
324	334	24.63	0	2.31	2.62	2.01	376635	6099	3129362	48
340	350	47.53	0	5.02	5.11	4.94	396705	1906	3252301	117
349	361	107.85	0	10.34	9.53	11.16	404991	1469	3343973	34
