398	Window=3	Metric=PAIRMAPPER	
i	j	Sig.	Class	Zij	Zi	Zj	Mod_Depth	Mod_Comuts	Unt_Depth	Unt_Comuts
188	197	152.84	1	6.26	2.60	9.92	381684	392	694042	5
27	87	64.84	2	2.19	1.61	2.78	378562	3679	758463	26
28	64	196.82	2	3.46	5.79	1.12	401373	2702	765766	21
33	73	99.57	2	2.06	2.74	1.38	413048	820	762270	55
34	52	168.41	2	4.15	3.98	4.31	412887	774	774864	55
36	63	139.07	2	3.09	5.58	0.61	417769	1161	777134	12
37	62	183.86	2	4.02	7.33	0.71	413218	1371	768233	12
37	72	157.56	2	3.80	6.28	1.32	416778	1275	770065	43
38	88	103.56	2	3.26	3.65	2.88	388837	3486	770854	20
41	58	122.64	2	2.22	1.04	3.40	406727	1549	772535	13
44	53	1061.73	2	10.99	8.47	13.52	387878	1861	760541	47
66	91	127.53	2	4.12	5.21	3.02	378564	3474	757553	155
67	90	100.16	2	3.23	5.23	1.23	370282	5651	752309	96
83	160	118.94	2	3.86	4.18	3.54	379202	3683	733947	6
112	137	66.03	2	2.29	2.94	1.64	184412	740	726429	27
113	136	49.43	2	2.24	1.72	2.76	197541	664	722143	18
116	142	257.95	2	5.45	4.35	6.55	190664	2303	729267	52
131	149	75.35	2	2.60	4.19	1.02	313806	405	727532	22
135	146	158.26	2	6.64	11.80	1.47	303092	1013	723101	8
136	160	64.94	2	2.78	3.62	1.93	311993	1209	713904	13
139	246	51.31	2	2.59	0.97	4.20	319294	1855	641273	23
140	150	317.69	2	6.50	6.93	6.07	319201	1868	723309	59
141	152	192.34	2	5.74	6.69	4.80	285681	1789	716638	153
142	157	72.92	2	2.98	1.85	4.11	317437	2167	725062	59
152	163	121.73	2	3.58	3.03	4.13	351398	3611	724165	59
172	218	62.57	2	3.57	2.37	4.76	355337	1846	674079	4
173	217	80.76	2	3.97	2.18	5.76	361247	2055	679553	5
182	208	45.10	2	2.62	2.09	3.15	383449	642	692582	21
187	198	43.40	2	2.81	1.00	4.62	391001	426	708467	17
208	223	142.64	2	6.50	9.97	3.02	394646	1301	681994	14
209	222	90.27	2	4.20	5.54	2.86	390992	1020	670150	22
210	221	87.36	2	5.12	8.50	1.74	396555	1487	695154	16
218	227	67.84	2	3.14	5.16	1.12	382501	1252	667197	8
22	197	25.75	0	1.46	1.24	1.68	395102	967	704953	4
26	106	52.94	0	1.32	1.38	1.26	251623	1255	757970	24
29	61	28.89	0	1.20	2.08	0.31	401546	691	762853	20
32	50	29.19	0	0.84	0.04	1.64	413272	13536	771668	41
33	92	67.06	0	1.46	1.84	1.09	396988	1190	760894	49
33	106	24.88	0	0.63	0.66	0.60	254648	630	743787	31
35	64	123.00	0	1.42	2.14	0.69	408396	1266	766752	24
36	53	40.92	0	1.06	1.60	0.52	413282	442	769461	22
41	69	243.24	0	1.53	2.08	0.98	400858	5550	768427	17
47	56	115.32	0	10.43	10.94	9.91	399635	10485	757013	15
53	72	122.80	0	1.29	1.56	1.02	401481	1795	749591	43
67	77	39.45	0	1.46	2.03	0.89	384316	3117	734136	121
69	86	140.26	0	2.07	0.56	3.59	370125	6309	747062	46
82	161	40.38	0	1.40	1.99	0.81	388687	3112	730666	4
84	153	73.07	0	2.41	2.65	2.17	346501	4245	724366	27
84	159	41.29	0	1.58	1.49	1.67	370775	2681	737184	17
90	159	40.48	0	1.06	0.48	1.64	371381	3090	735744	29
91	152	46.62	0	1.12	1.09	1.16	344822	3455	732917	77
116	224	29.09	0	0.51	0.49	0.52	219463	2122	686673	19
130	150	26.89	0	1.35	2.20	0.51	325131	373	736105	21
131	144	67.23	0	2.37	3.74	1.01	297921	1616	736614	29
135	192	25.09	0	1.94	1.87	2.01	295851	1473	703630	2
139	242	239.97	0	5.54	4.56	6.52	301985	3830	658804	19
140	241	354.08	0	5.66	7.72	3.60	313547	6015	666253	10
140	245	62.19	0	1.51	1.35	1.67	325142	2987	652038	19
155	226	36.47	0	2.20	3.95	0.45	377327	1581	678085	2
157	168	27.09	0	1.43	1.53	1.34	358362	2781	730038	35
158	243	26.64	0	1.07	1.13	1.01	377657	1882	662259	31
168	219	26.47	0	1.28	1.31	1.25	361917	5472	696546	14
174	216	191.06	0	5.74	6.16	5.32	373768	4882	700901	6
186	216	60.52	0	2.12	2.55	1.68	358341	1577	696658	19
188	217	42.13	0	1.86	0.72	3.00	369110	673	672345	5
202	255	28.18	0	0.98	0.54	1.42	365427	2211	607792	6
203	254	66.85	0	4.41	1.13	7.69	375165	2663	610308	4
216	226	130.70	0	2.62	3.64	1.60	395095	7180	690804	4
231	241	77.60	0	4.38	7.96	0.79	390386	2813	686349	20
264	275	126.15	0	7.31	7.65	6.98	354142	9379	668582	4
268	277	61.17	0	6.00	3.57	8.44	350763	2782	671333	1
283	300	24.20	0	2.25	1.82	2.68	350234	7007	666161	13
284	293	131.01	0	7.73	7.46	8.00	345119	3869	691657	17
300	310	52.43	0	4.95	5.79	4.11	321555	3289	675791	0
308	321	45.87	0	2.41	3.69	1.14	369315	3030	686241	19
312	325	157.42	0	5.76	4.18	7.34	358080	13855	678448	138
315	324	26.31	0	1.98	1.69	2.27	363683	4021	696418	2
316	328	36.06	0	3.51	2.14	4.88	356180	1298	669935	2
317	328	33.55	0	3.55	2.56	4.54	359878	1270	671885	3
320	330	51.84	0	4.21	3.40	5.02	372405	2523	702928	5
324	333	27.16	0	2.26	2.34	2.18	351676	3881	693566	16
339	360	27.57	0	2.57	2.77	2.36	400699	2221	717332	4
340	350	49.06	0	5.64	5.74	5.54	383711	1914	703613	24
349	361	79.98	0	7.28	6.84	7.72	395661	1292	718648	2
