Nucleotide	Sequence	Modified_mutations	Modified_read_depth	Modified_effective_depth	Modified_rate	Modified_off_target_mapped_depth	Modified_low_mapq_mapped_depth	Modified_primer_pair_1_mapped_depth	Untreated_mutations	Untreated_read_depth	Untreated_effective_depth	Untreated_rate	Untreated_off_target_mapped_depth	Untreated_low_mapq_mapped_depth	Untreated_primer_pair_1_mapped_depth	Denatured_mutations	Denatured_read_depth	Denatured_effective_depth	Denatured_rate	Denatured_off_target_mapped_depth	Denatured_low_mapq_mapped_depth	Denatured_primer_pair_1_mapped_depth	Reactivity_profile	Std_err	HQ_profile	HQ_stderr	Norm_profile	Norm_stderr
1	c	0	314744	0	nan	233114	54	314744	0	609884	0	nan	10168	195	609884	0	0	0	nan	0	0	0	nan	nan	nan	nan	nan	nan
2	a	0	316278	0	nan	234347	55	316278	0	612097	0	nan	10207	196	612097	0	0	0	nan	0	0	0	nan	nan	nan	nan	nan	nan
3	g	0	317282	0	nan	234983	55	317282	0	613629	0	nan	10236	196	613629	0	0	0	nan	0	0	0	nan	nan	nan	nan	nan	nan
4	a	0	317488	0	nan	235041	55	317488	0	613751	0	nan	10238	196	613751	0	0	0	nan	0	0	0	nan	nan	nan	nan	nan	nan
5	u	0	317741	0	nan	235137	55	317741	0	613917	0	nan	10241	196	613917	0	0	0	nan	0	0	0	nan	nan	nan	nan	nan	nan
6	c	0	318038	0	nan	235178	55	318038	0	613940	0	nan	10242	196	613940	0	0	0	nan	0	0	0	nan	nan	nan	nan	nan	nan
7	a	0	318163	0	nan	235183	55	318163	0	613951	0	nan	10242	196	613951	0	0	0	nan	0	0	0	nan	nan	nan	nan	nan	nan
8	c	0	318381	0	nan	235185	55	318381	0	613959	0	nan	10242	196	613959	0	0	0	nan	0	0	0	nan	nan	nan	nan	nan	nan
9	u	0	318599	0	nan	235188	55	318599	0	613964	0	nan	10242	196	613964	0	0	0	nan	0	0	0	nan	nan	nan	nan	nan	nan
10	a	0	318740	0	nan	235199	55	318740	0	613969	0	nan	10242	196	613969	0	0	0	nan	0	0	0	nan	nan	nan	nan	nan	nan
11	g	0	318873	0	nan	235201	56	318873	0	613970	0	nan	10242	196	613970	0	0	0	nan	0	0	0	nan	nan	nan	nan	nan	nan
12	a	0	318873	0	nan	235267	56	318873	0	613971	0	nan	10245	196	613970	0	0	0	nan	0	0	0	nan	nan	nan	nan	nan	nan
13	a	0	318873	0	nan	235309	56	318873	0	613971	0	nan	10246	196	613970	0	0	0	nan	0	0	0	nan	nan	nan	nan	nan	nan
14	g	0	318873	0	nan	235348	56	318873	0	613974	0	nan	10248	196	613970	0	0	0	nan	0	0	0	nan	nan	nan	nan	nan	nan
15	c	0	318873	0	nan	235411	56	318873	0	613987	0	nan	10254	196	613970	0	0	0	nan	0	0	0	nan	nan	nan	nan	nan	nan
16	u	0	318873	0	nan	235440	56	318873	0	613987	0	nan	10254	196	613970	0	0	0	nan	0	0	0	nan	nan	nan	nan	nan	nan
17	u	0	318873	0	nan	235605	56	318873	0	613990	0	nan	10257	197	613970	0	0	0	nan	0	0	0	nan	nan	nan	nan	nan	nan
18	u	0	318873	0	nan	235718	56	318873	0	613990	0	nan	10258	197	613970	0	0	0	nan	0	0	0	nan	nan	nan	nan	nan	nan
19	a	0	318873	0	nan	235802	56	318873	0	613990	0	nan	10261	197	613970	0	0	0	nan	0	0	0	nan	nan	nan	nan	nan	nan
20	u	0	318873	0	nan	235915	56	318873	0	613990	0	nan	10261	197	613970	0	0	0	nan	0	0	0	nan	nan	nan	nan	nan	nan
21	u	0	318873	0	nan	236075	56	318873	0	613990	0	nan	10262	197	613970	0	0	0	nan	0	0	0	nan	nan	nan	nan	nan	nan
22	g	0	318873	0	nan	236194	56	318873	0	613991	0	nan	10263	197	613970	0	0	0	nan	0	0	0	nan	nan	nan	nan	nan	nan
23	c	0	318873	0	nan	236371	56	318873	0	613992	0	nan	10264	197	613970	0	0	0	nan	0	0	0	nan	nan	nan	nan	nan	nan
24	g	0	318873	0	nan	236564	57	318873	0	613517	0	nan	10264	197	613495	0	0	0	nan	0	0	0	nan	nan	nan	nan	nan	nan
25	g	0	318873	0	nan	236651	57	318873	0	613371	0	nan	10266	196	613349	0	0	0	nan	0	0	0	nan	nan	nan	nan	nan	nan
26	U	0	318873	293660	0.000000	236593	57	318873	1	613161	561788	0.000002	10250	196	613138	0	0	0	nan	0	0	0	-0.000002	0.000002	-0.000002	0.000002	-0.000028	0.000028
27	A	10001	318873	286675	0.034886	236532	57	318873	304	613003	569740	0.000534	10250	196	612980	0	0	0	nan	0	0	0	0.034353	0.000350	0.034353	0.000350	0.486575	0.004957
28	G	6407	318873	281669	0.022747	236531	57	318873	1167	612905	537186	0.002172	10251	196	612881	0	0	0	nan	0	0	0	0.020574	0.000291	0.020574	0.000291	0.291410	0.004122
29	U	3528	318873	290155	0.012159	236516	57	318873	1009	612785	532781	0.001894	10252	196	612760	0	0	0	nan	0	0	0	0.010265	0.000213	0.010265	0.000213	0.145393	0.003017
30	U	4224	318873	286692	0.014734	236443	57	318873	284	612667	533702	0.000532	10252	196	612642	0	0	0	nan	0	0	0	0.014201	0.000229	0.014201	0.000229	0.201143	0.003244
31	U	3917	318873	288306	0.013586	236235	57	318873	272	612471	562487	0.000484	10253	196	612446	0	0	0	nan	0	0	0	0.013103	0.000219	0.013103	0.000219	0.185591	0.003102
32	A	11412	318873	282785	0.040356	235943	57	318873	360	612292	575728	0.000625	10252	195	612267	0	0	0	nan	0	0	0	0.039730	0.000379	0.039730	0.000379	0.562735	0.005368
33	U	3576	318873	277826	0.012871	235795	57	318873	499	612113	576327	0.000866	10252	195	612088	0	0	0	nan	0	0	0	0.012006	0.000219	0.012006	0.000219	0.170053	0.003102
34	C	19216	318873	266328	0.072152	235356	57	318873	347	611900	550920	0.000630	10251	195	611875	0	0	0	nan	0	0	0	0.071522	0.000522	0.071522	0.000522	1.013036	0.007394
35	A	24775	318873	278236	0.089043	235252	57	318873	2399	611668	553065	0.004338	10248	195	611643	0	0	0	nan	0	0	0	0.084705	0.000573	0.084705	0.000573	1.199759	0.008116
36	C	19206	318873	279241	0.068779	235078	57	318873	263	611455	545601	0.000482	10247	195	611429	0	0	0	nan	0	0	0	0.068297	0.000497	0.068297	0.000497	0.967357	0.007039
37	A	10125	318873	288217	0.035130	234951	56	318873	315	611219	571755	0.000551	10248	195	611193	0	0	0	nan	0	0	0	0.034579	0.000350	0.034579	0.000350	0.489776	0.004957
38	G	2411	318873	287081	0.008398	234800	56	318873	661	611006	554870	0.001191	10251	195	610978	0	0	0	nan	0	0	0	0.007207	0.000177	0.007207	0.000177	0.102080	0.002507
39	U	3781	318873	288628	0.013100	234676	55	318873	467	610802	559164	0.000835	10297	194	610759	0	0	0	nan	0	0	0	0.012265	0.000217	0.012265	0.000217	0.173721	0.003074
40	U	4793	318873	278349	0.017219	234584	54	318873	337	610615	543270	0.000620	10295	193	610572	0	0	0	nan	0	0	0	0.016599	0.000251	0.016599	0.000251	0.235108	0.003555
41	A	7406	318873	262529	0.028210	234329	51	318873	671	610287	536245	0.001251	10291	186	610242	0	0	0	nan	0	0	0	0.026959	0.000331	0.026959	0.000331	0.381847	0.004688
42	A	27317	318873	270549	0.100969	234077	51	318873	867	610031	526283	0.001647	10291	181	609986	0	0	0	nan	0	0	0	0.099321	0.000613	0.099321	0.000613	1.406780	0.008683
43	A	27349	318873	283582	0.096441	233923	50	318873	1151	609808	541069	0.002127	10289	181	609763	0	0	0	nan	0	0	0	0.094314	0.000587	0.094314	0.000587	1.335861	0.008314
44	U	3618	318873	290602	0.012450	233787	50	318873	320	609647	556925	0.000575	10289	181	609602	0	0	0	nan	0	0	0	0.011875	0.000209	0.011875	0.000209	0.168197	0.002960
45	U	2872	318873	291612	0.009849	233630	51	318873	284	609421	565201	0.000502	10279	181	609376	0	0	0	nan	0	0	0	0.009346	0.000186	0.009346	0.000186	0.132377	0.002634
46	G	2419	318873	289370	0.008360	233472	51	318873	1682	609192	557254	0.003018	10280	180	609146	0	0	0	nan	0	0	0	0.005341	0.000185	0.005341	0.000185	0.075650	0.002620
47	C	11887	318873	290899	0.040863	233375	51	318873	1070	609061	558917	0.001914	10280	180	609015	0	0	0	nan	0	0	0	0.038949	0.000379	0.038949	0.000379	0.551673	0.005368
48	U	1934	318873	283693	0.006817	233204	51	318873	198	608907	559529	0.000354	10264	173	608860	0	0	0	nan	0	0	0	0.006463	0.000157	0.006463	0.000157	0.091542	0.002224
49	A	3037	318873	276277	0.010993	232991	51	318873	535	608754	560877	0.000954	10266	173	608707	0	0	0	nan	0	0	0	0.010039	0.000204	0.010039	0.000204	0.142192	0.002889
50	A	22538	318873	279019	0.080776	232623	51	318873	505	608470	560634	0.000901	10327	173	608421	0	0	0	nan	0	0	0	0.079875	0.000540	0.079875	0.000540	1.131347	0.007649
51	C	24267	318873	280369	0.086554	232225	51	318873	354	608074	560587	0.000631	10326	173	608025	0	0	0	nan	0	0	0	0.085922	0.000557	0.085922	0.000557	1.216997	0.007889
52	G	3300	318873	284123	0.011615	231907	51	318873	1264	607624	565792	0.002234	10324	172	607574	0	0	0	nan	0	0	0	0.009381	0.000212	0.009381	0.000212	0.132872	0.003003
53	C	7648	318873	278211	0.027490	231606	51	318873	1445	607295	554516	0.002606	10319	172	607244	0	0	0	nan	0	0	0	0.024884	0.000322	0.024884	0.000322	0.352456	0.004561
54	A	19177	318873	282056	0.067990	231253	49	318873	428	606927	547343	0.000782	10277	170	606875	0	0	0	nan	0	0	0	0.067208	0.000492	0.067208	0.000492	0.951932	0.006969
55	G	2085	318873	281750	0.007400	231073	49	318873	337	606719	541465	0.000622	10258	170	606665	0	0	0	nan	0	0	0	0.006778	0.000166	0.006778	0.000166	0.096003	0.002351
56	U	8172	318873	286956	0.028478	230915	49	318873	832	606604	547957	0.001518	10218	169	606550	0	0	0	nan	0	0	0	0.026960	0.000319	0.026960	0.000319	0.381861	0.004518
57	C	20029	318873	288292	0.069475	230763	48	318873	616	606463	560738	0.001099	10215	167	606407	0	0	0	nan	0	0	0	0.068376	0.000493	0.068376	0.000493	0.968476	0.006983
58	A	18011	318873	294407	0.061177	230566	48	318873	412	606146	564656	0.000730	10125	167	606089	0	0	0	nan	0	0	0	0.060448	0.000457	0.060448	0.000457	0.856184	0.006473
59	G	4624	318873	297446	0.015546	230401	48	318873	349	605756	573463	0.000609	10110	166	605698	0	0	0	nan	0	0	0	0.014937	0.000231	0.014937	0.000231	0.211567	0.003272
60	U	5718	318873	295638	0.019341	230264	48	318873	396	605572	568575	0.000696	10094	166	605513	0	0	0	nan	0	0	0	0.018645	0.000258	0.018645	0.000258	0.264087	0.003654
61	G	3984	318873	292989	0.013598	230129	47	318873	1322	605411	560674	0.002358	10087	166	605350	0	0	0	nan	0	0	0	0.011240	0.000225	0.011240	0.000225	0.159203	0.003187
62	G	1943	318873	288136	0.006743	229970	47	318873	795	605164	537189	0.001480	10082	165	605099	0	0	0	nan	0	0	0	0.005263	0.000162	0.005263	0.000162	0.074545	0.002295
63	G	2272	318873	286409	0.007933	229831	47	318873	2396	605011	541944	0.004421	10076	165	604940	0	0	0	nan	0	0	0	0.003512	0.000189	0.003512	0.000189	0.049744	0.002677
64	C	4060	318873	286278	0.014182	229690	47	318873	1539	604930	546334	0.002817	10071	164	604856	0	0	0	nan	0	0	0	0.011365	0.000234	0.011365	0.000234	0.160974	0.003314
65	C	12272	318873	285950	0.042917	229434	46	318873	345	604677	561150	0.000615	10066	159	604599	0	0	0	nan	0	0	0	0.042302	0.000389	0.042302	0.000389	0.599164	0.005510
66	U	4685	318873	287771	0.016280	229166	45	318873	687	604458	569638	0.001206	10059	159	604379	0	0	0	nan	0	0	0	0.015074	0.000242	0.015074	0.000242	0.213508	0.003428
67	C	27183	318873	281119	0.096696	228975	43	318873	769	604238	568075	0.001354	10058	157	604157	0	0	0	nan	0	0	0	0.095342	0.000589	0.095342	0.000589	1.350422	0.008343
68	G	2897	318873	280793	0.010317	228684	42	318873	776	603544	552483	0.001405	10058	155	603457	0	0	0	nan	0	0	0	0.008913	0.000198	0.008913	0.000198	0.126244	0.002804
69	G	3714	318873	280486	0.013241	228603	42	318873	2947	603198	549273	0.005365	10058	155	603106	0	0	0	nan	0	0	0	0.007876	0.000239	0.007876	0.000239	0.111555	0.003385
70	C	21026	318873	284090	0.074012	228409	42	318873	1725	602950	543226	0.003175	10057	152	602853	0	0	0	nan	0	0	0	0.070836	0.000516	0.070836	0.000516	1.003319	0.007309
71	G	1524	318873	288242	0.005287	228160	42	318873	805	602509	548839	0.001467	10045	150	602399	0	0	0	nan	0	0	0	0.003820	0.000145	0.003820	0.000145	0.054106	0.002054
72	G	3023	318873	285805	0.010577	227768	42	318873	2191	602243	544644	0.004023	10043	150	602127	0	0	0	nan	0	0	0	0.006554	0.000211	0.006554	0.000211	0.092831	0.002989
73	C	4278	318873	285506	0.014984	227382	42	318873	2504	602074	540924	0.004629	10041	148	601956	0	0	0	nan	0	0	0	0.010355	0.000247	0.010355	0.000247	0.146668	0.003499
74	C	7959	318873	278289	0.028600	226652	38	318873	784	601820	530400	0.001478	10034	145	601702	0	0	0	nan	0	0	0	0.027122	0.000325	0.027122	0.000325	0.384155	0.004603
75	A	21842	318873	273156	0.079962	226646	37	318873	721	601645	526943	0.001368	10030	143	601518	0	0	0	nan	0	0	0	0.078593	0.000543	0.078593	0.000543	1.113189	0.007691
76	A	24210	318873	278833	0.086826	226439	37	318873	289	601499	524821	0.000551	10030	141	601367	0	0	0	nan	0	0	0	0.086276	0.000559	0.086276	0.000559	1.222011	0.007918
77	G	2435	318873	286889	0.008488	226246	37	318873	1696	601282	539877	0.003141	10026	139	601146	0	0	0	nan	0	0	0	0.005346	0.000188	0.005346	0.000188	0.075721	0.002663
78	C	13671	318873	293412	0.046593	226058	37	318873	1511	601032	538716	0.002805	10022	139	600892	0	0	0	nan	0	0	0	0.043788	0.000405	0.043788	0.000405	0.620212	0.005736
79	U	2659	318873	297945	0.008924	225891	37	318873	273	600814	550341	0.000496	10020	139	600670	0	0	0	nan	0	0	0	0.008428	0.000176	0.008428	0.000176	0.119374	0.002493
80	U	2360	318873	294630	0.008010	225585	37	318873	353	600551	545431	0.000647	10017	138	600400	0	0	0	nan	0	0	0	0.007363	0.000168	0.007363	0.000168	0.104289	0.002380
81	G	1927	318873	292926	0.006578	225003	37	318873	685	600163	542253	0.001263	10016	137	599990	0	0	0	nan	0	0	0	0.005315	0.000157	0.005315	0.000157	0.075282	0.002224
82	G	5391	318873	292522	0.018429	224702	35	318873	2070	599948	539850	0.003834	10011	134	599767	0	0	0	nan	0	0	0	0.014595	0.000265	0.014595	0.000265	0.206723	0.003753
83	C	9298	318873	288474	0.032232	224412	35	318873	1264	599850	537920	0.002350	10008	134	599665	0	0	0	nan	0	0	0	0.029882	0.000341	0.029882	0.000341	0.423248	0.004830
84	A	13448	318873	286998	0.046857	224076	35	318873	393	599745	540509	0.000727	10007	134	599553	0	0	0	nan	0	0	0	0.046130	0.000406	0.046130	0.000406	0.653384	0.005751
85	A	19688	318873	288654	0.068206	223776	35	318873	357	599625	538364	0.000663	10006	133	599431	0	0	0	nan	0	0	0	0.067543	0.000487	0.067543	0.000487	0.956677	0.006898
86	U	3066	318873	289576	0.010588	223424	34	318873	1448	599363	538103	0.002691	10001	133	599165	0	0	0	nan	0	0	0	0.007897	0.000204	0.007897	0.000204	0.111853	0.002889
87	C	13479	318873	291950	0.046169	223210	34	318873	887	599123	542418	0.001635	9997	132	598909	0	0	0	nan	0	0	0	0.044534	0.000401	0.044534	0.000401	0.630778	0.005680
88	C	10304	318873	293501	0.035107	222815	34	318873	424	598913	539065	0.000787	9994	132	598685	0	0	0	nan	0	0	0	0.034321	0.000348	0.034321	0.000348	0.486122	0.004929
89	G	4199	318873	290854	0.014437	222307	34	318873	1631	598686	532382	0.003064	9991	132	598448	0	0	0	nan	0	0	0	0.011373	0.000235	0.011373	0.000235	0.161087	0.003329
90	G	2076	318873	289252	0.007177	222053	34	318873	773	598470	528682	0.001462	9987	132	598222	0	0	0	nan	0	0	0	0.005715	0.000166	0.005715	0.000166	0.080947	0.002351
91	U	3939	318873	284838	0.013829	221739	34	318873	379	598302	532777	0.000711	9978	132	598047	0	0	0	nan	0	0	0	0.013118	0.000223	0.013118	0.000223	0.185803	0.003159
92	A	18485	318873	289097	0.063940	221600	34	318873	312	598249	552184	0.000565	9974	132	597990	0	0	0	nan	0	0	0	0.063375	0.000471	0.063375	0.000471	0.897642	0.006671
93	C	16275	318873	297084	0.054782	221531	34	318873	248	598179	559098	0.000444	9972	132	597917	0	0	0	nan	0	0	0	0.054339	0.000430	0.054339	0.000430	0.769656	0.006091
94	U	2529	318873	298458	0.008474	221417	34	318873	262	598034	555173	0.000472	9993	132	597767	0	0	0	nan	0	0	0	0.008002	0.000171	0.008002	0.000171	0.113340	0.002422
95	G	3118	318873	298604	0.010442	221260	34	318873	518	597853	558829	0.000927	9993	131	597575	0	0	0	nan	0	0	0	0.009515	0.000191	0.009515	0.000191	0.134770	0.002705
96	U	3865	318873	298794	0.012935	221173	34	318873	375	597711	559886	0.000670	9992	131	597427	0	0	0	nan	0	0	0	0.012266	0.000211	0.012266	0.000211	0.173735	0.002989
97	U	2757	318873	296772	0.009290	221035	34	318873	299	597509	554236	0.000539	9989	129	597217	0	0	0	nan	0	0	0	0.008750	0.000180	0.008750	0.000180	0.123935	0.002550
98	G	4461	318873	291618	0.015297	220945	34	318873	1472	597306	538996	0.002731	9988	129	596999	0	0	0	nan	0	0	0	0.012566	0.000240	0.012566	0.000240	0.177985	0.003399
99	G	2567	318873	290520	0.008836	220813	34	318873	466	597157	534280	0.000872	9985	129	596832	0	0	0	nan	0	0	0	0.007964	0.000179	0.007964	0.000179	0.112802	0.002535
100	U	2944	318873	279883	0.010519	220623	34	318873	330	597038	535823	0.000616	9984	129	596706	0	0	0	nan	0	0	0	0.009903	0.000197	0.009903	0.000197	0.140266	0.002790
101	A	13400	318873	269430	0.049735	220411	34	318873	938	596932	542711	0.001728	9980	127	596593	0	0	0	nan	0	0	0	0.048006	0.000433	0.048006	0.000433	0.679956	0.006133
102	A	25903	318873	280050	0.092494	220127	34	318873	404	596841	544582	0.000742	9978	127	596490	0	0	0	nan	0	0	0	0.091752	0.000576	0.091752	0.000576	1.299573	0.008158
103	A	19364	318873	281729	0.068733	219905	34	318873	489	596614	545375	0.000897	9974	119	596260	0	0	0	nan	0	0	0	0.067836	0.000496	0.067836	0.000496	0.960827	0.007025
104	G	3343	318873	281373	0.011881	219748	34	318873	2097	596389	543431	0.003859	9974	118	596029	0	0	0	nan	0	0	0	0.008022	0.000222	0.008022	0.000222	0.113623	0.003144
105	C	4760	318873	275608	0.017271	219499	34	318873	2037	596181	538472	0.003783	9969	114	595814	0	0	0	nan	0	0	0	0.013488	0.000264	0.013488	0.000264	0.191044	0.003739
106	C	4252	318873	273764	0.015532	218970	34	318873	379	595858	536903	0.000706	9966	114	595485	0	0	0	nan	0	0	0	0.014826	0.000241	0.014826	0.000241	0.209995	0.003414
107	A	20723	318873	280331	0.073923	218476	34	318873	566	595479	532810	0.001062	9957	111	595090	0	0	0	nan	0	0	0	0.072861	0.000515	0.072861	0.000515	1.032001	0.007294
108	C	12651	318873	283254	0.044663	218001	34	318873	516	595064	534505	0.000965	9955	111	594661	0	0	0	nan	0	0	0	0.043698	0.000399	0.043698	0.000399	0.618937	0.005651
109	C	11814	318873	282295	0.041850	216974	34	318873	339	594493	525624	0.000645	9952	109	594081	0	0	0	nan	0	0	0	0.041205	0.000387	0.041205	0.000387	0.583627	0.005481
110	A	19022	318873	283461	0.067106	216588	34	318873	401	594080	523071	0.000767	9946	109	593661	0	0	0	nan	0	0	0	0.066340	0.000488	0.066340	0.000488	0.939638	0.006912
111	U	3648	318873	285819	0.012763	216286	34	318873	290	593858	519706	0.000558	9945	109	593430	0	0	0	nan	0	0	0	0.012205	0.000214	0.012205	0.000214	0.172871	0.003031
112	G	2491	318873	289171	0.008614	216147	34	318873	826	593732	533249	0.001549	9943	109	593299	0	0	0	nan	0	0	0	0.007065	0.000181	0.007065	0.000181	0.100068	0.002564
113	G	2175	318873	290194	0.007495	215988	34	318873	837	593534	540396	0.001549	9938	107	593096	0	0	0	nan	0	0	0	0.005946	0.000169	0.005946	0.000169	0.084219	0.002394
114	U	1595	318873	291011	0.005481	215792	36	318873	875	592535	544941	0.001606	7987	51	592101	0	0	0	nan	0	0	0	0.003875	0.000148	0.003875	0.000148	0.054885	0.002096
115	C	3378	318873	293954	0.011492	215565	34	318873	1971	592381	550772	0.003579	7984	51	591940	0	0	0	nan	0	0	0	0.007913	0.000214	0.007913	0.000214	0.112080	0.003031
116	U	1086	318873	294416	0.003689	215384	34	318873	591	592162	553227	0.001068	7967	51	591716	0	0	0	nan	0	0	0	0.002620	0.000120	0.002620	0.000120	0.037110	0.001700
117	U	1523	318873	274113	0.005556	215120	35	318873	782	591831	552329	0.001416	7967	51	591370	0	0	0	nan	0	0	0	0.004140	0.000151	0.004140	0.000151	0.058639	0.002139
118	C	4149	318873	263722	0.015732	214655	35	318873	460	591504	550465	0.000836	7968	50	591027	0	0	0	nan	0	0	0	0.014897	0.000247	0.014897	0.000247	0.211001	0.003499
119	A	21260	318873	257601	0.082531	213943	35	318873	349	591226	550339	0.000634	7966	50	590729	0	0	0	nan	0	0	0	0.081897	0.000567	0.081897	0.000567	1.159987	0.008031
120	C	33221	318873	250424	0.132659	213669	35	318873	323	591045	551819	0.000585	7969	50	590527	0	0	0	nan	0	0	0	0.132074	0.000729	0.132074	0.000729	1.870693	0.010326
121	A	21118	318873	253134	0.083426	213017	35	318873	278	590736	544604	0.000510	7969	47	590206	0	0	0	nan	0	0	0	0.082916	0.000575	0.082916	0.000575	1.174420	0.008144
122	C	29281	318873	254308	0.115140	212679	35	318873	313	590419	538046	0.000582	7969	47	589875	0	0	0	nan	0	0	0	0.114558	0.000674	0.114558	0.000674	1.622597	0.009547
123	U	6854	318873	266726	0.025697	212066	35	318873	435	590028	530113	0.000821	7967	46	589480	0	0	0	nan	0	0	0	0.024876	0.000313	0.024876	0.000313	0.352343	0.004433
124	C	29497	318873	273644	0.107793	211171	35	318873	590	589408	521098	0.001132	7961	44	588852	0	0	0	nan	0	0	0	0.106661	0.000629	0.106661	0.000629	1.510744	0.008909
125	G	1210	318873	266578	0.004539	209861	36	318873	358	588435	494577	0.000724	7960	42	587865	0	0	0	nan	0	0	0	0.003815	0.000136	0.003815	0.000136	0.054036	0.001926
126	A	7613	318873	259957	0.029286	209401	36	318873	518	588006	473790	0.001093	7960	41	587424	0	0	0	nan	0	0	0	0.028192	0.000339	0.028192	0.000339	0.399311	0.004802
127	A	8453	318873	264170	0.031998	209067	38	318873	594	587722	470254	0.001263	7957	41	587132	0	0	0	nan	0	0	0	0.030735	0.000352	0.030735	0.000352	0.435330	0.004986
128	G	1540	318873	265509	0.005800	208897	38	318873	327	587561	487953	0.000670	7956	32	586959	0	0	0	nan	0	0	0	0.005130	0.000152	0.005130	0.000152	0.072661	0.002153
129	A	13789	318873	273670	0.050386	208695	38	318873	993	587415	506706	0.001960	7953	31	586804	0	0	0	nan	0	0	0	0.048426	0.000434	0.048426	0.000434	0.685905	0.006147
130	U	2099	318873	278792	0.007529	208531	37	318873	471	587236	521330	0.000903	7943	26	586619	0	0	0	nan	0	0	0	0.006625	0.000170	0.006625	0.000170	0.093836	0.002408
131	U	4350	318873	291057	0.014946	208359	37	318873	268	587018	538734	0.000497	7926	26	586389	0	0	0	nan	0	0	0	0.014448	0.000229	0.014448	0.000229	0.204641	0.003244
132	U	5178	318873	286524	0.018072	208035	36	318873	475	586797	542778	0.000875	7925	26	586152	0	0	0	nan	0	0	0	0.017197	0.000254	0.017197	0.000254	0.243578	0.003598
133	C	21066	318873	281057	0.074953	207407	35	318873	10430	586140	524850	0.019872	7924	24	585493	0	0	0	nan	0	0	0	0.055080	0.000552	0.055080	0.000552	0.780152	0.007819
134	G	6204	318873	282067	0.021995	206831	35	318873	394	585058	508597	0.000775	7920	21	584404	0	0	0	nan	0	0	0	0.021220	0.000282	0.021220	0.000282	0.300560	0.003994
135	U	2854	318873	282023	0.010120	206288	35	318873	309	583931	507346	0.000609	7910	20	583270	0	0	0	nan	0	0	0	0.009511	0.000193	0.009511	0.000193	0.134714	0.002734
136	U	2960	318873	275232	0.010755	205560	35	318873	210	582650	493862	0.000425	7909	20	581986	0	0	0	nan	0	0	0	0.010329	0.000200	0.010329	0.000200	0.146300	0.002833
137	G	5321	318873	271447	0.019602	204445	35	318873	1469	581167	473619	0.003102	7909	18	580499	0	0	0	nan	0	0	0	0.016501	0.000281	0.016501	0.000281	0.233720	0.003980
138	G	2105	318873	270660	0.007777	203713	35	318873	774	580435	450826	0.001717	7909	16	579760	0	0	0	nan	0	0	0	0.006060	0.000180	0.006060	0.000180	0.085834	0.002550
139	G	1383	318873	275446	0.005021	202851	35	318873	645	579853	463980	0.001390	7906	15	579171	0	0	0	nan	0	0	0	0.003631	0.000146	0.003631	0.000146	0.051429	0.002068
140	G	1301	318873	261163	0.004982	202206	35	318873	542	579443	462646	0.001172	7904	14	578758	0	0	0	nan	0	0	0	0.003810	0.000147	0.003810	0.000147	0.053965	0.002082
141	A	18764	318873	263523	0.071204	201451	33	318873	503	579064	489376	0.001028	7901	14	578378	0	0	0	nan	0	0	0	0.070177	0.000522	0.070177	0.000522	0.993985	0.007394
142	C	20335	318873	262503	0.077466	201203	33	318873	258	578858	493038	0.000523	7896	11	578171	0	0	0	nan	0	0	0	0.076942	0.000544	0.076942	0.000544	1.089805	0.007705
143	U	2540	318873	271879	0.009342	200918	33	318873	326	578590	511360	0.000638	7896	11	577901	0	0	0	nan	0	0	0	0.008705	0.000189	0.008705	0.000189	0.123297	0.002677
144	G	1545	318873	271419	0.005692	200498	33	318873	579	578307	513184	0.001128	7894	11	577615	0	0	0	nan	0	0	0	0.004564	0.000152	0.004564	0.000152	0.064644	0.002153
145	G	2624	318873	269269	0.009745	199804	30	318873	2632	577975	520734	0.005054	7894	11	577278	0	0	0	nan	0	0	0	0.004690	0.000214	0.004690	0.000214	0.066429	0.003031
146	C	5559	318873	260588	0.021333	198675	29	318873	882	577682	519902	0.001696	7894	11	576975	0	0	0	nan	0	0	0	0.019636	0.000292	0.019636	0.000292	0.278124	0.004136
147	G	1318	318873	244240	0.005396	197418	29	318873	440	577237	501797	0.000877	7892	11	576518	0	0	0	nan	0	0	0	0.004519	0.000154	0.004519	0.000154	0.064007	0.002181
148	A	15397	318873	239923	0.064175	195651	29	318873	408	576891	503526	0.000810	7891	11	576159	0	0	0	nan	0	0	0	0.063364	0.000519	0.063364	0.000519	0.897486	0.007351
149	C	13327	318873	222998	0.059763	194794	32	318873	366	576766	505378	0.000724	7892	11	576026	0	0	0	nan	0	0	0	0.059039	0.000519	0.059039	0.000519	0.836227	0.007351
150	A	18834	318873	220408	0.085451	192466	31	318873	351	576558	521015	0.000674	7890	11	575817	0	0	0	nan	0	0	0	0.084777	0.000624	0.084777	0.000624	1.200779	0.008838
151	G	1559	318873	197649	0.007888	190816	29	318873	367	576286	518361	0.000708	7890	11	575537	0	0	0	nan	0	0	0	0.007180	0.000203	0.007180	0.000203	0.101697	0.002875
152	A	12828	318873	200434	0.064001	188757	29	318873	242	576156	520550	0.000465	7890	11	575407	0	0	0	nan	0	0	0	0.063536	0.000566	0.063536	0.000566	0.899922	0.008017
153	C	10604	318873	161484	0.065666	186283	28	318873	320	576022	525104	0.000609	7890	11	575268	0	0	0	nan	0	0	0	0.065057	0.000639	0.065057	0.000639	0.921466	0.009051
154	A	8730	318873	148011	0.058982	182913	24	318873	204	575858	524513	0.000389	7888	10	575099	0	0	0	nan	0	0	0	0.058593	0.000632	0.058593	0.000632	0.829910	0.008952
155	G	1058	318873	147828	0.007157	178694	24	318873	3274	575667	526261	0.006221	7889	10	574902	0	0	0	nan	0	0	0	0.000936	0.000245	0.000936	0.000245	0.013257	0.003470
156	C	2613	318873	134513	0.019426	171243	24	318873	1194	575532	530941	0.002249	7889	7	574766	0	0	0	nan	0	0	0	0.017177	0.000386	0.017177	0.000386	0.243295	0.005467
157	C	2346	318873	135546	0.017308	169172	24	318873	455	575231	528791	0.000860	7889	7	574460	0	0	0	nan	0	0	0	0.016447	0.000360	0.016447	0.000360	0.232955	0.005099
158	G	766	318873	106388	0.007200	165722	24	318873	794	574899	519893	0.001527	7889	7	574119	0	0	0	nan	0	0	0	0.005673	0.000266	0.005673	0.000266	0.080352	0.003768
159	G	1215	318873	86725	0.014010	161488	22	318873	3231	574647	517773	0.006240	7883	7	573858	0	0	0	nan	0	0	0	0.007770	0.000417	0.007770	0.000417	0.110054	0.005906
160	C	13507	318873	87061	0.155144	159030	22	318873	2428	574460	519981	0.004669	7882	7	573670	0	0	0	nan	0	0	0	0.150475	0.001338	0.150475	0.001338	2.131324	0.018951
161	U	1121	318873	109301	0.010256	157413	22	318873	281	574224	515634	0.000545	7881	7	573432	0	0	0	nan	0	0	0	0.009711	0.000308	0.009711	0.000308	0.137546	0.004363
162	A	4648	318873	136250	0.034114	154131	22	318873	297	573952	519807	0.000571	7880	7	573155	0	0	0	nan	0	0	0	0.033542	0.000501	0.033542	0.000501	0.475088	0.007096
163	C	2304	318873	129124	0.017843	149836	29	318873	203	573870	523786	0.000388	7880	8	573072	0	0	0	nan	0	0	0	0.017456	0.000373	0.017456	0.000373	0.247246	0.005283
164	A	1981	318873	98356	0.020141	147216	29	318873	195	573704	523962	0.000372	7879	7	572907	0	0	0	nan	0	0	0	0.019769	0.000453	0.019769	0.000453	0.280008	0.006416
165	A	3459	318873	120190	0.028779	145156	29	318873	349	573515	517769	0.000674	7879	7	572715	0	0	0	nan	0	0	0	0.028105	0.000491	0.028105	0.000491	0.398079	0.006955
166	C	3573	318873	96763	0.036925	143660	29	318873	396	573321	508517	0.000779	7877	7	572520	0	0	0	nan	0	0	0	0.036147	0.000619	0.036147	0.000619	0.511985	0.008768
167	C	1047	318873	108459	0.009653	140646	29	318873	278	573001	514503	0.000540	7876	7	572198	0	0	0	nan	0	0	0	0.009113	0.000300	0.009113	0.000300	0.129076	0.004249
168	U	340	318873	110156	0.003087	139721	29	318873	379	572683	513975	0.000737	7876	7	571879	0	0	0	nan	0	0	0	0.002349	0.000172	0.002349	0.000172	0.033271	0.002436
169	G	508	318873	167084	0.003040	137470	29	318873	617	572377	505747	0.001220	7875	7	571568	0	0	0	nan	0	0	0	0.001820	0.000144	0.001820	0.000144	0.025778	0.002040
170	G	589	318873	140385	0.004196	134397	29	318873	555	571951	498891	0.001112	7874	7	571133	0	0	0	nan	0	0	0	0.003083	0.000179	0.003083	0.000179	0.043668	0.002535
171	A	1866	318873	143870	0.012970	130270	27	318873	275	571690	497360	0.000553	7868	7	570868	0	0	0	nan	0	0	0	0.012417	0.000302	0.012417	0.000302	0.175874	0.004278
172	C	444	318873	124437	0.003568	127145	25	318873	316	571454	493607	0.000640	7868	7	570628	0	0	0	nan	0	0	0	0.002928	0.000173	0.002928	0.000173	0.041472	0.002450
173	C	1775	318873	142968	0.012415	124994	25	318873	378	571106	493122	0.000767	7865	7	570269	0	0	0	nan	0	0	0	0.011649	0.000297	0.011649	0.000297	0.164996	0.004207
174	A	7095	318873	114526	0.061951	123079	24	318873	250	570822	488430	0.000512	7861	7	569981	0	0	0	nan	0	0	0	0.061439	0.000736	0.061439	0.000736	0.870220	0.010425
175	A	12727	318873	135919	0.093637	120457	23	318873	267	570523	490142	0.000545	7861	7	569679	0	0	0	nan	0	0	0	0.093092	0.000831	0.093092	0.000831	1.318553	0.011770
176	G	722	318873	141065	0.005118	120183	23	318873	258	570237	491616	0.000525	7861	7	569384	0	0	0	nan	0	0	0	0.004593	0.000193	0.004593	0.000193	0.065055	0.002734
177	U	2534	318873	196652	0.012886	119747	23	318873	1937	569939	493260	0.003927	7860	7	569083	0	0	0	nan	0	0	0	0.008959	0.000271	0.008959	0.000271	0.126895	0.003838
178	C	670	318873	165673	0.004044	119336	23	318873	368	569664	503892	0.000730	7862	7	568804	0	0	0	nan	0	0	0	0.003314	0.000161	0.003314	0.000161	0.046939	0.002280
179	C	3823	318873	175979	0.021724	118690	23	318873	3735	569448	513534	0.007273	7863	7	568582	0	0	0	nan	0	0	0	0.014451	0.000371	0.014451	0.000371	0.204684	0.005255
180	U	524	318873	164466	0.003186	118242	23	318873	456	569308	516470	0.000883	7860	7	568435	0	0	0	nan	0	0	0	0.002303	0.000145	0.002303	0.000145	0.032620	0.002054
181	U	955	318873	206392	0.004627	117299	23	318873	405	569072	508353	0.000797	7860	7	568193	0	0	0	nan	0	0	0	0.003830	0.000155	0.003830	0.000155	0.054248	0.002195
182	G	2409	318873	184735	0.013040	115685	23	318873	393	568767	502634	0.000782	7861	7	567886	0	0	0	nan	0	0	0	0.012258	0.000269	0.012258	0.000269	0.173622	0.003810
183	A	17576	318873	197279	0.089092	115210	23	318873	239	568549	503050	0.000475	7858	7	567664	0	0	0	nan	0	0	0	0.088617	0.000673	0.088617	0.000673	1.255169	0.009532
184	A	12724	318873	193708	0.065686	114876	24	318873	246	568179	507290	0.000485	7858	7	567294	0	0	0	nan	0	0	0	0.065202	0.000583	0.065202	0.000583	0.923519	0.008258
185	C	23964	318873	170277	0.140735	114533	24	318873	369	567627	511683	0.000721	7854	7	566741	0	0	0	nan	0	0	0	0.140014	0.000910	0.140014	0.000910	1.983155	0.012889
186	A	17275	318873	185487	0.093133	113986	24	318873	257	566957	509158	0.000505	7857	7	566069	0	0	0	nan	0	0	0	0.092628	0.000709	0.092628	0.000709	1.311981	0.010042
187	G	1493	318873	204163	0.007313	113814	24	318873	1032	565998	501816	0.002057	7863	7	565104	0	0	0	nan	0	0	0	0.005256	0.000200	0.005256	0.000200	0.074446	0.002833
188	G	1032	318873	271085	0.003807	113448	24	318873	767	565085	494880	0.001550	7866	7	564182	0	0	0	nan	0	0	0	0.002257	0.000131	0.002257	0.000131	0.031968	0.001855
189	G	908	318873	155212	0.005850	112170	24	318873	932	564046	471656	0.001976	7864	7	563138	0	0	0	nan	0	0	0	0.003874	0.000205	0.003874	0.000205	0.054871	0.002904
190	A	9740	318873	159738	0.060975	110804	24	318873	236	563114	473301	0.000499	7861	7	562203	0	0	0	nan	0	0	0	0.060476	0.000619	0.060476	0.000619	0.856581	0.008768
191	G	1908	318873	159051	0.011996	110206	24	318873	1285	562570	475473	0.002703	7861	7	561651	0	0	0	nan	0	0	0	0.009294	0.000285	0.009294	0.000285	0.131640	0.004037
192	G	2039	318873	212770	0.009583	109074	22	318873	668	561663	463504	0.001441	7881	8	560737	0	0	0	nan	0	0	0	0.008142	0.000219	0.008142	0.000219	0.115323	0.003102
193	U	4597	318873	215014	0.021380	108064	22	318873	713	560736	472479	0.001509	7878	8	559807	0	0	0	nan	0	0	0	0.019871	0.000320	0.019871	0.000320	0.281452	0.004532
194	G	854	318873	197737	0.004319	107818	22	318873	385	560310	473970	0.000812	7874	8	559380	0	0	0	nan	0	0	0	0.003507	0.000153	0.003507	0.000153	0.049673	0.002167
195	U	8797	318873	234657	0.037489	107480	22	318873	711	559596	494937	0.001437	6464	3	558755	0	0	0	nan	0	0	0	0.036052	0.000403	0.036052	0.000403	0.510640	0.005708
196	G	1085	318873	236321	0.004591	107235	22	318873	353	559183	498717	0.000708	6468	3	558339	0	0	0	nan	0	0	0	0.003883	0.000144	0.003883	0.000144	0.054999	0.002040
197	U	4504	318873	265106	0.016989	106992	22	318873	2703	558693	499191	0.005415	6473	3	557848	0	0	0	nan	0	0	0	0.011575	0.000274	0.011575	0.000274	0.163948	0.003881
198	C	2258	318873	273180	0.008266	106520	22	318873	606	558047	488686	0.001240	6416	5	557190	0	0	0	nan	0	0	0	0.007026	0.000181	0.007026	0.000181	0.099516	0.002564
199	C	1487	318873	271772	0.005471	106734	23	318873	417	557638	489139	0.000853	8092	45	556605	0	0	0	nan	0	0	0	0.004619	0.000148	0.004619	0.000148	0.065423	0.002096
200	A	3340	318873	270238	0.012359	106405	23	318873	345	557341	486318	0.000709	8156	45	556299	0	0	0	nan	0	0	0	0.011650	0.000217	0.011650	0.000217	0.165010	0.003074
201	G	11715	318873	254721	0.045991	106256	23	318873	5996	557018	465430	0.012883	8218	45	555970	0	0	0	nan	0	0	0	0.033109	0.000456	0.033109	0.000456	0.468955	0.006459
202	U	1405	318873	258357	0.005438	106054	23	318873	602	556869	470348	0.001280	8746	53	555759	0	0	0	nan	0	0	0	0.004158	0.000154	0.004158	0.000154	0.058894	0.002181
203	U	1360	318873	248378	0.005476	105969	23	318873	379	556767	475875	0.000796	8749	52	555658	0	0	0	nan	0	0	0	0.004679	0.000154	0.004679	0.000154	0.066273	0.002181
204	U	1316	318873	266776	0.004933	105919	23	318873	291	556664	501792	0.000580	8756	53	555550	0	0	0	nan	0	0	0	0.004353	0.000140	0.004353	0.000140	0.061656	0.001983
205	G	2923	318873	265115	0.011025	105816	23	318873	1011	556491	512335	0.001973	8757	53	555373	0	0	0	nan	0	0	0	0.009052	0.000213	0.009052	0.000213	0.128212	0.003017
206	U	1732	318873	278804	0.006212	105692	23	318873	488	556329	518295	0.000942	8757	53	555210	0	0	0	nan	0	0	0	0.005271	0.000155	0.005271	0.000155	0.074658	0.002195
207	U	1890	318873	282541	0.006689	105512	23	318873	259	555582	515032	0.000503	8758	53	554459	0	0	0	nan	0	0	0	0.006186	0.000157	0.006186	0.000157	0.087618	0.002224
208	U	3104	318873	285110	0.010887	105173	23	318873	356	554514	508434	0.000700	8758	53	553385	0	0	0	nan	0	0	0	0.010187	0.000199	0.010187	0.000199	0.144288	0.002819
209	C	13120	318873	222835	0.058878	104313	23	318873	341	553710	489492	0.000697	8761	53	552566	0	0	0	nan	0	0	0	0.058181	0.000515	0.058181	0.000515	0.824074	0.007294
210	A	21452	318873	215258	0.099657	103766	23	318873	361	552997	463585	0.000779	8761	52	551850	0	0	0	nan	0	0	0	0.098878	0.000682	0.098878	0.000682	1.400506	0.009660
211	G	4032	318873	211329	0.019079	103445	23	318873	363	552584	458163	0.000792	8759	52	551431	0	0	0	nan	0	0	0	0.018287	0.000303	0.018287	0.000303	0.259017	0.004292
212	A	20716	318873	239197	0.086606	102966	22	318873	163	552015	463792	0.000351	8759	52	550859	0	0	0	nan	0	0	0	0.086255	0.000602	0.086255	0.000602	1.221714	0.008527
213	A	18213	318873	240227	0.075816	102649	22	318873	186	551167	472874	0.000393	8759	52	550009	0	0	0	nan	0	0	0	0.075422	0.000563	0.075422	0.000563	1.068275	0.007974
214	U	3991	318873	244131	0.016348	102394	22	318873	779	550452	477240	0.001632	8759	52	549293	0	0	0	nan	0	0	0	0.014715	0.000265	0.014715	0.000265	0.208423	0.003753
215	C	27582	318873	245938	0.112150	102216	22	318873	392	549884	463393	0.000846	8759	52	548720	0	0	0	nan	0	0	0	0.111304	0.000677	0.111304	0.000677	1.576507	0.009589
216	U	2087	318873	263274	0.007927	102069	22	318873	323	549206	473443	0.000682	8760	52	548041	0	0	0	nan	0	0	0	0.007245	0.000178	0.007245	0.000178	0.102618	0.002521
217	C	5017	318873	266967	0.018793	101951	22	318873	606	548642	467323	0.001297	8759	52	547470	0	0	0	nan	0	0	0	0.017496	0.000270	0.017496	0.000270	0.247813	0.003824
218	G	4657	318873	275123	0.016927	101623	22	318873	1558	547849	478629	0.003255	8757	52	546671	0	0	0	nan	0	0	0	0.013672	0.000261	0.013672	0.000261	0.193650	0.003697
219	G	1949	318873	273128	0.007136	101222	22	318873	946	546459	470697	0.002010	8758	52	545278	0	0	0	nan	0	0	0	0.005126	0.000174	0.005126	0.000174	0.072605	0.002465
220	G	1425	318873	270921	0.005260	100792	22	318873	975	545063	459810	0.002120	8756	52	543876	0	0	0	nan	0	0	0	0.003139	0.000155	0.003139	0.000155	0.044461	0.002195
221	G	1640	318873	241521	0.006790	100423	22	318873	685	543782	440756	0.001554	8759	52	542590	0	0	0	nan	0	0	0	0.005236	0.000178	0.005236	0.000178	0.074163	0.002521
222	U	2198	318873	240319	0.009146	100070	22	318873	343	542592	419658	0.000817	8758	52	541399	0	0	0	nan	0	0	0	0.008329	0.000200	0.008329	0.000200	0.117972	0.002833
223	G	1851	318873	234741	0.007885	99911	22	318873	408	541880	427895	0.000954	8756	52	540684	0	0	0	nan	0	0	0	0.006932	0.000189	0.006932	0.000189	0.098185	0.002677
224	U	4680	318873	263148	0.017785	99713	22	318873	2607	541380	435261	0.005990	8757	52	540178	0	0	0	nan	0	0	0	0.011795	0.000285	0.011795	0.000285	0.167064	0.004037
225	C	19265	318873	259353	0.074281	99535	22	318873	501	540678	456798	0.001097	8758	52	539471	0	0	0	nan	0	0	0	0.073184	0.000537	0.073184	0.000537	1.036576	0.007606
226	C	26684	318873	266280	0.100210	99335	21	318873	431	539514	455911	0.000945	8758	52	538304	0	0	0	nan	0	0	0	0.099265	0.000615	0.099265	0.000615	1.405987	0.008711
227	G	2618	318873	257527	0.010166	99055	21	318873	443	538839	454630	0.000974	8759	52	537609	0	0	0	nan	0	0	0	0.009192	0.000204	0.009192	0.000204	0.130195	0.002889
228	U	3891	318873	255841	0.015209	98751	20	318873	264	537784	442769	0.000596	8758	52	536545	0	0	0	nan	0	0	0	0.014612	0.000247	0.014612	0.000247	0.206964	0.003499
229	A	12053	318873	248342	0.048534	98468	20	318873	203	536244	408309	0.000497	8758	52	534997	0	0	0	nan	0	0	0	0.048037	0.000443	0.048037	0.000443	0.680395	0.006275
230	A	15870	318873	255154	0.062198	98250	20	318873	165	534774	409936	0.000403	8755	52	533527	0	0	0	nan	0	0	0	0.061795	0.000495	0.061795	0.000495	0.875263	0.007011
231	C	13202	318873	256715	0.051427	98085	20	318873	125	533935	411064	0.000304	8757	52	532686	0	0	0	nan	0	0	0	0.051123	0.000448	0.051123	0.000448	0.724105	0.006345
232	U	2440	318873	264078	0.009240	97719	20	318873	1001	532394	436364	0.002294	8758	52	531144	0	0	0	nan	0	0	0	0.006946	0.000201	0.006946	0.000201	0.098383	0.002847
233	C	3866	318873	272226	0.014201	97258	18	318873	838	530485	436837	0.001918	8758	52	529234	0	0	0	nan	0	0	0	0.012283	0.000238	0.012283	0.000238	0.173976	0.003371
234	C	4419	318873	270809	0.016318	96792	18	318873	464	528343	417067	0.001113	8759	52	527091	0	0	0	nan	0	0	0	0.015205	0.000251	0.015205	0.000251	0.215363	0.003555
235	G	1579	318873	229303	0.006886	96244	18	318873	410	526642	329526	0.001244	8759	51	525385	0	0	0	nan	0	0	0	0.005642	0.000184	0.005642	0.000184	0.079913	0.002606
236	A	13048	318873	219614	0.059413	95686	18	318873	158	524652	307291	0.000514	8759	51	523390	0	0	0	nan	0	0	0	0.058899	0.000522	0.058899	0.000522	0.834244	0.007394
237	U	3809	318873	217551	0.017509	95434	18	318873	1254	524509	304731	0.004115	8758	51	523246	0	0	0	nan	0	0	0	0.013393	0.000307	0.013393	0.000307	0.189698	0.004348
238	C	15842	318873	241414	0.065622	95205	18	318873	254	524814	373699	0.000680	8761	51	523535	0	0	0	nan	0	0	0	0.064942	0.000523	0.064942	0.000523	0.919837	0.007408
239	C	17943	318873	249217	0.071997	94876	18	318873	407	524823	389928	0.001044	8756	51	523530	0	0	0	nan	0	0	0	0.070954	0.000540	0.070954	0.000540	1.004991	0.007649
240	A	18617	318873	240333	0.077463	94556	18	318873	377	524069	405802	0.000929	8757	51	522767	0	0	0	nan	0	0	0	0.076534	0.000570	0.076534	0.000570	1.084026	0.008073
241	A	21007	318873	247076	0.085022	93775	18	318873	210	522933	382718	0.000549	8757	51	521603	0	0	0	nan	0	0	0	0.084474	0.000588	0.084474	0.000588	1.196488	0.008328
242	A	9483	318873	244099	0.038849	93069	18	318873	226	520484	397881	0.000568	8756	50	519140	0	0	0	nan	0	0	0	0.038281	0.000401	0.038281	0.000401	0.542211	0.005680
243	G	1830	318873	241261	0.007585	92580	17	318873	311	518321	388251	0.000801	8755	50	516970	0	0	0	nan	0	0	0	0.006784	0.000183	0.006784	0.000183	0.096088	0.002592
244	G	1697	318873	236464	0.007177	91883	17	318873	330	514220	375306	0.000879	8757	48	512860	0	0	0	nan	0	0	0	0.006297	0.000181	0.006297	0.000181	0.089191	0.002564
245	A	14707	318873	235728	0.062390	91128	17	318873	249	510805	360141	0.000691	8756	47	509438	0	0	0	nan	0	0	0	0.061698	0.000516	0.061698	0.000516	0.873889	0.007309
246	U	3727	318873	237447	0.015696	90797	17	318873	274	506981	342561	0.000800	8757	45	505610	0	0	0	nan	0	0	0	0.014896	0.000262	0.014896	0.000262	0.210987	0.003711
247	U	4433	318873	243323	0.018219	90408	17	318873	201	504102	318359	0.000631	8743	45	502726	0	0	0	nan	0	0	0	0.017587	0.000277	0.017587	0.000277	0.249102	0.003923
248	G	1953	318873	246160	0.007934	90013	17	318873	225	501664	326924	0.000688	8744	45	500281	0	0	0	nan	0	0	0	0.007246	0.000185	0.007246	0.000185	0.102632	0.002620
249	U	4253	318873	250957	0.016947	89570	17	318873	876	500010	326141	0.002686	8744	45	498623	0	0	0	nan	0	0	0	0.014261	0.000275	0.014261	0.000275	0.201992	0.003895
250	C	5398	318873	253359	0.021306	88324	17	318873	370	497478	331332	0.001117	8744	45	496087	0	0	0	nan	0	0	0	0.020189	0.000296	0.020189	0.000296	0.285956	0.004193
251	C	10808	318873	250893	0.043078	87100	16	318873	167	493752	315968	0.000529	8744	44	492362	0	0	0	nan	0	0	0	0.042550	0.000416	0.042550	0.000416	0.602677	0.005892
252	U	2195	318873	235826	0.009308	85857	16	318873	168	491450	309177	0.000543	8744	44	490063	0	0	0	nan	0	0	0	0.008764	0.000203	0.008764	0.000203	0.124133	0.002875
253	G	1520	318873	190398	0.007983	84854	16	318873	380	487991	292909	0.001297	8745	44	486607	0	0	0	nan	0	0	0	0.006686	0.000215	0.006686	0.000215	0.094700	0.003045
254	A	21614	318873	190099	0.113699	83902	16	318873	147	484685	288764	0.000509	8744	44	483299	0	0	0	nan	0	0	0	0.113190	0.000775	0.113190	0.000775	1.603220	0.010977
255	G	1603	318873	189776	0.008447	83117	16	318873	1759	482560	298021	0.005902	8748	44	481172	0	0	0	nan	0	0	0	0.002545	0.000254	0.002545	0.000254	0.036047	0.003598
256	C	9945	318873	219011	0.045409	82450	15	318873	449	480132	302798	0.001483	8748	44	478743	0	0	0	nan	0	0	0	0.043926	0.000461	0.043926	0.000461	0.622167	0.006530
257	G	4202	318873	220252	0.019078	81790	14	318873	1144	479889	307340	0.003722	8747	44	478503	0	0	0	nan	0	0	0	0.015356	0.000314	0.015356	0.000314	0.217502	0.004447
258	G	1631	318873	202923	0.008038	81098	14	318873	310	480104	272839	0.001136	8747	44	478718	0	0	0	nan	0	0	0	0.006901	0.000209	0.006901	0.000209	0.097746	0.002960
259	U	3622	318873	207444	0.017460	80555	14	318873	286	479912	266924	0.001071	8747	44	478528	0	0	0	nan	0	0	0	0.016389	0.000297	0.016389	0.000297	0.232133	0.004207
260	G	7961	318873	199320	0.039941	80254	14	318873	3807	480578	271102	0.014043	8745	44	479195	0	0	0	nan	0	0	0	0.025898	0.000502	0.025898	0.000502	0.366819	0.007110
261	A	11410	318873	215287	0.052999	79804	14	318873	222	481098	292296	0.000760	8748	44	479715	0	0	0	nan	0	0	0	0.052240	0.000499	0.052240	0.000499	0.739926	0.007068
262	A	11635	318873	224864	0.051742	79373	14	318873	148	481639	338269	0.000438	8748	44	480255	0	0	0	nan	0	0	0	0.051305	0.000481	0.051305	0.000481	0.726683	0.006813
263	A	7114	318873	224217	0.031728	79046	13	318873	76	482562	334264	0.000227	8749	44	481180	0	0	0	nan	0	0	0	0.031501	0.000377	0.031501	0.000377	0.446179	0.005340
264	A	16090	318873	225262	0.071428	78817	13	318873	127	483585	341199	0.000372	8749	44	482207	0	0	0	nan	0	0	0	0.071056	0.000564	0.071056	0.000564	1.006435	0.007988
265	U	3446	318873	226636	0.015205	78671	19	318873	150	484275	352820	0.000425	8749	44	482895	0	0	0	nan	0	0	0	0.014780	0.000261	0.014780	0.000261	0.209344	0.003697
266	G	2907	318873	231111	0.012578	78513	25	318873	695	485342	378706	0.001835	8750	44	483960	0	0	0	nan	0	0	0	0.010743	0.000243	0.010743	0.000243	0.152164	0.003442
267	G	1690	318873	234926	0.007194	78292	25	318873	556	485471	392050	0.001418	8750	44	484090	0	0	0	nan	0	0	0	0.005776	0.000185	0.005776	0.000185	0.081811	0.002620
268	G	2363	318873	240991	0.009805	78073	29	318873	1628	486611	392318	0.004150	8751	44	485231	0	0	0	nan	0	0	0	0.005656	0.000226	0.005656	0.000226	0.080111	0.003201
269	C	23962	318873	244198	0.098125	77803	30	318873	1424	486645	385655	0.003692	8751	44	485267	0	0	0	nan	0	0	0	0.094433	0.000641	0.094433	0.000641	1.337547	0.009079
270	U	2559	318873	246372	0.010387	77609	31	318873	243	485598	378550	0.000642	8751	44	484222	0	0	0	nan	0	0	0	0.009745	0.000209	0.009745	0.000209	0.138028	0.002960
271	G	1704	318873	241752	0.007049	77296	38	318873	258	483769	372081	0.000693	8751	44	482395	0	0	0	nan	0	0	0	0.006355	0.000176	0.006355	0.000176	0.090012	0.002493
272	A	14971	318873	243252	0.061545	76887	38	318873	131	482559	349185	0.000375	8751	43	481186	0	0	0	nan	0	0	0	0.061170	0.000504	0.061170	0.000504	0.866410	0.007139
273	A	18871	318873	247962	0.076104	76435	42	318873	162	479373	353277	0.000459	8752	42	477998	0	0	0	nan	0	0	0	0.075646	0.000555	0.075646	0.000555	1.071448	0.007861
274	G	1577	318873	235696	0.006691	76157	43	318873	161	479316	319263	0.000504	8754	42	477942	0	0	0	nan	0	0	0	0.006187	0.000173	0.006187	0.000173	0.087633	0.002450
275	A	12456	318873	227561	0.054737	75810	43	318873	147	477702	321413	0.000457	8754	42	476329	0	0	0	nan	0	0	0	0.054280	0.000492	0.054280	0.000492	0.768821	0.006969
276	U	2396	318873	222926	0.010748	75506	43	318873	251	480216	315201	0.000796	8754	42	478842	0	0	0	nan	0	0	0	0.009952	0.000225	0.009952	0.000225	0.140960	0.003187
277	C	21980	318873	234083	0.093898	75143	44	318873	253	481800	341977	0.000740	8756	42	480429	0	0	0	nan	0	0	0	0.093159	0.000635	0.093159	0.000635	1.319502	0.008994
278	G	1700	318873	241581	0.007037	74788	55	318873	355	487155	356571	0.000996	8757	42	485785	0	0	0	nan	0	0	0	0.006041	0.000179	0.006041	0.000179	0.085565	0.002535
279	A	6650	318873	236577	0.028109	74499	58	318873	155	493023	366063	0.000423	8754	42	491654	0	0	0	nan	0	0	0	0.027686	0.000346	0.027686	0.000346	0.392144	0.004901
280	C	5748	318873	230910	0.024893	74222	59	318873	149	501758	361601	0.000412	8751	42	500387	0	0	0	nan	0	0	0	0.024481	0.000330	0.024481	0.000330	0.346748	0.004674
281	A	13080	318873	225477	0.058010	68714	59	318873	139	505110	351321	0.000396	3502	1	504757	0	0	0	nan	0	0	0	0.057615	0.000508	0.057615	0.000508	0.816057	0.007195
282	U	3949	318873	230895	0.017103	68352	59	318873	1175	508781	365766	0.003212	3501	1	508430	0	0	0	nan	0	0	0	0.013891	0.000288	0.013891	0.000288	0.196752	0.004079
283	C	28536	318873	232672	0.122645	68105	60	318873	279	513696	363885	0.000767	3498	1	513345	0	0	0	nan	0	0	0	0.121878	0.000727	0.121878	0.000727	1.726277	0.010297
284	C	27113	318873	247146	0.109704	67878	63	318873	215	518615	392012	0.000548	3496	1	518264	0	0	0	nan	0	0	0	0.109156	0.000667	0.109156	0.000667	1.546083	0.009447
285	A	24750	318873	251152	0.098546	67723	64	318873	138	523896	386098	0.000357	3495	1	523546	0	0	0	nan	0	0	0	0.098188	0.000627	0.098188	0.000627	1.390732	0.008881
286	U	4383	318873	259972	0.016860	67563	76	318873	532	526001	395977	0.001344	3497	2	525651	0	0	0	nan	0	0	0	0.015516	0.000261	0.015516	0.000261	0.219768	0.003697
287	G	1848	318873	257455	0.007178	67430	79	318873	222	531749	390779	0.000568	3499	3	531400	0	0	0	nan	0	0	0	0.006610	0.000171	0.006610	0.000171	0.093624	0.002422
288	U	2682	318873	262303	0.010225	67307	79	318873	852	534072	401859	0.002120	3498	4	533722	0	0	0	nan	0	0	0	0.008105	0.000210	0.008105	0.000210	0.114799	0.002974
289	C	4764	318873	259371	0.018368	67175	80	318873	237	537618	387247	0.000612	3499	4	537267	0	0	0	nan	0	0	0	0.017755	0.000269	0.017755	0.000269	0.251481	0.003810
290	A	16835	318873	265979	0.063294	66980	80	318873	170	540456	386527	0.000440	3493	6	540110	0	0	0	nan	0	0	0	0.062855	0.000489	0.062855	0.000489	0.890277	0.006926
291	U	2122	318873	268577	0.007901	66862	85	318873	427	545044	388952	0.001098	3493	6	544698	0	0	0	nan	0	0	0	0.006803	0.000180	0.006803	0.000180	0.096358	0.002550
292	C	5514	318873	265007	0.020807	66724	85	318873	203	548243	385212	0.000527	3493	6	547899	0	0	0	nan	0	0	0	0.020280	0.000283	0.020280	0.000283	0.287245	0.004008
293	A	12688	318873	260275	0.048748	66470	85	318873	120	551496	382509	0.000314	3494	6	551152	0	0	0	nan	0	0	0	0.048435	0.000434	0.048435	0.000434	0.686032	0.006147
294	U	3143	318873	260646	0.012059	66277	86	318873	764	554411	393272	0.001943	3494	7	554067	0	0	0	nan	0	0	0	0.010116	0.000226	0.010116	0.000226	0.143283	0.003201
295	C	7982	318873	259425	0.030768	65779	86	318873	783	554705	404974	0.001933	3495	7	554360	0	0	0	nan	0	0	0	0.028835	0.000351	0.028835	0.000351	0.408418	0.004972
296	C	5404	318873	269741	0.020034	64805	86	318873	264	450605	365865	0.000722	3497	7	450269	0	0	0	nan	0	0	0	0.019312	0.000276	0.019312	0.000276	0.273535	0.003909
297	C	8344	318873	266638	0.031293	63165	86	318873	462	451005	367571	0.001257	3498	9	450671	0	0	0	nan	0	0	0	0.030036	0.000348	0.030036	0.000348	0.425429	0.004929
298	G	1749	318873	246560	0.007094	61390	89	318873	289	452226	347967	0.000831	3501	10	451894	0	0	0	nan	0	0	0	0.006263	0.000177	0.006263	0.000177	0.088709	0.002507
299	U	2805	318873	224335	0.012504	59169	89	318873	246	452644	336486	0.000731	3502	11	452313	0	0	0	nan	0	0	0	0.011773	0.000241	0.011773	0.000241	0.166752	0.003414
300	A	22451	318873	216760	0.103575	56761	90	318873	122	453386	318632	0.000383	3504	11	453057	0	0	0	nan	0	0	0	0.103192	0.000692	0.103192	0.000692	1.461609	0.009801
301	U	3584	318873	223816	0.016013	55285	90	318873	214	454070	345688	0.000619	3507	11	453744	0	0	0	nan	0	0	0	0.015394	0.000271	0.015394	0.000271	0.218040	0.003838
302	G	3880	318873	218148	0.017786	53811	90	318873	179	455278	326707	0.000548	3507	11	454955	0	0	0	nan	0	0	0	0.017238	0.000288	0.017238	0.000288	0.244159	0.004079
303	A	23312	318873	224657	0.103767	50664	90	318873	139	456569	328353	0.000423	3506	12	456246	0	0	0	nan	0	0	0	0.103344	0.000681	0.103344	0.000681	1.463762	0.009646
304	A	15237	318873	228204	0.066769	48406	92	318873	90	458560	307687	0.000293	3507	13	458241	0	0	0	nan	0	0	0	0.066477	0.000542	0.066477	0.000542	0.941579	0.007677
305	G	2171	318873	231493	0.009378	46028	94	318873	351	460346	312580	0.001123	3509	13	460026	0	0	0	nan	0	0	0	0.008255	0.000210	0.008255	0.000210	0.116924	0.002974
306	G	1169	318873	222071	0.005264	43138	94	318873	290	462362	299815	0.000967	3510	13	462041	0	0	0	nan	0	0	0	0.004297	0.000164	0.004297	0.000164	0.060863	0.002323
307	U	1776	318873	218951	0.008111	38112	94	318873	607	463740	318078	0.001908	3512	15	463418	0	0	0	nan	0	0	0	0.006203	0.000207	0.006203	0.000207	0.087859	0.002932
308	C	4197	318873	199660	0.021021	35732	95	318873	164	466362	290223	0.000565	3511	15	466038	0	0	0	nan	0	0	0	0.020456	0.000327	0.020456	0.000327	0.289738	0.004632
309	U	1769	318873	194165	0.009111	34006	95	318873	154	468672	288367	0.000534	3492	15	468348	0	0	0	nan	0	0	0	0.008577	0.000221	0.008577	0.000221	0.121484	0.003130
310	G	1027	318873	159499	0.006439	32290	96	318873	176	470694	205614	0.000856	3490	15	470372	0	0	0	nan	0	0	0	0.005583	0.000211	0.005583	0.000211	0.079077	0.002989
311	A	17538	318873	167330	0.104811	31534	96	318873	81	472470	204879	0.000395	3491	17	472151	0	0	0	nan	0	0	0	0.104415	0.000793	0.104415	0.000793	1.478931	0.011232
312	G	1631	318873	167169	0.009757	31226	96	318873	1122	477324	183746	0.006106	3491	19	477006	0	0	0	nan	0	0	0	0.003650	0.000303	0.003650	0.000303	0.051699	0.004292
313	C	5615	318873	208980	0.026869	30794	96	318873	443	482401	248805	0.001781	3494	22	482083	0	0	0	nan	0	0	0	0.025088	0.000368	0.025088	0.000368	0.355346	0.005212
314	G	2962	318873	215232	0.013762	30532	96	318873	382	488491	272451	0.001402	3495	22	488176	0	0	0	nan	0	0	0	0.012360	0.000263	0.012360	0.000263	0.175067	0.003725
315	G	2296	318873	224556	0.010225	30276	96	318873	1397	494900	308890	0.004523	3497	23	494585	0	0	0	nan	0	0	0	0.005702	0.000245	0.005702	0.000245	0.080763	0.003470
316	C	5802	318873	244152	0.023764	30015	96	318873	1022	502044	370214	0.002761	3497	23	501731	0	0	0	nan	0	0	0	0.021003	0.000324	0.021003	0.000324	0.297486	0.004589
317	G	1203	318873	249964	0.004813	29651	96	318873	304	505307	399341	0.000761	3497	23	504994	0	0	0	nan	0	0	0	0.004051	0.000145	0.004051	0.000145	0.057378	0.002054
318	A	16489	318873	252444	0.065317	29257	96	318873	193	507306	423515	0.000456	3495	23	506996	0	0	0	nan	0	0	0	0.064862	0.000510	0.064862	0.000510	0.918704	0.007224
319	C	10563	318873	250144	0.042228	28861	96	318873	240	508639	417398	0.000575	3494	23	508330	0	0	0	nan	0	0	0	0.041653	0.000413	0.041653	0.000413	0.589972	0.005850
320	C	15157	318873	246999	0.061365	28518	96	318873	1173	509619	406750	0.002884	3493	23	509312	0	0	0	nan	0	0	0	0.058481	0.000506	0.058481	0.000506	0.828323	0.007167
321	A	4649	318873	236822	0.019631	28044	96	318873	238	510446	389883	0.000610	3495	24	510143	0	0	0	nan	0	0	0	0.019020	0.000291	0.019020	0.000291	0.269399	0.004122
322	A	14441	318873	244564	0.059048	27520	96	318873	126	511237	388461	0.000324	3492	24	510943	0	0	0	nan	0	0	0	0.058724	0.000492	0.058724	0.000492	0.831765	0.006969
323	A	21161	318873	248993	0.084986	27134	96	318873	126	512054	387141	0.000325	3492	24	511761	0	0	0	nan	0	0	0	0.084661	0.000585	0.084661	0.000585	1.199136	0.008286
324	U	3960	318873	248110	0.015961	26647	96	318873	169	512995	407014	0.000415	3500	24	512703	0	0	0	nan	0	0	0	0.015545	0.000256	0.015545	0.000256	0.220179	0.003626
325	G	3190	318873	236419	0.013493	26135	96	318873	764	514353	399243	0.001914	3500	24	514064	0	0	0	nan	0	0	0	0.011579	0.000249	0.011579	0.000249	0.164005	0.003527
326	G	2089	318873	235709	0.008863	25706	97	318873	670	515848	410284	0.001633	3501	26	515561	0	0	0	nan	0	0	0	0.007230	0.000204	0.007230	0.000204	0.102406	0.002889
327	G	2734	318873	232261	0.011771	25419	97	318873	1343	517388	394867	0.003401	3501	29	517106	0	0	0	nan	0	0	0	0.008370	0.000244	0.008370	0.000244	0.118552	0.003456
328	C	8759	318873	246840	0.035485	25005	97	318873	1742	518386	402076	0.004333	3503	29	518103	0	0	0	nan	0	0	0	0.031152	0.000393	0.031152	0.000393	0.441236	0.005566
329	C	6494	318873	251798	0.025791	24652	97	318873	287	519332	403198	0.000712	3525	33	519050	0	0	0	nan	0	0	0	0.025079	0.000323	0.025079	0.000323	0.355218	0.004575
330	A	13464	318873	255986	0.052597	24425	97	318873	175	520153	410440	0.000426	3525	33	519872	0	0	0	nan	0	0	0	0.052170	0.000454	0.052170	0.000454	0.738935	0.006430
331	G	1132	318873	246991	0.004583	24243	97	318873	235	521093	404108	0.000582	3526	33	520812	0	0	0	nan	0	0	0	0.004002	0.000141	0.004002	0.000141	0.056684	0.001997
332	A	11769	318873	242099	0.048612	24088	97	318873	144	521913	403862	0.000357	3529	33	521633	0	0	0	nan	0	0	0	0.048256	0.000449	0.048256	0.000449	0.683497	0.006360
333	U	1526	318873	232964	0.006550	23964	97	318873	265	523610	396618	0.000668	3529	33	523332	0	0	0	nan	0	0	0	0.005882	0.000173	0.005882	0.000173	0.083313	0.002450
334	C	9845	318873	247791	0.039731	23873	97	318873	844	525320	417619	0.002021	3528	35	525043	0	0	0	nan	0	0	0	0.037710	0.000406	0.037710	0.000406	0.534123	0.005751
335	G	39918	318873	252280	0.158229	23742	97	318873	35838	526783	429195	0.083501	3532	35	526508	0	0	0	nan	0	0	0	0.074728	0.000907	nan	nan	nan	nan
336	A	15831	318873	238787	0.066298	23613	98	318873	1230	529226	438791	0.002803	3602	40	528953	0	0	0	nan	0	0	0	0.063494	0.000533	0.063494	0.000533	0.899327	0.007549
337	A	23191	318873	260860	0.088902	21739	98	318873	200	531045	441858	0.000453	3073	42	530886	0	0	0	nan	0	0	0	0.088449	0.000585	0.088449	0.000585	1.252789	0.008286
338	A	6373	318873	271664	0.023459	21533	98	318873	164	532149	452370	0.000363	3073	42	531991	0	0	0	nan	0	0	0	0.023097	0.000295	0.023097	0.000295	0.327145	0.004178
339	A	2855	318873	269331	0.010600	21344	98	318873	126	532875	462655	0.000272	3073	42	532720	0	0	0	nan	0	0	0	0.010328	0.000200	0.010328	0.000200	0.146286	0.002833
340	A	5005	318873	261140	0.019166	20969	98	318873	109	533469	462855	0.000235	3073	44	533317	0	0	0	nan	0	0	0	0.018930	0.000272	0.018930	0.000272	0.268124	0.003853
341	A	23173	318873	250618	0.092463	20796	98	318873	857	533954	430807	0.001989	3068	45	533805	0	0	0	nan	0	0	0	0.090474	0.000611	0.090474	0.000611	1.281471	0.008654
342	U	8230	318873	235082	0.035009	20637	98	318873	1617	534346	402942	0.004013	3067	47	534201	0	0	0	nan	0	0	0	0.030996	0.000399	0.030996	0.000399	0.439027	0.005651
343	U	4039	318873	232929	0.017340	20485	98	318873	725	534898	398727	0.001818	3053	47	534756	0	0	0	nan	0	0	0	0.015522	0.000281	0.015522	0.000281	0.219853	0.003980
344	U	3686	318873	245217	0.015032	20371	101	318873	433	535269	431113	0.001004	3044	50	535130	0	0	0	nan	0	0	0	0.014027	0.000252	0.014027	0.000252	0.198678	0.003569
345	U	3523	318873	253323	0.013907	20217	101	318873	408	535679	458018	0.000891	3041	50	535540	0	0	0	nan	0	0	0	0.013016	0.000238	0.013016	0.000238	0.184358	0.003371
346	U	3580	318873	257850	0.013884	20142	101	318873	169	536064	464906	0.000364	3041	52	535925	0	0	0	nan	0	0	0	0.013521	0.000234	0.013521	0.000234	0.191511	0.003314
347	A	28774	318873	267077	0.107737	19941	101	318873	278	536495	475759	0.000584	3040	52	536358	0	0	0	nan	0	0	0	0.107152	0.000636	0.107152	0.000636	1.517698	0.009008
348	A	23415	318873	278361	0.084117	19743	101	318873	414	536732	468940	0.000883	3038	53	536597	0	0	0	nan	0	0	0	0.083235	0.000551	0.083235	0.000551	1.178938	0.007804
349	G	4133	318873	281319	0.014692	19632	101	318873	956	536874	476406	0.002007	3035	53	536740	0	0	0	nan	0	0	0	0.012685	0.000238	0.012685	0.000238	0.179670	0.003371
350	G	3303	318873	272927	0.012102	19296	101	318873	470	537064	447975	0.001049	3034	53	536932	0	0	0	nan	0	0	0	0.011053	0.000216	0.011053	0.000216	0.156554	0.003059
351	U	7268	318873	272058	0.026715	18839	101	318873	269	537220	437306	0.000615	3032	53	537090	0	0	0	nan	0	0	0	0.026100	0.000316	0.026100	0.000316	0.369680	0.004476
352	G	2500	318873	270059	0.009257	18654	101	318873	1412	537565	436820	0.003232	3032	53	537437	0	0	0	nan	0	0	0	0.006025	0.000204	0.006025	0.000204	0.085338	0.002889
353	G	1620	318873	276455	0.005860	18428	101	318873	427	538130	449929	0.000949	3033	55	538004	0	0	0	nan	0	0	0	0.004911	0.000153	0.004911	0.000153	0.069559	0.002167
354	U	2205	318873	286362	0.007700	18247	101	318873	576	538562	480515	0.001199	3033	55	538436	0	0	0	nan	0	0	0	0.006501	0.000171	0.006501	0.000171	0.092080	0.002422
355	G	1097	318873	278618	0.003937	18053	101	318873	326	538945	470580	0.000693	3033	55	538819	0	0	0	nan	0	0	0	0.003245	0.000125	0.003245	0.000125	0.045962	0.001770
356	U	2080	318873	276610	0.007520	17696	101	318873	621	539393	469077	0.001324	3034	55	539267	0	0	0	nan	0	0	0	0.006196	0.000173	0.006196	0.000173	0.087760	0.002450
357	A	11953	318873	266893	0.044786	17301	101	318873	180	540053	455554	0.000395	3033	56	539927	0	0	0	nan	0	0	0	0.044391	0.000411	0.044391	0.000411	0.628753	0.005821
358	C	5805	318873	270144	0.021489	17068	101	318873	545	540448	461898	0.001180	3033	59	540324	0	0	0	nan	0	0	0	0.020309	0.000287	0.020309	0.000287	0.287656	0.004065
359	C	6282	318873	267496	0.023484	16427	101	318873	510	541048	457527	0.001115	3031	59	540924	0	0	0	nan	0	0	0	0.022370	0.000300	0.022370	0.000300	0.316848	0.004249
360	C	17311	318873	265601	0.065177	16201	101	318873	430	541525	461727	0.000931	3032	60	541400	0	0	0	nan	0	0	0	0.064245	0.000497	0.064245	0.000497	0.909965	0.007039
361	U	2280	318873	272531	0.008366	16094	101	318873	420	542119	474855	0.000884	3033	60	541995	0	0	0	nan	0	0	0	0.007482	0.000180	0.007482	0.000180	0.105975	0.002550
362	G	2867	318873	268948	0.010660	15919	101	318873	430	542797	469688	0.000916	3034	63	542674	0	0	0	nan	0	0	0	0.009745	0.000204	0.009745	0.000204	0.138028	0.002889
363	U	1645	318873	275338	0.005974	15734	101	318873	471	543369	474123	0.000993	3036	67	543247	0	0	0	nan	0	0	0	0.004981	0.000154	0.004981	0.000154	0.070551	0.002181
364	G	1601	318873	271810	0.005890	15645	101	318873	374	544106	463941	0.000806	3038	67	543986	0	0	0	nan	0	0	0	0.005084	0.000153	0.005084	0.000153	0.072010	0.002167
365	G	1719	318873	273177	0.006293	15478	101	318873	430	544993	462045	0.000931	3038	67	544875	0	0	0	nan	0	0	0	0.005362	0.000158	0.005362	0.000158	0.075947	0.002238
366	A	9379	318873	274661	0.034148	15285	101	318873	223	545697	460741	0.000484	3038	67	545579	0	0	0	nan	0	0	0	0.033664	0.000354	0.033664	0.000354	0.476816	0.005014
367	U	2671	318873	279045	0.009572	15158	101	318873	412	546415	467764	0.000881	3039	68	546298	0	0	0	nan	0	0	0	0.008691	0.000190	0.008691	0.000190	0.123099	0.002691
368	G	1363	318873	270825	0.005033	15029	101	318873	228	547539	461713	0.000494	3037	68	547423	0	0	0	nan	0	0	0	0.004539	0.000140	0.004539	0.000140	0.064290	0.001983
369	A	8090	318873	267214	0.030275	14896	101	318873	229	548128	468084	0.000489	3040	73	548012	0	0	0	nan	0	0	0	0.029786	0.000338	0.029786	0.000338	0.421888	0.004787
370	U	1425	318873	259884	0.005483	14823	101	318873	480	548829	448493	0.001070	3039	73	548714	0	0	0	nan	0	0	0	0.004413	0.000153	0.004413	0.000153	0.062506	0.002167
371	C	9652	318873	269943	0.035756	14757	101	318873	302	549793	463570	0.000651	3039	73	549678	0	0	0	nan	0	0	0	0.035104	0.000366	0.035104	0.000366	0.497212	0.005184
372	A	1781	318873	266304	0.006688	14693	101	318873	168	550434	433925	0.000387	3042	75	550318	0	0	0	nan	0	0	0	0.006301	0.000161	0.006301	0.000161	0.089247	0.002280
373	U	1001	318873	267621	0.003740	14596	101	318873	661	551026	448540	0.001474	3042	75	550910	0	0	0	nan	0	0	0	0.002267	0.000131	0.002267	0.000131	0.032110	0.001855
374	C	2874	318873	260635	0.011027	14515	101	318873	324	551959	460500	0.000704	3045	76	551842	0	0	0	nan	0	0	0	0.010323	0.000209	0.010323	0.000209	0.146215	0.002960
375	A	19409	318873	268201	0.072367	14377	101	318873	161	552624	497074	0.000324	3048	76	552507	0	0	0	nan	0	0	0	0.072043	0.000520	0.072043	0.000520	1.020415	0.007365
376	C	35592	318873	248392	0.143290	14260	101	318873	3032	553155	476478	0.006363	3069	78	553034	0	0	0	nan	0	0	0	0.136926	0.000768	0.136926	0.000768	1.939416	0.010878
377	U	6399	318873	236664	0.027038	14177	101	318873	1349	553555	440944	0.003059	3077	78	553430	0	0	0	nan	0	0	0	0.023979	0.000348	0.023979	0.000348	0.339638	0.004929
378	U	5911	318873	228440	0.025876	14069	101	318873	661	554100	398577	0.001658	3109	78	553970	0	0	0	nan	0	0	0	0.024217	0.000343	0.024217	0.000343	0.343009	0.004858
379	U	4913	318873	232790	0.021105	14001	101	318873	996	554594	410433	0.002427	3133	78	554457	0	0	0	nan	0	0	0	0.018678	0.000311	0.018678	0.000311	0.264555	0.004405
380	A	28386	318873	253786	0.111850	13630	101	318873	451	555001	444913	0.001014	3211	81	554847	0	0	0	nan	0	0	0	0.110836	0.000666	0.110836	0.000666	1.569878	0.009433
381	A	15597	318873	282163	0.055277	14227	98	318873	217	556086	497958	0.000436	3619	86	555860	0	0	0	nan	0	0	0	0.054841	0.000444	0.054841	0.000444	0.776767	0.006289
382	G	2535	318873	291939	0.008683	14183	98	318873	1141	556854	515203	0.002215	3621	87	556630	0	0	0	nan	0	0	0	0.006469	0.000185	0.006469	0.000185	0.091627	0.002620
383	G	1560	318873	292199	0.005339	14069	98	318873	480	557508	513053	0.000936	3622	90	557284	0	0	0	nan	0	0	0	0.004403	0.000142	0.004403	0.000142	0.062364	0.002011
384	U	967	318873	291162	0.003321	13956	98	318873	342	557907	512442	0.000667	3622	92	557685	0	0	0	nan	0	0	0	0.002654	0.000113	0.002654	0.000113	0.037591	0.001601
385	G	709	318873	276178	0.002567	13757	98	318873	382	558144	476819	0.000801	3622	92	557923	0	0	0	nan	0	0	0	0.001766	0.000105	0.001766	0.000105	0.025014	0.001487
386	A	4997	318873	270205	0.018493	13535	98	318873	170	558311	455021	0.000374	3622	94	558090	0	0	0	nan	0	0	0	0.018120	0.000263	0.018120	0.000263	0.256651	0.003725
387	U	1551	318873	268009	0.005787	13433	98	318873	858	558597	448109	0.001915	3622	94	558376	0	0	0	nan	0	0	0	0.003872	0.000161	0.003872	0.000161	0.054843	0.002280
388	C	7596	318873	270111	0.028122	13260	98	318873	605	558860	465669	0.001299	3622	96	558639	0	0	0	nan	0	0	0	0.026823	0.000327	0.026823	0.000327	0.379920	0.004632
389	C	26012	318873	268607	0.096840	13093	98	318873	369	559368	490789	0.000752	3622	97	559148	0	0	0	nan	0	0	0	0.096089	0.000602	0.096089	0.000602	1.361002	0.008527
390	U	2002	318873	267776	0.007476	13001	98	318873	429	559761	493253	0.000870	3623	102	559541	0	0	0	nan	0	0	0	0.006607	0.000172	0.006607	0.000172	0.093581	0.002436
391	G	2014	318873	258798	0.007782	12881	98	318873	1082	560699	478444	0.002261	3623	104	560480	0	0	0	nan	0	0	0	0.005521	0.000187	0.005521	0.000187	0.078199	0.002649
392	C	9694	318873	258009	0.037572	12802	98	318873	626	561219	474873	0.001318	3624	105	561001	0	0	0	nan	0	0	0	0.036254	0.000385	0.036254	0.000385	0.513501	0.005453
393	A	17953	318873	257107	0.069827	12697	98	318873	226	562244	475075	0.000476	3624	105	562026	0	0	0	nan	0	0	0	0.069351	0.000522	0.069351	0.000522	0.982286	0.007394
394	C	23235	318873	255459	0.090954	12626	98	318873	193	563897	479229	0.000403	3621	105	563679	0	0	0	nan	0	0	0	0.090551	0.000597	0.090551	0.000597	1.282562	0.008456
395	U	4483	318873	253941	0.017654	12591	98	318873	446	564820	494696	0.000902	3622	105	564602	0	0	0	nan	0	0	0	0.016752	0.000267	0.016752	0.000267	0.237275	0.003782
396	A	21029	318873	261097	0.080541	12478	98	318873	241	565478	485165	0.000497	3621	105	565262	0	0	0	nan	0	0	0	0.080044	0.000556	0.080044	0.000556	1.133741	0.007875
397	U	4238	318873	272844	0.015533	12464	98	318873	559	565944	502693	0.001112	3624	107	565730	0	0	0	nan	0	0	0	0.014421	0.000243	0.014421	0.000243	0.204259	0.003442
398	G	2077	318873	274199	0.007575	12418	98	318873	718	566440	502698	0.001428	3624	109	566227	0	0	0	nan	0	0	0	0.006146	0.000175	0.006146	0.000175	0.087052	0.002479
399	G	3071	318873	271540	0.011310	12365	98	318873	1696	566814	516527	0.003283	3623	109	566604	0	0	0	nan	0	0	0	0.008026	0.000219	0.008026	0.000219	0.113680	0.003102
400	C	5660	318873	262165	0.021589	12336	98	318873	1236	567205	519395	0.002380	3625	110	567000	0	0	0	nan	0	0	0	0.019210	0.000295	0.019210	0.000295	0.272090	0.004178
401	A	15162	318873	270301	0.056093	12288	98	318873	304	567554	513605	0.000592	3623	110	567349	0	0	0	nan	0	0	0	0.055501	0.000457	0.055501	0.000457	0.786115	0.006473
402	C	22274	318873	273253	0.081514	12219	98	318873	263	567849	518430	0.000507	3622	114	567644	0	0	0	nan	0	0	0	0.081007	0.000547	0.081007	0.000547	1.147381	0.007748
403	A	15012	318873	276102	0.054371	12124	98	318873	184	568106	521672	0.000353	3518	114	567904	0	0	0	nan	0	0	0	0.054018	0.000445	0.054018	0.000445	0.765110	0.006303
404	C	18701	318873	270614	0.069106	12082	98	318873	264	568286	511196	0.000516	3518	114	568086	0	0	0	nan	0	0	0	0.068589	0.000506	0.068589	0.000506	0.971493	0.007167
405	U	3765	318873	270908	0.013898	12033	98	318873	515	568460	501305	0.001027	3518	114	568260	0	0	0	nan	0	0	0	0.012870	0.000231	0.012870	0.000231	0.182290	0.003272
406	G	3182	318873	271804	0.011707	11928	98	318873	1193	568665	499838	0.002387	3485	118	568465	0	0	0	nan	0	0	0	0.009320	0.000219	0.009320	0.000219	0.132008	0.003102
407	G	1980	318873	265890	0.007447	11806	98	318873	481	568918	480111	0.001002	3478	119	568723	0	0	0	nan	0	0	0	0.006445	0.000173	0.006445	0.000173	0.091287	0.002450
408	U	4154	318873	262417	0.015830	11704	98	318873	1787	569014	479799	0.003724	3478	119	568822	0	0	0	nan	0	0	0	0.012105	0.000261	0.012105	0.000261	0.171455	0.003697
409	A	20790	318873	262552	0.079184	11637	98	318873	325	569287	471974	0.000689	3477	119	569106	0	0	0	nan	0	0	0	0.078496	0.000551	0.078496	0.000551	1.111815	0.007804
410	A	18253	318873	273795	0.066667	11511	98	318873	216	569545	482110	0.000448	3454	119	569425	0	0	0	nan	0	0	0	0.066219	0.000494	0.066219	0.000494	0.937924	0.006997
411	U	2883	318873	276506	0.010427	11464	98	318873	442	569957	494043	0.000895	3453	119	569843	0	0	0	nan	0	0	0	0.009532	0.000199	0.009532	0.000199	0.135011	0.002819
412	C	12042	318873	276621	0.043532	11425	98	318873	277	570422	509284	0.000544	3452	119	570314	0	0	0	nan	0	0	0	0.042989	0.000398	0.042989	0.000398	0.608895	0.005637
413	G	1387	318873	290259	0.004778	11400	98	318873	387	571062	544125	0.000711	3452	120	570959	0	0	0	nan	0	0	0	0.004067	0.000133	0.004067	0.000133	0.057605	0.001884
414	A	17698	318873	296193	0.059752	11260	98	318873	192	571249	531489	0.000361	3387	120	571150	0	0	0	nan	0	0	0	0.059390	0.000450	0.059390	0.000450	0.841198	0.006374
415	C	8210	318873	294567	0.027871	11230	98	318873	326	571591	517671	0.000630	3386	120	571496	0	0	0	nan	0	0	0	0.027242	0.000310	0.027242	0.000310	0.385855	0.004391
416	G	3670	318873	295234	0.012431	11159	98	318873	1211	571999	513706	0.002357	3384	120	571912	0	0	0	nan	0	0	0	0.010073	0.000216	0.010073	0.000216	0.142674	0.003059
417	G	1716	318873	293397	0.005849	11033	98	318873	785	572283	506549	0.001550	3384	120	572200	0	0	0	nan	0	0	0	0.004299	0.000152	0.004299	0.000152	0.060891	0.002153
418	G	1098	318873	296762	0.003700	10920	98	318873	1258	572494	516735	0.002435	3383	120	572413	0	0	0	nan	0	0	0	0.001265	0.000131	0.001265	0.000131	0.017917	0.001855
419	G	1779	318873	279530	0.006364	10775	98	318873	563	572821	484914	0.001161	3382	120	572743	0	0	0	nan	0	0	0	0.005203	0.000159	0.005203	0.000159	0.073695	0.002252
420	U	2939	318873	253448	0.011596	10714	98	318873	744	573011	451901	0.001646	3382	120	572936	0	0	0	nan	0	0	0	0.009950	0.000222	0.009950	0.000222	0.140932	0.003144
421	U	4858	318873	251824	0.019291	10499	98	318873	1093	573405	446228	0.002449	3382	120	573336	0	0	0	nan	0	0	0	0.016842	0.000287	0.016842	0.000287	0.238550	0.004065
422	A	13745	318873	263945	0.052075	10458	98	318873	204	574516	474609	0.000430	3382	121	574451	0	0	0	nan	0	0	0	0.051645	0.000445	0.051645	0.000445	0.731498	0.006303
423	C	8647	318873	298580	0.028960	10436	98	318873	247	575698	537075	0.000460	3382	121	575640	0	0	0	nan	0	0	0	0.028501	0.000313	0.028501	0.000313	0.403687	0.004433
424	G	1784	318873	293904	0.006070	10344	98	318873	1469	576640	513828	0.002859	3382	121	576587	0	0	0	nan	0	0	0	0.003211	0.000162	0.003211	0.000162	0.045481	0.002295
425	C	5768	318873	294344	0.019596	10233	98	318873	1457	577198	514071	0.002834	3381	121	577146	0	0	0	nan	0	0	0	0.016762	0.000268	0.016762	0.000268	0.237417	0.003796
426	C	3829	318873	295010	0.012979	10089	98	318873	539	577960	510505	0.001056	3379	121	577911	0	0	0	nan	0	0	0	0.011923	0.000215	0.011923	0.000215	0.168877	0.003045
427	G	735	318873	294568	0.002495	10074	98	318873	379	578333	538526	0.000704	3379	121	578286	0	0	0	nan	0	0	0	0.001791	0.000099	0.001791	0.000099	0.025368	0.001402
428	A	7235	318873	292713	0.024717	10040	98	318873	151	578655	542269	0.000278	3379	120	578612	0	0	0	nan	0	0	0	0.024439	0.000291	0.024439	0.000291	0.346153	0.004122
429	A	23046	318873	295291	0.078045	9845	98	318873	217	578809	550075	0.000394	3379	120	578766	0	0	0	nan	0	0	0	0.077651	0.000515	0.077651	0.000515	1.099847	0.007294
430	C	35237	318873	302058	0.116656	9545	98	318873	230	578977	553435	0.000416	3377	120	578937	0	0	0	nan	0	0	0	0.116241	0.000622	0.116241	0.000622	1.646435	0.008810
431	A	21753	318873	299691	0.072585	9451	98	318873	224	578973	524899	0.000427	3377	120	578937	0	0	0	nan	0	0	0	0.072158	0.000493	0.072158	0.000493	1.022044	0.006983
432	U	0	318873	302446	0.000000	9398	98	318873	0	578973	525075	0.000000	3377	120	578937	0	0	0	nan	0	0	0	0.000000	0.000000	0.000000	0.000000	0.000000	0.000000
433	g	0	318873	0	nan	9217	98	318873	0	578968	0	nan	3374	119	578937	0	0	0	nan	0	0	0	nan	nan	nan	nan	nan	nan
434	a	0	318873	0	nan	9195	97	318873	0	578963	0	nan	3373	119	578937	0	0	0	nan	0	0	0	nan	nan	nan	nan	nan	nan
435	u	0	318873	0	nan	9080	97	318873	0	578959	0	nan	3372	118	578937	0	0	0	nan	0	0	0	nan	nan	nan	nan	nan	nan
436	c	0	318873	0	nan	8976	97	318873	0	578955	0	nan	3371	118	578937	0	0	0	nan	0	0	0	nan	nan	nan	nan	nan	nan
437	g	0	318873	0	nan	8706	97	318873	0	578955	0	nan	3369	118	578937	0	0	0	nan	0	0	0	nan	nan	nan	nan	nan	nan
438	a	0	318873	0	nan	8610	96	318873	0	578951	0	nan	3369	118	578937	0	0	0	nan	0	0	0	nan	nan	nan	nan	nan	nan
439	c	0	318873	0	nan	8271	96	318873	0	578947	0	nan	3368	118	578937	0	0	0	nan	0	0	0	nan	nan	nan	nan	nan	nan
440	u	0	318873	0	nan	7960	95	318873	0	578945	0	nan	3368	118	578937	0	0	0	nan	0	0	0	nan	nan	nan	nan	nan	nan
441	a	0	318873	0	nan	7751	95	318873	0	578943	0	nan	3365	118	578937	0	0	0	nan	0	0	0	nan	nan	nan	nan	nan	nan
442	u	0	318873	0	nan	7666	95	318873	0	578937	0	nan	3364	118	578937	0	0	0	nan	0	0	0	nan	nan	nan	nan	nan	nan
443	u	0	318738	0	nan	7665	95	318738	0	578934	0	nan	3364	118	578934	0	0	0	nan	0	0	0	nan	nan	nan	nan	nan	nan
444	u	0	318296	0	nan	7661	95	318296	0	578923	0	nan	3364	118	578923	0	0	0	nan	0	0	0	nan	nan	nan	nan	nan	nan
445	c	0	318285	0	nan	7659	95	318285	0	578920	0	nan	3364	118	578920	0	0	0	nan	0	0	0	nan	nan	nan	nan	nan	nan
446	g	0	318275	0	nan	7659	95	318275	0	578914	0	nan	3364	118	578914	0	0	0	nan	0	0	0	nan	nan	nan	nan	nan	nan
447	g	0	317323	0	nan	7655	95	317323	0	578899	0	nan	3364	118	578899	0	0	0	nan	0	0	0	nan	nan	nan	nan	nan	nan
448	a	0	317308	0	nan	7653	95	317308	0	578884	0	nan	3364	118	578884	0	0	0	nan	0	0	0	nan	nan	nan	nan	nan	nan
449	c	0	317290	0	nan	7653	95	317290	0	578874	0	nan	3364	118	578874	0	0	0	nan	0	0	0	nan	nan	nan	nan	nan	nan
450	g	0	317253	0	nan	7651	95	317253	0	578836	0	nan	3364	118	578836	0	0	0	nan	0	0	0	nan	nan	nan	nan	nan	nan
451	g	0	316052	0	nan	7632	95	316052	0	578165	0	nan	3354	118	578165	0	0	0	nan	0	0	0	nan	nan	nan	nan	nan	nan
452	c	0	314555	0	nan	7579	93	314555	0	575356	0	nan	3336	115	575356	0	0	0	nan	0	0	0	nan	nan	nan	nan	nan	nan