452	Window=3	Metric=PAIRMAPPER	
i	j	Sig.	Class	Zij	Zi	Zj	Mod_Depth	Mod_Comuts	Unt_Depth	Unt_Comuts
372	385	231.42	1	11.22	8.87	13.56	191793	266	685346	3
45	82	38.16	2	2.14	2.05	2.23	210524	1356	849957	37
63	81	61.01	2	3.79	1.98	5.59	204648	993	839767	66
70	87	113.15	2	5.71	9.84	1.58	205462	2106	844437	51
113	128	48.24	2	3.45	4.14	2.77	202316	415	827753	33
114	127	132.54	2	5.83	7.56	4.09	202895	566	817631	38
115	126	261.67	2	8.88	11.57	6.19	196654	536	808496	14
116	125	513.61	2	12.12	12.24	12.00	196608	719	807753	6
144	155	112.91	2	8.27	9.16	7.37	124878	306	819500	67
162	204	38.36	2	4.66	4.75	4.58	105564	177	800308	2
163	203	71.90	2	6.54	5.00	8.08	106888	174	793501	8
164	205	26.85	2	3.21	2.54	3.88	85916	189	795346	3
177	188	47.90	2	6.24	5.53	6.95	151666	291	779269	61
179	189	28.50	2	4.51	4.21	4.81	96975	258	758758	55
188	197	24.39	2	2.62	3.54	1.70	193829	293	773799	33
216	234	46.21	2	4.05	3.52	4.59	192828	685	680006	15
217	233	59.87	2	4.74	5.28	4.21	195408	406	716778	26
218	231	49.45	2	5.98	7.99	3.97	194331	537	721160	37
219	231	43.69	2	5.56	7.62	3.51	193999	357	712741	31
233	256	71.54	2	5.75	5.03	6.47	166773	506	540030	17
256	425	48.71	2	2.72	4.41	1.04	176012	527	433729	11
274	290	166.72	2	9.66	11.69	7.63	169606	1381	516890	5
278	287	353.38	2	10.98	8.91	13.05	175135	705	589868	10
296	313	30.37	2	2.14	1.24	3.05	167743	536	500773	15
307	330	72.08	2	6.32	5.64	7.01	163625	661	564076	4
308	329	82.62	2	7.13	6.53	7.72	155055	512	523714	0
352	372	31.35	2	3.31	5.42	1.20	196062	139	701789	16
354	366	38.07	2	3.96	5.20	2.72	203410	242	738273	5
354	414	38.74	2	2.98	5.29	0.67	210069	470	760971	13
360	415	189.70	2	4.22	1.89	6.56	201747	1082	750612	15
361	414	114.35	2	6.02	10.06	1.98	209650	671	769770	11
365	410	192.30	2	9.56	13.76	5.35	195378	1430	721128	3
368	386	97.28	2	6.31	10.30	2.32	192985	552	697654	13
369	385	77.41	2	3.61	2.69	4.53	196313	459	722049	12
370	384	119.11	2	5.32	4.15	6.50	204438	336	746572	1
373	384	41.74	2	4.87	7.46	2.28	204690	461	777060	7
390	399	136.83	2	9.29	6.08	12.50	189271	1089	788331	42
415	425	129.71	2	3.64	4.48	2.79	214738	558	813238	36
27	95	29.98	0	4.68	5.51	3.84	215969	573	865254	15
29	41	45.95	0	4.97	5.17	4.77	204374	2042	841090	6
30	100	51.36	0	2.75	3.46	2.05	202796	2208	853180	13
37	46	38.91	0	1.93	1.90	1.95	205890	830	869683	22
37	92	28.46	0	1.41	1.39	1.43	209084	1605	868080	6
38	49	62.71	0	6.08	6.74	5.43	201325	1479	853454	7
43	84	63.55	0	2.85	2.90	2.80	207310	3088	853403	22
44	100	32.43	0	3.23	5.16	1.29	202049	1094	853355	12
66	88	49.89	0	1.90	2.04	1.75	206030	1616	854181	44
67	87	250.00	0	6.82	10.12	3.51	201925	2880	854143	49
67	96	33.06	0	2.19	1.34	3.03	201869	1052	857293	40
69	297	32.70	0	2.77	2.88	2.66	191448	982	437479	14
69	423	47.48	0	2.48	4.18	0.79	208776	1284	459696	28
77	254	44.59	0	4.83	5.57	4.09	172887	1724	578124	32
84	245	54.13	0	4.50	2.38	6.62	186246	2163	636235	5
85	244	42.19	0	4.17	3.12	5.21	183899	1847	664087	8
93	149	77.73	0	6.78	5.34	8.21	175079	2000	825273	6
98	107	68.99	0	8.26	14.04	2.47	203640	1355	830409	10
108	136	27.60	0	3.31	0.71	5.90	198881	1169	784539	7
112	121	64.14	0	9.45	10.63	8.26	195956	1080	838707	18
135	415	27.19	0	3.09	5.25	0.93	206697	440	447598	11
178	190	51.19	0	5.96	5.33	6.59	115772	273	770701	57
179	190	52.48	0	7.25	7.75	6.76	138689	285	774975	62
248	257	47.15	0	6.74	6.57	6.90	161697	357	517425	26
264	297	25.95	0	3.29	4.46	2.11	171280	818	454450	5
324	345	25.17	0	2.71	4.60	0.82	181888	895	697883	6
330	342	39.85	0	5.48	3.87	7.09	172687	1310	648817	4
349	393	24.06	0	2.27	4.05	0.49	197380	1697	752555	4
350	430	42.46	0	6.01	7.42	4.60	207472	1804	732229	3
351	373	30.24	0	5.12	4.84	5.41	196820	742	715474	12
355	421	91.84	0	4.28	7.02	1.54	205019	1232	746942	7
361	422	34.20	0	1.73	3.00	0.47	209062	510	775804	17
363	378	57.79	0	8.49	8.22	8.76	184664	595	680694	8
419	428	24.11	0	3.83	4.85	2.80	203728	1614	773557	1
