Nucleotide	Sequence	Modified_mutations	Modified_read_depth	Modified_effective_depth	Modified_rate	Modified_off_target_mapped_depth	Modified_low_mapq_mapped_depth	Modified_primer_pair_1_mapped_depth	Untreated_mutations	Untreated_read_depth	Untreated_effective_depth	Untreated_rate	Untreated_off_target_mapped_depth	Untreated_low_mapq_mapped_depth	Untreated_primer_pair_1_mapped_depth	Denatured_mutations	Denatured_read_depth	Denatured_effective_depth	Denatured_rate	Denatured_off_target_mapped_depth	Denatured_low_mapq_mapped_depth	Denatured_primer_pair_1_mapped_depth	Reactivity_profile	Std_err	HQ_profile	HQ_stderr	Norm_profile	Norm_stderr
1	a	0	416366	0	nan	141090	4	416366	0	1167896	0	nan	82954	99	1167896	0	0	0	nan	0	0	0	nan	nan	nan	nan	nan	nan
2	g	0	421380	0	nan	144473	4	421380	0	1182987	0	nan	83099	102	1182987	0	0	0	nan	0	0	0	nan	nan	nan	nan	nan	nan
3	g	0	422510	0	nan	144773	4	422510	0	1185353	0	nan	83263	102	1185353	0	0	0	nan	0	0	0	nan	nan	nan	nan	nan	nan
4	u	0	422622	0	nan	144792	4	422622	0	1185755	0	nan	83267	102	1185755	0	0	0	nan	0	0	0	nan	nan	nan	nan	nan	nan
5	g	0	422809	0	nan	144830	4	422809	0	1186134	0	nan	83269	103	1186134	0	0	0	nan	0	0	0	nan	nan	nan	nan	nan	nan
6	a	0	422982	0	nan	144864	4	422982	0	1186250	0	nan	83269	103	1186250	0	0	0	nan	0	0	0	nan	nan	nan	nan	nan	nan
7	u	0	423088	0	nan	144895	4	423088	0	1187607	0	nan	83271	103	1187607	0	0	0	nan	0	0	0	nan	nan	nan	nan	nan	nan
8	c	0	423211	0	nan	144901	4	423211	0	1208998	0	nan	83272	103	1208998	0	0	0	nan	0	0	0	nan	nan	nan	nan	nan	nan
9	c	0	423497	0	nan	144912	4	423497	0	1209638	0	nan	83272	103	1209638	0	0	0	nan	0	0	0	nan	nan	nan	nan	nan	nan
10	u	0	423816	0	nan	144914	4	423816	0	1209828	0	nan	83272	103	1209828	0	0	0	nan	0	0	0	nan	nan	nan	nan	nan	nan
11	g	0	423895	0	nan	144920	4	423895	0	1209874	0	nan	83272	103	1209874	0	0	0	nan	0	0	0	nan	nan	nan	nan	nan	nan
12	c	0	423895	0	nan	145135	4	423895	0	1209874	0	nan	83287	103	1209874	0	0	0	nan	0	0	0	nan	nan	nan	nan	nan	nan
13	a	0	423895	0	nan	145971	4	423895	0	1209874	0	nan	83303	103	1209874	0	0	0	nan	0	0	0	nan	nan	nan	nan	nan	nan
14	c	0	423895	0	nan	146281	4	423895	0	1209874	0	nan	83325	103	1209874	0	0	0	nan	0	0	0	nan	nan	nan	nan	nan	nan
15	u	0	423895	0	nan	146939	4	423895	0	1209874	0	nan	83330	103	1209874	0	0	0	nan	0	0	0	nan	nan	nan	nan	nan	nan
16	a	0	423895	0	nan	147433	4	423895	0	1209878	0	nan	83346	103	1209874	0	0	0	nan	0	0	0	nan	nan	nan	nan	nan	nan
17	u	0	423895	0	nan	147875	4	423895	0	1209881	0	nan	83356	103	1209874	0	0	0	nan	0	0	0	nan	nan	nan	nan	nan	nan
18	g	0	423895	0	nan	148242	4	423895	0	1209884	0	nan	83357	103	1209874	0	0	0	nan	0	0	0	nan	nan	nan	nan	nan	nan
19	g	0	423895	0	nan	148611	4	423895	0	1209886	0	nan	83366	103	1209874	0	0	0	nan	0	0	0	nan	nan	nan	nan	nan	nan
20	c	0	423895	0	nan	149018	4	423895	0	1209891	0	nan	83393	103	1209874	0	0	0	nan	0	0	0	nan	nan	nan	nan	nan	nan
21	A	1	423895	380858	0.000003	149269	4	423895	1	1209893	1141717	0.000001	83399	103	1209874	0	0	0	nan	0	0	0	0.000002	0.000003	0.000002	0.000003	0.000027	0.000041
22	C	25392	423895	367088	0.069171	149704	4	423895	603	1209894	1109965	0.000543	83409	103	1209874	0	0	0	nan	0	0	0	0.068628	0.000435	0.068628	0.000435	0.933012	0.005914
23	A	16782	423895	394564	0.042533	150053	4	423895	1861	1209898	1129415	0.001648	83519	103	1209874	0	0	0	nan	0	0	0	0.040885	0.000331	0.040885	0.000331	0.555840	0.004500
24	C	21886	423895	385475	0.056777	150506	4	423895	824	1209700	1103480	0.000747	83522	103	1209676	0	0	0	nan	0	0	0	0.056030	0.000385	0.056030	0.000385	0.761739	0.005234
25	U	4721	423895	395904	0.011925	150620	4	423895	1371	1209309	1148353	0.001194	83525	103	1209284	0	0	0	nan	0	0	0	0.010731	0.000177	0.010731	0.000177	0.145890	0.002406
26	G	3603	423895	395022	0.009121	150633	4	423895	4112	1208951	1137436	0.003615	83525	103	1208925	0	0	0	nan	0	0	0	0.005506	0.000162	0.005506	0.000162	0.074855	0.002202
27	G	3132	423895	398373	0.007862	150893	4	423895	2264	1208642	1160269	0.001951	83510	103	1208612	0	0	0	nan	0	0	0	0.005911	0.000146	0.005911	0.000146	0.080361	0.001985
28	U	5315	423895	391145	0.013588	150931	4	423895	1335	1208224	1148213	0.001163	83411	103	1208194	0	0	0	nan	0	0	0	0.012426	0.000189	0.012426	0.000189	0.168934	0.002569
29	A	30832	423895	384164	0.080257	150832	4	423895	819	1206586	1130907	0.000724	83388	103	1206556	0	0	0	nan	0	0	0	0.079533	0.000458	0.079533	0.000458	1.081267	0.006227
30	A	32252	423895	393006	0.082065	150541	4	423895	1014	1185107	1117482	0.000907	4149	102	1185077	0	0	0	nan	0	0	0	0.081158	0.000458	0.081158	0.000458	1.103360	0.006227
31	U	4178	423895	391067	0.010684	150455	4	423895	1681	1183132	1108139	0.001517	4146	102	1183102	0	0	0	nan	0	0	0	0.009167	0.000169	0.009167	0.000169	0.124627	0.002298
32	C	19471	423895	390515	0.049860	150264	4	423895	1189	1181646	1119484	0.001062	4145	102	1181615	0	0	0	nan	0	0	0	0.048798	0.000359	0.048798	0.000359	0.663419	0.004881
33	G	1614	423895	388341	0.004156	150111	4	423895	1236	1180211	1098817	0.001125	4144	102	1180177	0	0	0	nan	0	0	0	0.003031	0.000108	0.003031	0.000108	0.041207	0.001468
34	A	27097	423895	401949	0.067414	149903	4	423895	777	1179142	1114357	0.000697	4076	102	1179108	0	0	0	nan	0	0	0	0.066717	0.000410	0.066717	0.000410	0.907031	0.005574
35	C	12548	423895	405166	0.030970	149817	4	423895	696	1178611	1116322	0.000623	4076	102	1178577	0	0	0	nan	0	0	0	0.030347	0.000277	0.030347	0.000277	0.412574	0.003766
36	G	4253	423895	407018	0.010449	149800	4	423895	4939	1178024	1119837	0.004410	4074	102	1177989	0	0	0	nan	0	0	0	0.006039	0.000172	0.006039	0.000172	0.082101	0.002338
37	G	2081	423895	407146	0.005111	149767	4	423895	4412	1177437	1111390	0.003970	4074	102	1177401	0	0	0	nan	0	0	0	0.001141	0.000127	0.001141	0.000127	0.015512	0.001727
38	G	1103	423895	408125	0.002703	149844	4	423895	2813	1176967	1111662	0.002530	4070	101	1176928	0	0	0	nan	0	0	0	0.000172	0.000094	0.000172	0.000094	0.002338	0.001278
39	G	1987	423895	409289	0.004855	149786	4	423895	2251	1176697	1125957	0.001999	4068	101	1176655	0	0	0	nan	0	0	0	0.002856	0.000117	0.002856	0.000117	0.038828	0.001591
40	U	3919	423895	409166	0.009578	149690	3	423895	1589	1176103	1128572	0.001408	4064	101	1176060	0	0	0	nan	0	0	0	0.008170	0.000157	0.008170	0.000157	0.111073	0.002134
41	U	5095	423895	404352	0.012600	149741	3	423895	632	1175625	1123394	0.000563	4058	100	1175580	0	0	0	nan	0	0	0	0.012038	0.000178	0.012038	0.000178	0.163659	0.002420
42	A	25036	423895	400271	0.062548	149635	3	423895	863	1175362	1104910	0.000781	4059	100	1175313	0	0	0	nan	0	0	0	0.061767	0.000396	0.061767	0.000396	0.839735	0.005384
43	C	13464	423895	398753	0.033765	149491	3	423895	1326	1174786	1102635	0.001203	4059	100	1174728	0	0	0	nan	0	0	0	0.032563	0.000293	0.032563	0.000293	0.442701	0.003983
44	G	2713	423895	397851	0.006819	149031	3	423895	7505	1173887	1101725	0.006812	4057	100	1173825	0	0	0	nan	0	0	0	0.000007	0.000153	0.000007	0.000153	0.000095	0.002080
45	C	9004	423895	396218	0.022725	148389	3	423895	2950	1173492	1110448	0.002657	4057	100	1173428	0	0	0	nan	0	0	0	0.020068	0.000244	0.020068	0.000244	0.272829	0.003317
46	C	6343	423895	395227	0.016049	147388	3	423895	1839	1172953	1096676	0.001677	4057	100	1172887	0	0	0	nan	0	0	0	0.014372	0.000205	0.014372	0.000205	0.195390	0.002787
47	G	1371	423895	384952	0.003561	145922	3	423895	1312	1172104	1079418	0.001215	4051	100	1172038	0	0	0	nan	0	0	0	0.002346	0.000102	0.002346	0.000102	0.031894	0.001387
48	A	11384	423895	377087	0.030189	145550	3	423895	671	1171699	1079906	0.000621	4051	99	1171633	0	0	0	nan	0	0	0	0.029568	0.000284	0.029568	0.000284	0.401983	0.003861
49	A	28606	423895	376256	0.076028	144280	3	423895	969	1171237	1089672	0.000889	4048	99	1171170	0	0	0	nan	0	0	0	0.075139	0.000450	0.075139	0.000450	1.021530	0.006118
50	C	39585	423895	376593	0.105113	142698	3	423895	694	1170756	1100396	0.000631	4059	99	1170688	0	0	0	nan	0	0	0	0.104483	0.000529	0.104483	0.000529	1.420468	0.007192
51	A	30447	423895	382410	0.079619	142520	3	423895	644	1170287	1097003	0.000587	4058	99	1170219	0	0	0	nan	0	0	0	0.079032	0.000457	0.079032	0.000457	1.074456	0.006213
52	U	4914	423895	383047	0.012829	142345	3	423895	1194	1169866	1096123	0.001089	4062	99	1169798	0	0	0	nan	0	0	0	0.011739	0.000186	0.011739	0.000186	0.159594	0.002529
53	G	3798	423895	380973	0.009969	141668	3	423895	1042	1169342	1088193	0.000958	4058	99	1169274	0	0	0	nan	0	0	0	0.009012	0.000164	0.009012	0.000164	0.122520	0.002230
54	A	22316	423895	383556	0.058182	140698	3	423895	954	1168622	1084277	0.000880	4054	99	1168555	0	0	0	nan	0	0	0	0.057302	0.000391	0.057302	0.000391	0.779032	0.005316
55	U	2846	423895	379825	0.007493	140046	3	423895	1425	1168240	1081513	0.001318	4055	95	1168173	0	0	0	nan	0	0	0	0.006175	0.000145	0.006175	0.000145	0.083950	0.001971
56	C	18673	423895	378474	0.049338	139821	3	423895	926	1167858	1080449	0.000857	4058	93	1167791	0	0	0	nan	0	0	0	0.048481	0.000362	0.048481	0.000362	0.659109	0.004921
57	G	2602	423895	373967	0.006958	138644	3	423895	1528	1167238	1081435	0.001413	4054	92	1167170	0	0	0	nan	0	0	0	0.005545	0.000141	0.005545	0.000141	0.075385	0.001917
58	A	30866	423895	383336	0.080519	138510	3	423895	1380	1166906	1097575	0.001257	4013	81	1166838	0	0	0	nan	0	0	0	0.079262	0.000460	0.079262	0.000460	1.077583	0.006254
59	C	43212	423895	383403	0.112706	138450	3	423895	643	1166427	1117492	0.000575	4005	81	1166358	0	0	0	nan	0	0	0	0.112131	0.000543	0.112131	0.000543	1.524444	0.007382
60	U	6380	423895	379534	0.016810	138313	3	423895	828	1165473	1108718	0.000747	3981	77	1165403	0	0	0	nan	0	0	0	0.016063	0.000212	0.016063	0.000212	0.218380	0.002882
61	A	40583	423895	386579	0.104980	138232	3	423895	1562	1165114	1095670	0.001426	3958	73	1165044	0	0	0	nan	0	0	0	0.103554	0.000522	0.103554	0.000522	1.407838	0.007097
62	U	2728	423895	387695	0.007036	138196	2	423895	1647	1164757	1079419	0.001526	3954	66	1164686	0	0	0	nan	0	0	0	0.005511	0.000140	0.005511	0.000140	0.074923	0.001903
63	U	4241	423895	391472	0.010833	138083	3	423895	750	1164202	1080642	0.000694	3951	59	1164129	0	0	0	nan	0	0	0	0.010139	0.000168	0.010139	0.000168	0.137842	0.002284
64	U	3520	423895	390875	0.009005	137914	3	423895	1072	1163540	1090065	0.000983	3951	59	1163466	0	0	0	nan	0	0	0	0.008022	0.000155	0.008022	0.000155	0.109061	0.002107
65	C	22514	423895	385460	0.058408	137805	3	423895	983	1163205	1090289	0.000902	3951	59	1163120	0	0	0	nan	0	0	0	0.057507	0.000390	0.057507	0.000390	0.781819	0.005302
66	G	2930	423895	383005	0.007650	137674	3	423895	2011	1162025	1071862	0.001876	3953	58	1161936	0	0	0	nan	0	0	0	0.005774	0.000147	0.005774	0.000147	0.078499	0.001998
67	G	1848	423895	371640	0.004973	137435	3	423895	1704	1160663	1050397	0.001622	3948	58	1160570	0	0	0	nan	0	0	0	0.003350	0.000122	0.003350	0.000122	0.045544	0.001659
68	A	35223	423895	376359	0.093589	137324	3	423895	849	1160432	1059746	0.000801	3933	52	1160338	0	0	0	nan	0	0	0	0.092788	0.000499	0.092788	0.000499	1.261472	0.006784
69	C	39075	423895	389770	0.100251	137263	3	423895	894	1160219	1074121	0.000832	3933	52	1160124	0	0	0	nan	0	0	0	0.099419	0.000508	0.099419	0.000508	1.351622	0.006906
70	G	2179	423895	396743	0.005492	137145	3	423895	2136	1159803	1063285	0.002009	3935	52	1159708	0	0	0	nan	0	0	0	0.003483	0.000125	0.003483	0.000125	0.047352	0.001699
71	G	2868	423895	395928	0.007244	137032	3	423895	8833	1159363	1061536	0.008321	3925	52	1159268	0	0	0	nan	0	0	0	-0.001077	0.000162	-0.001077	0.000162	-0.014642	0.002202
72	C	5356	423895	393525	0.013610	136885	3	423895	4671	1159195	1071561	0.004359	3920	52	1159099	0	0	0	nan	0	0	0	0.009251	0.000197	0.009251	0.000197	0.125769	0.002678
73	C	8371	423895	395411	0.021170	136624	2	423895	1417	1158541	1086914	0.001304	2926	50	1158459	0	0	0	nan	0	0	0	0.019867	0.000234	0.019867	0.000234	0.270096	0.003181
74	G	2011	423895	382628	0.005256	136453	2	423895	1401	1157842	1050059	0.001334	2531	49	1157770	0	0	0	nan	0	0	0	0.003922	0.000123	0.003922	0.000123	0.053320	0.001672
75	U	3714	423895	368800	0.010070	136264	2	423895	929	1157421	1049539	0.000885	2428	45	1157351	0	0	0	nan	0	0	0	0.009185	0.000168	0.009185	0.000168	0.124872	0.002284
76	A	39542	423895	372037	0.106285	136028	2	423895	574	1157046	1060657	0.000541	2346	45	1156976	0	0	0	nan	0	0	0	0.105744	0.000535	0.105744	0.000535	1.437611	0.007273
77	U	6861	423895	375833	0.018255	135955	2	423895	824	1156590	1071688	0.000769	2285	44	1156523	0	0	0	nan	0	0	0	0.017487	0.000222	0.017487	0.000222	0.237739	0.003018
78	G	5618	423895	376011	0.014941	135823	2	423895	848	1155909	1065515	0.000796	2199	42	1155839	0	0	0	nan	0	0	0	0.014145	0.000201	0.014145	0.000201	0.192304	0.002733
79	A	32819	423895	372349	0.088140	135650	2	423895	826	1155673	1061611	0.000778	2189	41	1155602	0	0	0	nan	0	0	0	0.087362	0.000487	0.087362	0.000487	1.187704	0.006621
80	A	21149	423895	376354	0.056194	135476	2	423895	911	1155324	1085009	0.000840	2183	41	1155253	0	0	0	nan	0	0	0	0.055355	0.000387	0.055355	0.000387	0.752563	0.005261
81	G	1268	423895	377270	0.003361	135474	2	423895	1824	1154793	1083244	0.001684	2175	38	1154720	0	0	0	nan	0	0	0	0.001677	0.000102	0.001677	0.000102	0.022799	0.001387
82	G	2832	423895	379116	0.007470	135343	1	423895	6907	1154428	1085256	0.006364	2174	38	1154354	0	0	0	nan	0	0	0	0.001106	0.000160	0.001106	0.000160	0.015036	0.002175
83	C	19961	423895	376997	0.052947	135153	1	423895	2367	1154055	1086182	0.002179	2147	38	1153980	0	0	0	nan	0	0	0	0.050768	0.000377	0.050768	0.000377	0.690201	0.005125
84	A	41208	423895	383161	0.107547	135063	1	423895	611	1153842	1087602	0.000562	2142	37	1153766	0	0	0	nan	0	0	0	0.106986	0.000530	0.106986	0.000530	1.454496	0.007205
85	U	5612	423895	384760	0.014586	134976	1	423895	2778	1153503	1086536	0.002557	2142	34	1153426	0	0	0	nan	0	0	0	0.012029	0.000201	0.012029	0.000201	0.163537	0.002733
86	C	29982	423895	388663	0.077141	134839	1	423895	662	1153250	1063309	0.000623	2140	34	1153172	0	0	0	nan	0	0	0	0.076519	0.000446	0.076519	0.000446	1.040291	0.006063
87	G	2960	423895	390340	0.007583	134741	1	423895	7515	1152969	1070084	0.007023	2134	34	1152891	0	0	0	nan	0	0	0	0.000560	0.000161	0.000560	0.000161	0.007613	0.002189
88	C	8652	423895	390872	0.022135	134552	1	423895	4104	1152738	1063174	0.003860	2133	34	1152658	0	0	0	nan	0	0	0	0.018275	0.000245	0.018275	0.000245	0.248452	0.003331
89	C	3291	423895	393338	0.008367	134482	1	423895	1822	1152484	1083815	0.001681	2134	34	1152403	0	0	0	nan	0	0	0	0.006686	0.000151	0.006686	0.000151	0.090898	0.002053
90	G	2129	423895	389908	0.005460	134453	1	423895	2487	1152286	1075218	0.002313	2136	33	1152204	0	0	0	nan	0	0	0	0.003147	0.000127	0.003147	0.000127	0.042784	0.001727
91	U	2575	423895	389574	0.006610	134373	1	423895	1770	1152058	1074168	0.001648	2133	33	1151976	0	0	0	nan	0	0	0	0.004962	0.000136	0.004962	0.000136	0.067459	0.001849
92	G	8025	423895	389935	0.020580	134312	2	423895	3783	1151711	1062719	0.003560	2124	32	1151628	0	0	0	nan	0	0	0	0.017021	0.000237	0.017021	0.000237	0.231404	0.003222
93	U	8536	423895	391754	0.021789	134223	2	423895	1989	1151233	1071748	0.001856	2124	32	1151149	0	0	0	nan	0	0	0	0.019933	0.000239	0.019933	0.000239	0.270993	0.003249
94	U	5664	423895	390980	0.014487	134351	2	423895	1519	1150838	1077430	0.001410	2123	32	1150753	0	0	0	nan	0	0	0	0.013077	0.000196	0.013077	0.000196	0.177784	0.002665
95	C	35052	423895	384078	0.091263	134131	2	423895	807	1150441	1080498	0.000747	2120	32	1150355	0	0	0	nan	0	0	0	0.090516	0.000488	0.090516	0.000488	1.230583	0.006634
96	G	2585	423895	375419	0.006886	133976	2	423895	1234	1149884	1061304	0.001163	2120	32	1149798	0	0	0	nan	0	0	0	0.005723	0.000139	0.005723	0.000139	0.077805	0.001890
97	A	11695	423895	378093	0.030932	133724	2	423895	563	1149406	1064673	0.000529	2115	31	1149319	0	0	0	nan	0	0	0	0.030403	0.000287	0.030403	0.000287	0.413335	0.003902
98	C	5013	423895	377216	0.013289	133650	2	423895	2284	1149161	1071456	0.002132	2114	31	1149073	0	0	0	nan	0	0	0	0.011158	0.000193	0.011158	0.000193	0.151695	0.002624
99	G	1361	423895	381437	0.003568	133608	2	423895	2343	1148878	1078186	0.002173	2116	30	1148789	0	0	0	nan	0	0	0	0.001395	0.000107	0.001395	0.000107	0.018965	0.001455
100	G	2548	423895	374945	0.006796	133518	2	423895	6488	1148582	1060692	0.006117	2114	30	1148493	0	0	0	nan	0	0	0	0.000679	0.000155	0.000679	0.000155	0.009231	0.002107
101	C	49570	423895	358800	0.138155	133386	2	423895	23019	1148284	1055004	0.021819	2106	29	1148195	0	0	0	nan	0	0	0	0.116336	0.000637	0.116336	0.000637	1.581612	0.008660
102	A	13680	423895	345890	0.039550	133280	2	423895	2612	1148021	1051598	0.002484	2099	27	1147929	0	0	0	nan	0	0	0	0.037066	0.000342	0.037066	0.000342	0.503920	0.004650
103	A	15534	423895	361293	0.042996	133034	2	423895	1137	1147616	1051370	0.001081	2098	25	1147524	0	0	0	nan	0	0	0	0.041914	0.000346	0.041914	0.000346	0.569829	0.004704
104	A	16952	423895	366529	0.046250	132435	3	423895	698	1146926	1034018	0.000675	2096	23	1146834	0	0	0	nan	0	0	0	0.045575	0.000356	0.045575	0.000356	0.619601	0.004840
105	A	6951	423895	358801	0.019373	131830	3	423895	886	1145489	1025427	0.000864	2096	23	1145397	0	0	0	nan	0	0	0	0.018509	0.000234	0.018509	0.000234	0.251634	0.003181
106	A	24588	423895	359737	0.068350	131106	3	423895	907	1144152	1014618	0.000894	2096	22	1144060	0	0	0	nan	0	0	0	0.067456	0.000437	0.067456	0.000437	0.917078	0.005941
107	G	3360	423895	351149	0.009569	129951	4	423895	847	1142585	1011666	0.000837	2095	22	1142492	0	0	0	nan	0	0	0	0.008731	0.000168	0.008731	0.000168	0.118700	0.002284
108	A	18513	423895	339979	0.054453	129152	4	423895	755	1141986	1000980	0.000754	2087	22	1141894	0	0	0	nan	0	0	0	0.053699	0.000401	0.053699	0.000401	0.730049	0.005452
109	U	3561	423895	337418	0.010554	128564	4	423895	1627	1141169	1008867	0.001613	2080	21	1141076	0	0	0	nan	0	0	0	0.008941	0.000181	0.008941	0.000181	0.121555	0.002461
110	C	11781	423895	319782	0.036841	128109	4	423895	1003	1140727	1027590	0.000976	2078	19	1140633	0	0	0	nan	0	0	0	0.035865	0.000341	0.035865	0.000341	0.487592	0.004636
111	A	12567	423895	321646	0.039071	127471	4	423895	964	1140395	1056073	0.000913	2067	18	1140300	0	0	0	nan	0	0	0	0.038158	0.000350	0.038158	0.000350	0.518766	0.004758
112	C	20205	423895	304658	0.066320	126967	4	423895	615	1140134	1068195	0.000576	2059	18	1140039	0	0	0	nan	0	0	0	0.065745	0.000467	0.065745	0.000467	0.893817	0.006349
113	U	2855	423895	281272	0.010150	126214	4	423895	1310	1139904	1062325	0.001233	2059	16	1139809	0	0	0	nan	0	0	0	0.008917	0.000193	0.008917	0.000193	0.121228	0.002624
114	G	1625	423895	248784	0.006532	124685	4	423895	1608	1139719	1061777	0.001514	2047	16	1139623	0	0	0	nan	0	0	0	0.005017	0.000166	0.005017	0.000166	0.068207	0.002257
115	U	2065	423895	208561	0.009901	121578	4	423895	928	1139584	1059777	0.000876	2031	15	1139487	0	0	0	nan	0	0	0	0.009026	0.000220	0.009026	0.000220	0.122710	0.002991
116	A	8354	423895	167123	0.049987	120589	4	423895	639	1139396	1069024	0.000598	2029	15	1139298	0	0	0	nan	0	0	0	0.049389	0.000547	0.049389	0.000547	0.671454	0.007437
117	A	16259	423895	166289	0.097776	119990	5	423895	857	1139091	1074533	0.000798	2078	15	1138986	0	0	0	nan	0	0	0	0.096978	0.000767	0.096978	0.000767	1.318436	0.010428
118	C	7825	423895	114778	0.068175	118639	5	423895	893	1138776	1085772	0.000822	2076	15	1138671	0	0	0	nan	0	0	0	0.067353	0.000771	0.067353	0.000771	0.915678	0.010482
119	A	14697	423895	125422	0.117180	116320	5	423895	862	1138208	1085078	0.000794	2073	15	1138103	0	0	0	nan	0	0	0	0.116386	0.000967	0.116386	0.000967	1.582291	0.013147
120	G	1093	423895	139253	0.007849	115799	5	423895	4339	1137688	1054122	0.004116	2074	15	1137580	0	0	0	nan	0	0	0	0.003733	0.000245	0.003733	0.000245	0.050751	0.003331
121	G	516	423895	199872	0.002582	113852	5	423895	3569	1137072	1025403	0.003481	2072	15	1136966	0	0	0	nan	0	0	0	-0.000899	0.000128	-0.000899	0.000128	-0.012222	0.001740
122	G	312	423895	116645	0.002675	110908	6	423895	1522	1136705	1006975	0.001511	2070	15	1136598	0	0	0	nan	0	0	0	0.001163	0.000156	0.001163	0.000156	0.015811	0.002121
123	A	4243	423895	118583	0.035781	108773	6	423895	2035	1136306	1016562	0.002002	2043	15	1136199	0	0	0	nan	0	0	0	0.033779	0.000551	0.033779	0.000551	0.459232	0.007491
124	C	6630	423895	126767	0.052301	107825	6	423895	2683	1135992	1029174	0.002607	2042	15	1135884	0	0	0	nan	0	0	0	0.049694	0.000644	0.049694	0.000644	0.675600	0.008755
125	C	5252	423895	121154	0.043350	105141	6	423895	1885	1135581	1038538	0.001815	2042	15	1135472	0	0	0	nan	0	0	0	0.041535	0.000600	0.041535	0.000600	0.564677	0.008157
126	C	5041	423895	102569	0.049147	104533	6	423895	1476	1135238	1033307	0.001428	1918	14	1135129	0	0	0	nan	0	0	0	0.047719	0.000693	0.047719	0.000693	0.648750	0.009421
127	U	1422	423895	106101	0.013402	104141	6	423895	2400	1134783	1043231	0.002301	1919	14	1134674	0	0	0	nan	0	0	0	0.011102	0.000358	0.011102	0.000358	0.150934	0.004867
128	G	2029	423895	135428	0.014982	103592	6	423895	1631	1134376	1050935	0.001552	1914	13	1134267	0	0	0	nan	0	0	0	0.013430	0.000335	0.013430	0.000335	0.182584	0.004554
129	U	3058	423895	157893	0.019368	102904	6	423895	1217	1133845	1053877	0.001155	1905	12	1133737	0	0	0	nan	0	0	0	0.018213	0.000352	0.018213	0.000352	0.247609	0.004786
130	G	566	423895	142168	0.003981	102239	6	423895	2080	1133241	1041537	0.001997	1904	12	1133132	0	0	0	nan	0	0	0	0.001984	0.000173	0.001984	0.000173	0.026973	0.002352
131	G	512	423895	196667	0.002603	101207	6	423895	1242	1132253	1038734	0.001196	1899	12	1132145	0	0	0	nan	0	0	0	0.001408	0.000120	0.001408	0.000120	0.019142	0.001631
132	A	5121	423895	146517	0.034952	99524	6	423895	650	1130962	1010211	0.000643	1897	12	1130854	0	0	0	nan	0	0	0	0.034308	0.000489	0.034308	0.000489	0.466424	0.006648
133	A	4138	423895	147256	0.028101	96548	6	423895	2126	1128978	1004402	0.002117	1888	12	1128869	0	0	0	nan	0	0	0	0.025984	0.000439	0.025984	0.000439	0.353258	0.005968
134	C	4909	423895	150166	0.032690	95494	6	423895	1237	1126862	994850	0.001243	1888	12	1126752	0	0	0	nan	0	0	0	0.031447	0.000468	0.031447	0.000468	0.427528	0.006363
135	G	539	423895	162730	0.003312	94551	6	423895	2389	1125193	984347	0.002427	1888	11	1125082	0	0	0	nan	0	0	0	0.000885	0.000151	0.000885	0.000151	0.012032	0.002053
136	G	1163	423895	147961	0.007860	92313	6	423895	8096	1123652	986242	0.008209	1888	11	1123541	0	0	0	nan	0	0	0	-0.000349	0.000248	-0.000349	0.000248	-0.004745	0.003372
137	C	6790	423895	133932	0.050697	91310	6	423895	2435	1123141	948655	0.002567	1882	11	1123027	0	0	0	nan	0	0	0	0.048131	0.000617	0.048131	0.000617	0.654351	0.008388
138	A	2333	423895	154489	0.015101	90779	6	423895	782	1122610	940417	0.000832	1879	11	1122496	0	0	0	nan	0	0	0	0.014270	0.000314	0.014270	0.000314	0.194004	0.004269
139	A	14172	423895	172723	0.082050	89911	6	423895	777	1122318	951602	0.000817	1872	9	1122204	0	0	0	nan	0	0	0	0.081234	0.000690	0.081234	0.000690	1.104393	0.009381
140	C	34250	423895	178149	0.192255	88871	5	423895	4262	1122118	1004958	0.004241	1872	9	1122004	0	0	0	nan	0	0	0	0.188014	0.001041	0.188014	0.001041	2.556089	0.014153
141	A	8251	423895	178981	0.046100	88791	6	423895	1363	1121893	1016570	0.001341	1872	9	1121779	0	0	0	nan	0	0	0	0.044759	0.000509	0.044759	0.000509	0.608508	0.006920
142	A	9325	423895	243675	0.038268	88219	6	423895	1671	1121359	1002865	0.001666	1871	9	1121245	0	0	0	nan	0	0	0	0.036602	0.000398	0.036602	0.000398	0.497612	0.005411
143	A	6541	423895	184452	0.035462	87447	5	423895	454	1120747	977212	0.000465	1870	7	1120633	0	0	0	nan	0	0	0	0.034997	0.000439	0.034997	0.000439	0.475791	0.005968
144	A	12018	423895	189344	0.063472	86912	5	423895	689	1120120	996989	0.000691	1857	7	1120006	0	0	0	nan	0	0	0	0.062781	0.000580	0.062781	0.000580	0.853520	0.007885
145	U	2435	423895	201919	0.012059	86672	5	423895	1026	1119548	995469	0.001031	1850	7	1119433	0	0	0	nan	0	0	0	0.011029	0.000246	0.011029	0.000246	0.149942	0.003344
146	U	2064	423895	212827	0.009698	86368	5	423895	577	1118792	1008506	0.000572	1848	7	1118677	0	0	0	nan	0	0	0	0.009126	0.000215	0.009126	0.000215	0.124070	0.002923
147	A	16096	423895	193632	0.083127	86028	5	423895	874	1118012	1010758	0.000865	1858	5	1117892	0	0	0	nan	0	0	0	0.082262	0.000656	0.082262	0.000656	1.118369	0.008918
148	U	2274	423895	194103	0.011715	85704	5	423895	2022	1117402	1029856	0.001963	1854	5	1117283	0	0	0	nan	0	0	0	0.009752	0.000250	0.009752	0.000250	0.132580	0.003399
149	C	11958	423895	232756	0.051376	85423	5	423895	701	1116690	1010107	0.000694	1855	5	1116568	0	0	0	nan	0	0	0	0.050682	0.000471	0.050682	0.000471	0.689032	0.006403
150	G	1962	423895	234631	0.008362	84896	5	423895	1287	1115892	1007947	0.001277	1855	5	1115769	0	0	0	nan	0	0	0	0.007085	0.000192	0.007085	0.000192	0.096322	0.002610
151	A	20811	423895	248772	0.083655	84416	5	423895	666	1115207	1009920	0.000659	1838	4	1115084	0	0	0	nan	0	0	0	0.082995	0.000580	0.082995	0.000580	1.128334	0.007885
152	C	12227	423895	257986	0.047394	84090	5	423895	632	1114760	1021289	0.000619	1835	4	1114637	0	0	0	nan	0	0	0	0.046775	0.000429	0.046775	0.000429	0.635916	0.005832
153	G	893	423895	201436	0.004433	83794	5	423895	1541	1113873	1013158	0.001521	1826	4	1113751	0	0	0	nan	0	0	0	0.002912	0.000153	0.002912	0.000153	0.039589	0.002080
154	A	20452	423895	212953	0.096040	83586	5	423895	741	1113374	999788	0.000741	1818	4	1113254	0	0	0	nan	0	0	0	0.095299	0.000672	0.095299	0.000672	1.295609	0.009136
155	G	1736	423895	199689	0.008694	83547	5	423895	6072	1112970	1016394	0.005974	1815	4	1112849	0	0	0	nan	0	0	0	0.002719	0.000222	0.002719	0.000222	0.036965	0.003018
156	C	14014	423895	284781	0.049210	83400	5	423895	1528	1112461	1024126	0.001492	1814	3	1112340	0	0	0	nan	0	0	0	0.047718	0.000417	0.047718	0.000417	0.648736	0.005669
157	G	2027	423895	301628	0.006720	83255	5	423895	4533	1111637	1039306	0.004362	1808	3	1111517	0	0	0	nan	0	0	0	0.002359	0.000163	0.002359	0.000163	0.032071	0.002216
158	C	15045	423895	332659	0.045226	83046	5	423895	3670	1111116	1029766	0.003564	1796	3	1110998	0	0	0	nan	0	0	0	0.041663	0.000373	0.041663	0.000373	0.566417	0.005071
159	C	9394	423895	303291	0.030974	82693	5	423895	1301	1110155	1025801	0.001268	1784	3	1110036	0	0	0	nan	0	0	0	0.029705	0.000321	0.029705	0.000321	0.403846	0.004364
160	U	3792	423895	294398	0.012881	82356	5	423895	1984	1109553	1020622	0.001944	1780	3	1109433	0	0	0	nan	0	0	0	0.010937	0.000214	0.010937	0.000214	0.148691	0.002909
161	G	1325	423895	242080	0.005473	82218	5	423895	1252	1108997	994078	0.001259	1768	3	1108877	0	0	0	nan	0	0	0	0.004214	0.000155	0.004214	0.000155	0.057290	0.002107
162	A	21943	423895	259801	0.084461	82044	5	423895	683	1108486	986790	0.000692	1733	3	1108368	0	0	0	nan	0	0	0	0.083769	0.000571	0.083769	0.000571	1.138857	0.007763
163	U	3298	423895	259348	0.012717	81993	5	423895	2665	1108304	997205	0.002672	1730	3	1108187	0	0	0	nan	0	0	0	0.010044	0.000227	0.010044	0.000227	0.136550	0.003086
164	C	23254	423895	307199	0.075697	81947	5	423895	801	1108228	1017277	0.000787	1728	3	1108112	0	0	0	nan	0	0	0	0.074909	0.000497	0.074909	0.000497	1.018403	0.006757
165	A	12529	423895	324095	0.038658	81887	5	423895	499	1108141	1027965	0.000485	1724	3	1108025	0	0	0	nan	0	0	0	0.038173	0.000346	0.038173	0.000346	0.518970	0.004704
166	A	26175	423895	347274	0.075373	81849	5	423895	1670	1107974	1033873	0.001615	1724	3	1107857	0	0	0	nan	0	0	0	0.073757	0.000468	0.073757	0.000468	1.002741	0.006363
167	C	12478	423895	344837	0.036185	81818	5	423895	2902	1107823	1016790	0.002854	1723	3	1107706	0	0	0	nan	0	0	0	0.033331	0.000328	0.033331	0.000328	0.453142	0.004459
168	C	13213	423895	359719	0.036731	81654	5	423895	2034	1107436	1025603	0.001983	1714	4	1107319	0	0	0	nan	0	0	0	0.034748	0.000323	0.034748	0.000323	0.472406	0.004391
169	C	9815	423895	346508	0.028325	81482	4	423895	1845	1106969	1016546	0.001815	1714	4	1106851	0	0	0	nan	0	0	0	0.026510	0.000289	0.026510	0.000289	0.360409	0.003929
170	C	13423	423895	341895	0.039261	81277	4	423895	1990	1105977	1011664	0.001967	1724	4	1105857	0	0	0	nan	0	0	0	0.037294	0.000342	0.037294	0.000342	0.507020	0.004650
171	G	1650	423895	287675	0.005736	80930	5	423895	1330	1104666	984104	0.001351	1695	4	1104547	0	0	0	nan	0	0	0	0.004384	0.000146	0.004384	0.000146	0.059601	0.001985
172	A	26964	423895	305025	0.088399	80617	5	423895	611	1104023	990792	0.000617	1689	4	1103905	0	0	0	nan	0	0	0	0.087783	0.000539	0.087783	0.000539	1.193428	0.007328
173	C	18417	423895	311042	0.059211	80401	5	423895	1467	1103337	985222	0.001489	1688	4	1103218	0	0	0	nan	0	0	0	0.057722	0.000438	0.057722	0.000438	0.784742	0.005955
174	G	1372	423895	348842	0.003933	80194	5	423895	2398	1102532	998007	0.002403	1686	3	1102414	0	0	0	nan	0	0	0	0.001530	0.000117	0.001530	0.000117	0.020801	0.001591
175	G	1680	423895	340140	0.004939	79978	4	423895	5229	1102017	998820	0.005235	1679	3	1101899	0	0	0	nan	0	0	0	-0.000296	0.000141	-0.000296	0.000141	-0.004024	0.001917
176	C	11801	423895	308025	0.038312	79889	4	423895	3991	1101590	963745	0.004141	1678	3	1101472	0	0	0	nan	0	0	0	0.034171	0.000359	0.034171	0.000359	0.464562	0.004881
177	U	2867	423895	315823	0.009078	79761	3	423895	5000	1100933	985296	0.005075	1674	3	1100815	0	0	0	nan	0	0	0	0.004003	0.000184	0.004003	0.000184	0.054422	0.002502
178	C	15258	423895	328245	0.046484	79706	3	423895	2984	1100756	980429	0.003044	1662	3	1100638	0	0	0	nan	0	0	0	0.043440	0.000380	0.043440	0.000380	0.590576	0.005166
179	C	28694	423895	368735	0.077817	79635	3	423895	3375	1100364	1021741	0.003303	1659	3	1100246	0	0	0	nan	0	0	0	0.074514	0.000463	0.074514	0.000463	1.013033	0.006295
180	C	32262	423895	330616	0.097581	79501	4	423895	1865	1099766	1020742	0.001827	1658	3	1099648	0	0	0	nan	0	0	0	0.095754	0.000545	0.095754	0.000545	1.301795	0.007409
181	U	4257	423895	330418	0.012884	79364	4	423895	1613	1099130	1017442	0.001585	1659	3	1099011	0	0	0	nan	0	0	0	0.011298	0.000201	0.011298	0.000201	0.153599	0.002733
182	G	5425	423895	333233	0.016280	79283	4	423895	7851	1098659	1024600	0.007663	1657	3	1098540	0	0	0	nan	0	0	0	0.008617	0.000237	0.008617	0.000237	0.117150	0.003222
183	C	17815	423895	342035	0.052085	79215	4	423895	2426	1098108	1026770	0.002363	1654	3	1097969	0	0	0	nan	0	0	0	0.049723	0.000393	0.049723	0.000393	0.675994	0.005343
184	U	3246	423895	343661	0.009445	79153	4	423895	1296	1097372	1021784	0.001268	1660	3	1097213	0	0	0	nan	0	0	0	0.008177	0.000169	0.008177	0.000169	0.111168	0.002298
185	G	3593	423895	342102	0.010503	79117	4	423895	4354	1096824	1010242	0.004310	1672	3	1096621	0	0	0	nan	0	0	0	0.006193	0.000187	0.006193	0.000187	0.084195	0.002542
186	U	2933	423895	365645	0.008021	79068	4	423895	2179	1096225	1009720	0.002158	1493	3	1095980	0	0	0	nan	0	0	0	0.005863	0.000155	0.005863	0.000155	0.079709	0.002107
187	U	2401	423895	371745	0.006459	78954	4	423895	4541	1095610	1021729	0.004444	1521	3	1095281	0	0	0	nan	0	0	0	0.002014	0.000147	0.002014	0.000147	0.027381	0.001998
188	C	14211	423895	372804	0.038119	78984	4	423895	1201	1095303	1030031	0.001166	1612	3	1094584	0	0	0	nan	0	0	0	0.036953	0.000322	0.036953	0.000322	0.502384	0.004378
189	C	18025	423895	371728	0.048490	78809	4	423895	972	1094325	1011448	0.000961	1611	3	1093600	0	0	0	nan	0	0	0	0.047529	0.000362	0.047529	0.000362	0.646166	0.004921
190	G	1822	423895	297961	0.006115	78661	4	423895	1961	1092969	980430	0.002000	1611	3	1092244	0	0	0	nan	0	0	0	0.004115	0.000150	0.004115	0.000150	0.055944	0.002039
191	A	27658	423895	295997	0.093440	78519	4	423895	1198	1092204	962176	0.001245	1568	3	1091497	0	0	0	nan	0	0	0	0.092195	0.000563	0.092195	0.000563	1.253410	0.007654
192	G	2073	423895	291227	0.007118	78456	4	423895	1340	1091909	976358	0.001372	1578	5	1091202	0	0	0	nan	0	0	0	0.005746	0.000161	0.005746	0.000161	0.078118	0.002189
193	U	4271	423895	338328	0.012624	78343	4	423895	1170	1091688	974762	0.001200	1558	5	1090983	0	0	0	nan	0	0	0	0.011424	0.000196	0.011424	0.000196	0.155312	0.002665
194	A	16555	423895	332014	0.049862	78275	4	423895	860	1091192	992383	0.000867	1555	5	1090487	0	0	0	nan	0	0	0	0.048996	0.000389	0.048996	0.000389	0.666111	0.005289
195	A	30717	423895	344350	0.089203	78173	4	423895	976	1090669	994004	0.000982	1550	5	1089963	0	0	0	nan	0	0	0	0.088221	0.000510	0.088221	0.000510	1.199382	0.006934
196	C	29237	423895	346097	0.084476	78089	4	423895	927	1090067	1019521	0.000909	1551	5	1089361	0	0	0	nan	0	0	0	0.083567	0.000495	0.083567	0.000495	1.136110	0.006730
197	C	22433	423895	348442	0.064381	77968	4	423895	625	1089244	1021168	0.000612	1552	5	1088540	0	0	0	nan	0	0	0	0.063769	0.000431	0.063769	0.000431	0.866953	0.005860
198	A	14880	423895	333564	0.044609	77839	4	423895	542	1088385	1008375	0.000537	1537	5	1087679	0	0	0	nan	0	0	0	0.044072	0.000366	0.044072	0.000366	0.599168	0.004976
199	U	5466	423895	328249	0.016652	77744	4	423895	2692	1087688	1004405	0.002680	1528	5	1086982	0	0	0	nan	0	0	0	0.013972	0.000231	0.013972	0.000231	0.189952	0.003140
200	C	16471	423895	331255	0.049723	77678	4	423895	596	1087178	997942	0.000597	1528	5	1086473	0	0	0	nan	0	0	0	0.049126	0.000388	0.049126	0.000388	0.667878	0.005275
201	A	6327	423895	334721	0.018902	77579	4	423895	637	1086429	988247	0.000645	1522	5	1085724	0	0	0	nan	0	0	0	0.018258	0.000239	0.018258	0.000239	0.248221	0.003249
202	A	24008	423895	343988	0.069793	77301	4	423895	880	1085436	992650	0.000887	1520	5	1084731	0	0	0	nan	0	0	0	0.068907	0.000451	0.068907	0.000451	0.936805	0.006131
203	C	20226	423895	349626	0.057850	77113	4	423895	489	1084126	986528	0.000496	1519	5	1083422	0	0	0	nan	0	0	0	0.057355	0.000407	0.057355	0.000407	0.779753	0.005533
204	G	1860	423895	352647	0.005274	76668	4	423895	2033	1082274	962870	0.002111	1499	5	1081570	0	0	0	nan	0	0	0	0.003163	0.000131	0.003163	0.000131	0.043002	0.001781
205	G	1476	423895	280833	0.005256	76137	4	423895	1913	1079455	926540	0.002065	1364	5	1078760	0	0	0	nan	0	0	0	0.003191	0.000145	0.003191	0.000145	0.043382	0.001971
206	A	25708	423895	282547	0.090987	75655	4	423895	1313	1077368	897420	0.001463	1353	5	1076675	0	0	0	nan	0	0	0	0.089524	0.000569	0.089524	0.000569	1.217097	0.007736
207	G	2902	423895	269974	0.010749	75506	4	423895	1221	1075319	891944	0.001369	1352	5	1074627	0	0	0	nan	0	0	0	0.009380	0.000203	0.009380	0.000203	0.127523	0.002760
208	U	4272	423895	335064	0.012750	75234	4	423895	1657	1074070	891993	0.001858	1348	5	1073381	0	0	0	nan	0	0	0	0.010892	0.000200	0.010892	0.000200	0.148079	0.002719
209	G	2134	423895	334147	0.006386	75102	4	423895	978	1073507	919343	0.001064	1345	5	1072818	0	0	0	nan	0	0	0	0.005323	0.000142	0.005323	0.000142	0.072367	0.001931
210	A	27189	423895	364735	0.074545	74944	4	423895	935	1073135	932200	0.001003	1345	5	1072447	0	0	0	nan	0	0	0	0.073542	0.000453	0.073542	0.000453	0.999818	0.006159
211	C	27822	423895	370704	0.075052	74872	4	423895	1042	1073101	919020	0.001134	1344	5	1072413	0	0	0	nan	0	0	0	0.073918	0.000451	0.073918	0.000451	1.004930	0.006131
212	C	17938	423895	375713	0.047744	74658	4	423895	1311	1072438	931139	0.001408	1340	5	1071755	0	0	0	nan	0	0	0	0.046336	0.000359	0.046336	0.000359	0.629947	0.004881
213	G	1690	423895	368910	0.004581	74410	4	423895	2151	1071324	908541	0.002368	1338	5	1070657	0	0	0	nan	0	0	0	0.002214	0.000123	0.002214	0.000123	0.030100	0.001672
214	G	3069	423895	369386	0.008308	74039	4	423895	6127	1066611	909901	0.006734	1331	5	1065962	0	0	0	nan	0	0	0	0.001575	0.000173	0.001575	0.000173	0.021412	0.002352
215	C	21189	423895	349180	0.060682	73827	4	423895	4238	1065963	911427	0.004650	1334	5	1065324	0	0	0	nan	0	0	0	0.056032	0.000423	0.056032	0.000423	0.761766	0.005751
216	U	4290	423895	349237	0.012284	73549	4	423895	1175	1064825	912012	0.001288	1332	5	1064194	0	0	0	nan	0	0	0	0.010996	0.000191	0.010996	0.000191	0.149493	0.002597
217	G	1376	423895	341664	0.004027	73451	4	423895	1664	1063649	874802	0.001902	1328	5	1063029	0	0	0	nan	0	0	0	0.002125	0.000118	0.002125	0.000118	0.028890	0.001604
218	G	3365	423895	355147	0.009475	73328	4	423895	7140	1062828	874121	0.008168	1327	5	1062213	0	0	0	nan	0	0	0	0.001307	0.000190	0.001307	0.000190	0.017769	0.002583
219	C	70579	423895	364706	0.193523	73235	4	423895	2706	1062124	889317	0.003043	1288	5	1061511	0	0	0	nan	0	0	0	0.190480	0.000731	0.190480	0.000731	2.589614	0.009938
220	G	1669	423895	377840	0.004417	73161	4	423895	1764	1061260	902205	0.001955	1285	5	1060654	0	0	0	nan	0	0	0	0.002462	0.000118	0.002462	0.000118	0.033471	0.001604
221	G	3067	423895	387331	0.007918	73023	4	423895	6456	1060221	903146	0.007148	1283	5	1059620	0	0	0	nan	0	0	0	0.000770	0.000168	0.000770	0.000168	0.010468	0.002284
222	C	6615	423895	374846	0.017647	72892	4	423895	3213	1057975	872702	0.003682	1284	5	1057376	0	0	0	nan	0	0	0	0.013966	0.000226	0.013966	0.000226	0.189871	0.003073
223	U	1593	423895	376281	0.004234	72718	4	423895	1324	1055902	879299	0.001506	1284	5	1055304	0	0	0	nan	0	0	0	0.002728	0.000114	0.002728	0.000114	0.037088	0.001550
224	G	3294	423895	362735	0.009081	72602	4	423895	1483	1054506	861952	0.001721	1285	5	1053908	0	0	0	nan	0	0	0	0.007360	0.000164	0.007360	0.000164	0.100061	0.002230
225	U	1975	423895	368082	0.005366	72455	4	423895	1439	1053253	837993	0.001717	1282	5	1052657	0	0	0	nan	0	0	0	0.003648	0.000129	0.003648	0.000129	0.049595	0.001754
226	G	2019	423895	364281	0.005542	72343	4	423895	3776	1052359	844592	0.004471	1287	5	1051762	0	0	0	nan	0	0	0	0.001072	0.000143	0.001072	0.000143	0.014574	0.001944
227	C	25532	423895	375795	0.067941	72253	4	423895	1224	1052420	843415	0.001451	1289	5	1051823	0	0	0	nan	0	0	0	0.066490	0.000427	0.066490	0.000427	0.903945	0.005805
228	G	1786	423895	370646	0.004819	71847	3	423895	972	1052151	893579	0.001088	1288	5	1051557	0	0	0	nan	0	0	0	0.003731	0.000119	0.003731	0.000119	0.050724	0.001618
229	A	9385	423895	356126	0.026353	71709	3	423895	437	1051684	882217	0.000495	1288	5	1051093	0	0	0	nan	0	0	0	0.025858	0.000273	0.025858	0.000273	0.351545	0.003711
230	A	18753	423895	353060	0.053116	71564	3	423895	614	1051204	895418	0.000686	1288	5	1050615	0	0	0	nan	0	0	0	0.052430	0.000389	0.052430	0.000389	0.712797	0.005289
231	C	9405	423895	353631	0.026596	71440	3	423895	557	1050367	869252	0.000641	1288	5	1049781	0	0	0	nan	0	0	0	0.025955	0.000276	0.025955	0.000276	0.352864	0.003752
232	G	3208	423895	358690	0.008944	71283	3	423895	5026	1049135	879925	0.005712	1290	5	1048552	0	0	0	nan	0	0	0	0.003232	0.000177	0.003232	0.000177	0.043940	0.002406
233	C	6008	423895	355589	0.016896	71143	3	423895	1505	1048331	867620	0.001735	1292	5	1047750	0	0	0	nan	0	0	0	0.015161	0.000223	0.015161	0.000223	0.206117	0.003032
234	A	35736	423895	347127	0.102948	70970	3	423895	1013	1046727	858350	0.001180	1290	5	1046150	0	0	0	nan	0	0	0	0.101768	0.000546	0.101768	0.000546	1.383557	0.007423
235	U	6326	423895	338026	0.018715	70877	3	423895	1162	1045082	791594	0.001468	1291	5	1044512	0	0	0	nan	0	0	0	0.017247	0.000239	0.017247	0.000239	0.234476	0.003249
236	U	8659	423895	330301	0.026215	70754	3	423895	2146	1044118	786530	0.002728	1290	5	1043552	0	0	0	nan	0	0	0	0.023487	0.000288	0.023487	0.000288	0.319311	0.003915
237	C	51482	423895	355210	0.144934	70628	3	423895	496	1044418	792253	0.000626	1287	5	1043856	0	0	0	nan	0	0	0	0.144308	0.000639	0.144308	0.000639	1.961897	0.008687
238	U	6187	423895	367189	0.016850	70562	3	423895	852	1044994	858222	0.000993	1287	5	1044437	0	0	0	nan	0	0	0	0.015857	0.000217	0.015857	0.000217	0.215579	0.002950
239	G	3188	423895	360657	0.008839	70501	3	423895	1698	1045286	834821	0.002034	1289	5	1044735	0	0	0	nan	0	0	0	0.006805	0.000164	0.006805	0.000164	0.092515	0.002230
240	G	2668	423895	361543	0.007379	70371	3	423895	5230	1045825	853686	0.006126	1290	5	1045278	0	0	0	nan	0	0	0	0.001253	0.000166	0.001253	0.000166	0.017035	0.002257
241	C	6214	423895	359712	0.017275	70250	3	423895	1793	1046646	847995	0.002114	1083	3	1046135	0	0	0	nan	0	0	0	0.015161	0.000225	0.015161	0.000225	0.206117	0.003059
242	G	2445	423895	356427	0.006860	70121	3	423895	1725	1047400	846609	0.002038	1082	3	1046896	0	0	0	nan	0	0	0	0.004822	0.000147	0.004822	0.000147	0.065556	0.001998
243	A	24503	423895	345042	0.071015	69982	3	423895	331	1047122	786299	0.000421	1082	3	1046619	0	0	0	nan	0	0	0	0.070594	0.000454	0.070594	0.000454	0.959740	0.006172
244	A	38400	423895	344315	0.111526	69828	3	423895	528	1045196	766314	0.000689	1082	3	1044696	0	0	0	nan	0	0	0	0.110837	0.000570	0.110837	0.000570	1.506852	0.007749
245	U	3229	423895	342561	0.009426	69702	3	423895	1315	1044486	771723	0.001704	1082	3	1043989	0	0	0	nan	0	0	0	0.007722	0.000172	0.007722	0.000172	0.104982	0.002338
246	U	2828	423895	356495	0.007933	69549	3	423895	2353	1043612	805468	0.002921	1082	3	1043117	0	0	0	nan	0	0	0	0.005012	0.000161	0.005012	0.000161	0.068139	0.002189
247	C	4144	423895	363135	0.011412	69460	3	423895	815	1041935	801366	0.001017	1079	3	1041442	0	0	0	nan	0	0	0	0.010395	0.000181	0.010395	0.000181	0.141322	0.002461
248	U	1340	423895	362329	0.003698	69368	3	423895	1247	1039226	804827	0.001549	1082	5	1038737	0	0	0	nan	0	0	0	0.002149	0.000110	0.002149	0.000110	0.029216	0.001495
249	C	5211	423895	357961	0.014557	69296	3	423895	712	1036391	793456	0.000897	1083	5	1035902	0	0	0	nan	0	0	0	0.013660	0.000204	0.013660	0.000204	0.185710	0.002773
250	A	8082	423895	366027	0.022080	69226	6	423895	449	1032885	807018	0.000556	1081	5	1032403	0	0	0	nan	0	0	0	0.021524	0.000247	0.021524	0.000247	0.292623	0.003358
251	C	22469	423895	371915	0.060414	69136	6	423895	766	1029441	786948	0.000973	1081	5	1028963	0	0	0	nan	0	0	0	0.059441	0.000405	0.059441	0.000405	0.808113	0.005506
252	G	1650	423895	373055	0.004423	69025	7	423895	1416	1027613	753684	0.001879	1084	5	1027140	0	0	0	nan	0	0	0	0.002544	0.000120	0.002544	0.000120	0.034586	0.001631
253	G	2646	423895	345475	0.007659	68833	7	423895	4734	1024963	711575	0.006653	1085	5	1024496	0	0	0	nan	0	0	0	0.001006	0.000178	0.001006	0.000178	0.013677	0.002420
254	C	23996	423895	331531	0.072379	68732	7	423895	25313	1026245	691924	0.036583	1083	6	1025782	0	0	0	nan	0	0	0	0.035796	0.000521	0.035796	0.000521	0.486654	0.007083
255	U	2578	423895	322037	0.008005	68650	7	423895	1261	1027923	681287	0.001851	1091	6	1027462	0	0	0	nan	0	0	0	0.006154	0.000166	0.006154	0.000166	0.083665	0.002257
256	U	4987	423895	332969	0.014977	68510	7	423895	910	1027048	703255	0.001294	1090	6	1026588	0	0	0	nan	0	0	0	0.013683	0.000216	0.013683	0.000216	0.186023	0.002937
257	U	5734	423895	340522	0.016839	68350	7	423895	4163	1025902	743332	0.005600	1090	6	1025445	0	0	0	nan	0	0	0	0.011238	0.000239	0.011238	0.000239	0.152783	0.003249
258	C	33972	423895	351534	0.096639	68190	7	423895	1054	1025656	793786	0.001328	1090	6	1025199	0	0	0	nan	0	0	0	0.095311	0.000526	0.095311	0.000526	1.295772	0.007151
259	C	24060	423895	364981	0.065921	67899	6	423895	670	1024363	801906	0.000836	1091	6	1023907	0	0	0	nan	0	0	0	0.065086	0.000426	0.065086	0.000426	0.884857	0.005792
260	G	2994	423895	360620	0.008302	67636	6	423895	5349	1021454	804819	0.006646	1092	6	1021004	0	0	0	nan	0	0	0	0.001656	0.000177	0.001656	0.000177	0.022514	0.002406
261	C	4888	423895	352148	0.013881	67028	6	423895	2426	1018806	783450	0.003097	1094	6	1018358	0	0	0	nan	0	0	0	0.010784	0.000208	0.010784	0.000208	0.146611	0.002828
262	C	5360	423895	335542	0.015974	66673	7	423895	1100	1016704	785249	0.001401	1094	6	1016260	0	0	0	nan	0	0	0	0.014573	0.000222	0.014573	0.000222	0.198123	0.003018
263	U	3535	423895	333994	0.010584	66415	7	423895	1058	1014283	771565	0.001371	1095	6	1013852	0	0	0	nan	0	0	0	0.009213	0.000183	0.009213	0.000183	0.125253	0.002488
264	G	1201	423895	296519	0.004050	66198	7	423895	1091	1014579	693063	0.001574	1095	6	1014153	0	0	0	nan	0	0	0	0.002476	0.000126	0.002476	0.000126	0.033662	0.001713
265	A	24343	423895	316789	0.076843	65925	7	423895	678	1014357	720653	0.000941	1096	6	1013934	0	0	0	nan	0	0	0	0.075902	0.000494	0.075902	0.000494	1.031903	0.006716
266	G	1805	423895	315579	0.005720	65879	7	423895	2330	1018024	724401	0.003216	1096	6	1017607	0	0	0	nan	0	0	0	0.002503	0.000150	0.002503	0.000150	0.034029	0.002039
267	G	3632	423895	359778	0.010095	65746	7	423895	3398	1021696	831314	0.004088	1095	6	1021281	0	0	0	nan	0	0	0	0.006008	0.000182	0.006008	0.000182	0.081680	0.002474
268	U	2354	423895	346020	0.006803	65616	7	423895	1077	1024564	799406	0.001347	1095	6	1024149	0	0	0	nan	0	0	0	0.005456	0.000146	0.005456	0.000146	0.074175	0.001985
269	U	2416	423895	350584	0.006891	65510	7	423895	819	1023551	811405	0.001009	1095	6	1023138	0	0	0	nan	0	0	0	0.005882	0.000145	0.005882	0.000145	0.079967	0.001971
270	G	2744	423895	345088	0.007952	65298	7	423895	566	1024507	775447	0.000730	1095	8	1024095	0	0	0	nan	0	0	0	0.007222	0.000155	0.007222	0.000155	0.098185	0.002107
271	A	17629	423895	345147	0.051077	65090	7	423895	438	1018112	737014	0.000594	1100	9	1017700	0	0	0	nan	0	0	0	0.050482	0.000386	0.050482	0.000386	0.686313	0.005248
272	A	17271	423895	337235	0.051214	64911	7	423895	628	1014709	693312	0.000906	1100	9	1014300	0	0	0	nan	0	0	0	0.050308	0.000391	0.050308	0.000391	0.683948	0.005316
273	G	4546	423895	317501	0.014318	64809	7	423895	1077	1012535	651627	0.001653	1101	11	1012129	0	0	0	nan	0	0	0	0.012665	0.000218	0.012665	0.000218	0.172183	0.002964
274	A	35956	423895	323315	0.111210	64650	7	423895	639	1013850	663278	0.000963	1100	11	1013445	0	0	0	nan	0	0	0	0.110247	0.000588	0.110247	0.000588	1.498830	0.007994
275	G	2012	423895	327289	0.006147	64607	7	423895	2577	1017421	693997	0.003713	1100	11	1017017	0	0	0	nan	0	0	0	0.002434	0.000155	0.002434	0.000155	0.033091	0.002107
276	C	8478	423895	349392	0.024265	64544	7	423895	1417	1027974	777638	0.001822	1098	11	1027572	0	0	0	nan	0	0	0	0.022443	0.000268	0.022443	0.000268	0.305117	0.003644
277	A	23203	423895	353722	0.065597	64493	7	423895	330	1041502	805008	0.000410	1098	12	1041101	0	0	0	nan	0	0	0	0.065187	0.000431	0.065187	0.000431	0.886231	0.005860
278	A	25989	423895	364858	0.071230	64449	7	423895	462	1048530	818169	0.000565	1099	12	1048132	0	0	0	nan	0	0	0	0.070666	0.000443	0.070666	0.000443	0.960719	0.006023
279	G	2235	423895	367860	0.006076	64419	6	423895	4303	1056244	834195	0.005158	1100	12	1055848	0	0	0	nan	0	0	0	0.000917	0.000151	0.000917	0.000151	0.012467	0.002053
280	C	6951	423895	366240	0.018979	64388	6	423895	3184	1059415	824945	0.003860	1100	12	1059019	0	0	0	nan	0	0	0	0.015120	0.000238	0.015120	0.000238	0.205559	0.003236
281	C	18870	423895	364912	0.051711	64334	6	423895	943	1061513	814910	0.001157	1106	13	1061120	0	0	0	nan	0	0	0	0.050554	0.000378	0.050554	0.000378	0.687292	0.005139
282	G	5863	423895	361194	0.016232	64257	6	423895	86408	1062401	858675	0.100629	1109	13	1062008	0	0	0	nan	0	0	0	-0.084397	0.000403	nan	nan	nan	nan
283	C	7019	423895	356256	0.019702	64185	6	423895	3677	1068710	856788	0.004292	1153	33	1068313	0	0	0	nan	0	0	0	0.015411	0.000246	0.015411	0.000246	0.209516	0.003344
284	C	10781	423895	359750	0.029968	64044	6	423895	839	1067868	879772	0.000954	1151	33	1067477	0	0	0	nan	0	0	0	0.029014	0.000290	0.029014	0.000290	0.394451	0.003943
285	G	1015	423895	334820	0.003031	63889	6	423895	796	1067969	849888	0.000937	1152	33	1067580	0	0	0	nan	0	0	0	0.002095	0.000101	0.002095	0.000101	0.028482	0.001373
286	A	10048	423895	339994	0.029553	63719	6	423895	486	1065295	863897	0.000563	1149	34	1064908	0	0	0	nan	0	0	0	0.028991	0.000296	0.028991	0.000296	0.394139	0.004024
287	U	2906	423895	329303	0.008825	63615	6	423895	611	1064048	827221	0.000739	1149	34	1063663	0	0	0	nan	0	0	0	0.008086	0.000166	0.008086	0.000166	0.109931	0.002257
288	A	28997	423895	337355	0.085954	63500	6	423895	718	1064623	866275	0.000829	1149	34	1064239	0	0	0	nan	0	0	0	0.085125	0.000506	0.085125	0.000506	1.157292	0.006879
289	C	47330	423895	342723	0.138100	63400	6	423895	391	1066168	836175	0.000468	1148	37	1065785	0	0	0	nan	0	0	0	0.137632	0.000635	0.137632	0.000635	1.871135	0.008633
290	A	35940	423895	346986	0.103578	63340	6	423895	664	1066096	840613	0.000790	1149	37	1065713	0	0	0	nan	0	0	0	0.102788	0.000547	0.102788	0.000547	1.397424	0.007437
291	U	4704	423895	341576	0.013771	63294	6	423895	1521	1069627	806370	0.001886	1149	37	1069249	0	0	0	nan	0	0	0	0.011885	0.000207	0.011885	0.000207	0.161579	0.002814
292	U	4644	423895	349812	0.013276	63202	6	423895	1562	1072492	824785	0.001894	1149	37	1072115	0	0	0	nan	0	0	0	0.011382	0.000201	0.011382	0.000201	0.154741	0.002733
293	G	2830	423895	360159	0.007858	63136	6	423895	4233	1075772	869160	0.004870	1149	37	1075397	0	0	0	nan	0	0	0	0.002987	0.000166	0.002987	0.000166	0.040609	0.002257
294	C	12793	423895	376396	0.033988	62954	6	423895	1658	1078525	888054	0.001867	1149	38	1078151	0	0	0	nan	0	0	0	0.032121	0.000304	0.032121	0.000304	0.436692	0.004133
295	C	11327	423895	370461	0.030575	62659	6	423895	525	1024839	817975	0.000642	1154	38	1024465	0	0	0	nan	0	0	0	0.029934	0.000289	0.029934	0.000289	0.406959	0.003929
296	U	3500	423895	349151	0.010024	62210	6	423895	944	980164	752406	0.001255	1155	38	979791	0	0	0	nan	0	0	0	0.008770	0.000174	0.008770	0.000174	0.119230	0.002366
297	A	37759	423895	345950	0.109146	61844	6	423895	453	980349	719107	0.000630	1158	38	979977	0	0	0	nan	0	0	0	0.108516	0.000562	0.108516	0.000562	1.475297	0.007641
298	U	6568	423895	346489	0.018956	61496	6	423895	1903	982709	769991	0.002471	1158	41	982338	0	0	0	nan	0	0	0	0.016484	0.000241	0.016484	0.000241	0.224103	0.003276
299	G	1415	423895	342577	0.004130	60926	6	423895	576	985105	780052	0.000738	1158	41	984734	0	0	0	nan	0	0	0	0.003392	0.000114	0.003392	0.000114	0.046115	0.001550
300	U	3595	423895	348944	0.010303	60426	6	423895	3743	987168	838361	0.004465	1157	41	986798	0	0	0	nan	0	0	0	0.005838	0.000187	0.005838	0.000187	0.079369	0.002542
301	C	15158	423895	339120	0.044698	59867	6	423895	874	989530	830180	0.001053	1157	41	989161	0	0	0	nan	0	0	0	0.043645	0.000365	0.043645	0.000365	0.593363	0.004962
302	C	12137	423895	324077	0.037451	59303	6	423895	483	991445	795364	0.000607	1157	41	991078	0	0	0	nan	0	0	0	0.036844	0.000341	0.036844	0.000341	0.500902	0.004636
303	U	2791	423895	320536	0.008707	58707	6	423895	1291	992681	801826	0.001610	1157	41	992316	0	0	0	nan	0	0	0	0.007097	0.000171	0.007097	0.000171	0.096485	0.002325
304	G	2088	423895	315474	0.006619	58372	6	423895	4149	993912	772206	0.005373	1158	41	993551	0	0	0	nan	0	0	0	0.001246	0.000167	0.001246	0.000167	0.016940	0.002270
305	C	31518	423895	341289	0.092350	57874	6	423895	1040	995511	836157	0.001244	1158	41	995150	0	0	0	nan	0	0	0	0.091106	0.000522	0.091106	0.000522	1.238605	0.007097
306	G	2393	423895	320057	0.007477	57588	6	423895	4013	997359	800359	0.005014	1158	42	997000	0	0	0	nan	0	0	0	0.002463	0.000172	0.002463	0.000172	0.033485	0.002338
307	C	9152	423895	317833	0.028795	57211	6	423895	1805	998518	830109	0.002174	1158	42	998160	0	0	0	nan	0	0	0	0.026621	0.000305	0.026621	0.000305	0.361918	0.004147
308	A	16577	423895	308323	0.053765	56940	6	423895	556	1000792	824076	0.000675	1157	42	1000439	0	0	0	nan	0	0	0	0.053090	0.000419	0.053090	0.000419	0.721769	0.005696
309	C	19341	423895	315942	0.061217	56430	6	423895	330	1002558	879243	0.000375	1157	42	1002206	0	0	0	nan	0	0	0	0.060842	0.000441	0.060842	0.000441	0.827159	0.005995
310	A	13044	423895	305079	0.042756	56035	6	423895	344	1004469	863670	0.000398	1157	43	1004117	0	0	0	nan	0	0	0	0.042358	0.000375	0.042358	0.000375	0.575866	0.005098
311	A	35452	423895	320260	0.110698	55267	6	423895	717	1005734	881583	0.000813	1156	43	1005385	0	0	0	nan	0	0	0	0.109884	0.000589	0.109884	0.000589	1.493895	0.008008
312	G	11184	423895	327006	0.034201	54875	6	423895	1896	1007373	831528	0.002280	1156	43	1007029	0	0	0	nan	0	0	0	0.031921	0.000328	0.031921	0.000328	0.433973	0.004459
313	A	22533	423895	325369	0.069254	54277	6	423895	836	1008088	813742	0.001027	1156	43	1007746	0	0	0	nan	0	0	0	0.068226	0.000463	0.068226	0.000463	0.927546	0.006295
314	A	18570	423895	308671	0.060161	53945	6	423895	375	1009019	711373	0.000527	1155	45	1008678	0	0	0	nan	0	0	0	0.059634	0.000442	0.059634	0.000442	0.810736	0.006009
315	A	13137	423895	322952	0.040678	53773	6	423895	635	1009962	741752	0.000856	1155	45	1009625	0	0	0	nan	0	0	0	0.039822	0.000357	0.039822	0.000357	0.541388	0.004853
316	G	1998	423895	335484	0.005956	53618	6	423895	3581	1012570	768252	0.004661	1155	46	1012241	0	0	0	nan	0	0	0	0.001294	0.000154	0.001294	0.000154	0.017592	0.002094
317	C	2532	423895	371404	0.006817	53393	6	423895	1841	1014050	898125	0.002050	1156	47	1013724	0	0	0	nan	0	0	0	0.004768	0.000144	0.004768	0.000144	0.064822	0.001958
318	G	3258	423895	369482	0.008818	52969	6	423895	3041	1016790	890988	0.003413	1156	47	1016467	0	0	0	nan	0	0	0	0.005405	0.000166	0.005405	0.000166	0.073482	0.002257
319	G	1039	423895	363901	0.002855	52597	6	423895	1067	1018880	893565	0.001194	1156	47	1018562	0	0	0	nan	0	0	0	0.001661	0.000096	0.001661	0.000096	0.022582	0.001305
320	U	2819	423895	352924	0.007988	52215	6	423895	906	1020116	876369	0.001034	1157	47	1019803	0	0	0	nan	0	0	0	0.006954	0.000154	0.006954	0.000154	0.094541	0.002094
321	A	20668	423895	338569	0.061045	51472	6	423895	790	1020761	853253	0.000926	1157	47	1020449	0	0	0	nan	0	0	0	0.060119	0.000426	0.060119	0.000426	0.817330	0.005792
322	U	3138	423895	345551	0.009081	50950	6	423895	839	1021471	870926	0.000963	1153	48	1021163	0	0	0	nan	0	0	0	0.008118	0.000165	0.008118	0.000165	0.110366	0.002243
323	G	1027	423895	340688	0.003014	50525	6	423895	946	1022011	856613	0.001104	1153	50	1021704	0	0	0	nan	0	0	0	0.001910	0.000101	0.001910	0.000101	0.025967	0.001373
324	G	795	423895	327091	0.002431	50193	6	423895	1076	1022710	819727	0.001313	1153	50	1022404	0	0	0	nan	0	0	0	0.001118	0.000095	0.001118	0.000095	0.015199	0.001292
325	A	14007	423895	315931	0.044336	49920	6	423895	744	1023624	814699	0.000913	1155	50	1023324	0	0	0	nan	0	0	0	0.043422	0.000376	0.043422	0.000376	0.590331	0.005112
326	C	9887	423895	314504	0.031437	49758	6	423895	1199	1025781	834389	0.001437	1158	51	1025482	0	0	0	nan	0	0	0	0.030000	0.000319	0.030000	0.000319	0.407856	0.004337
327	C	31708	423895	328027	0.096663	49620	6	423895	1188	1027616	911888	0.001303	1158	51	1027320	0	0	0	nan	0	0	0	0.095360	0.000544	0.095360	0.000544	1.296439	0.007396
328	G	1529	423895	330950	0.004620	49514	6	423895	2135	1029224	912991	0.002338	1166	51	1028930	0	0	0	nan	0	0	0	0.002282	0.000129	0.002282	0.000129	0.031024	0.001754
329	G	2100	423895	326821	0.006426	49383	6	423895	5075	1030544	918434	0.005526	1163	51	1030251	0	0	0	nan	0	0	0	0.000900	0.000160	0.000900	0.000160	0.012236	0.002175
330	C	17351	423895	325635	0.053284	49212	6	423895	2557	1031764	914591	0.002796	1163	51	1031472	0	0	0	nan	0	0	0	0.050488	0.000408	0.050488	0.000408	0.686395	0.005547
331	A	33273	423895	337154	0.098688	48974	6	423895	940	1033045	929963	0.001011	1166	52	1032755	0	0	0	nan	0	0	0	0.097677	0.000542	0.097677	0.000542	1.327939	0.007369
332	C	42887	423895	351100	0.122150	48733	6	423895	2045	1033926	940386	0.002175	1164	52	1033638	0	0	0	nan	0	0	0	0.119976	0.000592	0.119976	0.000592	1.631098	0.008048
333	C	15891	423895	353449	0.044960	48506	6	423895	689	1034428	929055	0.000742	1164	52	1034143	0	0	0	nan	0	0	0	0.044218	0.000358	0.044218	0.000358	0.601153	0.004867
334	C	8179	423895	335185	0.024401	48206	6	423895	697	1034814	860615	0.000810	1164	57	1034531	0	0	0	nan	0	0	0	0.023592	0.000272	0.023592	0.000272	0.320738	0.003698
335	A	12269	423895	341242	0.035954	47969	6	423895	427	1035134	864100	0.000494	1164	57	1034856	0	0	0	nan	0	0	0	0.035460	0.000325	0.035460	0.000325	0.482086	0.004418
336	G	2498	423895	345027	0.007240	47839	6	423895	4214	1035631	866360	0.004864	1166	57	1035354	0	0	0	nan	0	0	0	0.002376	0.000163	0.002376	0.000163	0.032302	0.002216
337	C	3798	423895	367055	0.010347	47529	6	423895	2066	1036246	920565	0.002244	1166	57	1035971	0	0	0	nan	0	0	0	0.008103	0.000175	0.008103	0.000175	0.110162	0.002379
338	C	13066	423895	370113	0.035303	47290	6	423895	603	1036751	901198	0.000669	1164	57	1036483	0	0	0	nan	0	0	0	0.034634	0.000310	0.034634	0.000310	0.470856	0.004215
339	G	3398	423895	355505	0.009558	47183	6	423895	5443	1037663	854939	0.006367	1162	57	1037398	0	0	0	nan	0	0	0	0.003192	0.000185	0.003192	0.000185	0.043396	0.002515
340	C	23044	423895	324489	0.071016	46822	6	423895	14273	1038900	731377	0.019515	1139	57	1038638	0	0	0	nan	0	0	0	0.051501	0.000496	0.051501	0.000496	0.700167	0.006743
341	U	2206	423895	320665	0.006879	46684	6	423895	3856	1039695	738092	0.005224	1139	62	1039442	0	0	0	nan	0	0	0	0.001655	0.000169	0.001655	0.000169	0.022500	0.002298
342	U	2214	423895	333858	0.006632	46489	6	423895	1045	1041670	772747	0.001352	1138	62	1041424	0	0	0	nan	0	0	0	0.005279	0.000147	0.005279	0.000147	0.071769	0.001998
343	G	2342	423895	375109	0.006244	46327	6	423895	1052	1043028	939611	0.001120	1140	62	1042787	0	0	0	nan	0	0	0	0.005124	0.000134	0.005124	0.000134	0.069662	0.001822
344	U	3612	423895	385246	0.009376	46144	6	423895	1065	1043460	950369	0.001121	1140	62	1043223	0	0	0	nan	0	0	0	0.008255	0.000160	0.008255	0.000160	0.112228	0.002175
345	G	2090	423895	376893	0.005545	46044	6	423895	3068	1044253	924128	0.003320	1140	63	1044016	0	0	0	nan	0	0	0	0.002225	0.000135	0.002225	0.000135	0.030249	0.001835
346	C	10636	423895	372489	0.028554	45886	6	423895	5343	1044740	896545	0.005960	1141	64	1044504	0	0	0	nan	0	0	0	0.022594	0.000289	0.022594	0.000289	0.307170	0.003929
347	U	3451	423895	361404	0.009549	45751	6	423895	1437	1045164	877533	0.001638	1141	66	1044930	0	0	0	nan	0	0	0	0.007911	0.000168	0.007911	0.000168	0.107552	0.002284
348	U	4198	423895	359426	0.011680	45541	6	423895	1188	1045958	872801	0.001361	1141	66	1045724	0	0	0	nan	0	0	0	0.010319	0.000185	0.010319	0.000185	0.140289	0.002515
349	C	20193	423895	358029	0.056400	45135	6	423895	696	1046750	896564	0.000776	1144	67	1046520	0	0	0	nan	0	0	0	0.055624	0.000398	0.055624	0.000398	0.756220	0.005411
350	A	17859	423895	364649	0.048976	44760	6	423895	595	1047117	912092	0.000652	1143	67	1046890	0	0	0	nan	0	0	0	0.048324	0.000367	0.048324	0.000367	0.656975	0.004989
351	G	1967	423895	359535	0.005471	44547	6	423895	3330	1048186	903414	0.003686	1144	68	1047961	0	0	0	nan	0	0	0	0.001785	0.000139	0.001785	0.000139	0.024267	0.001890
352	C	15240	423895	340986	0.044694	44101	6	423895	2520	1048782	875145	0.002880	1144	69	1048559	0	0	0	nan	0	0	0	0.041814	0.000367	0.041814	0.000367	0.568470	0.004989
353	U	3798	423895	328908	0.011547	43652	6	423895	2071	1049451	841708	0.002460	1144	69	1049228	0	0	0	nan	0	0	0	0.009087	0.000195	0.009087	0.000195	0.123540	0.002651
354	C	16440	423895	331019	0.049665	43260	6	423895	1007	1051028	863662	0.001166	1145	76	1050811	0	0	0	nan	0	0	0	0.048499	0.000389	0.048499	0.000389	0.659354	0.005289
355	G	3181	423895	339020	0.009383	42908	6	423895	3452	1052097	911421	0.003787	1135	76	1051885	0	0	0	nan	0	0	0	0.005595	0.000178	0.005595	0.000178	0.076065	0.002420
356	C	27779	423895	328804	0.084485	42498	6	423895	1617	1053201	884197	0.001829	1135	76	1052992	0	0	0	nan	0	0	0	0.082656	0.000509	0.082656	0.000509	1.123725	0.006920
357	A	23263	423895	299879	0.077575	42078	6	423895	387	1054217	729454	0.000531	1128	80	1054011	0	0	0	nan	0	0	0	0.077044	0.000509	0.077044	0.000509	1.047429	0.006920
358	U	5616	423895	307025	0.018292	41893	6	423895	2022	1055424	737564	0.002741	1127	80	1055220	0	0	0	nan	0	0	0	0.015550	0.000252	0.015550	0.000252	0.211405	0.003426
359	C	21059	423895	307190	0.068554	41798	6	423895	490	1058340	770827	0.000636	1133	82	1058138	0	0	0	nan	0	0	0	0.067918	0.000473	0.067918	0.000473	0.923359	0.006431
360	A	10179	423895	341925	0.029770	41661	6	423895	467	1060014	949551	0.000492	1113	82	1059814	0	0	0	nan	0	0	0	0.029278	0.000296	0.029278	0.000296	0.398040	0.004024
361	A	22891	423895	350315	0.065344	41425	6	423895	396	1062115	967746	0.000409	1115	82	1061915	0	0	0	nan	0	0	0	0.064935	0.000432	0.064935	0.000432	0.882805	0.005873
362	C	21127	423895	359244	0.058810	41293	6	423895	434	1066795	984855	0.000441	1131	88	1066598	0	0	0	nan	0	0	0	0.058369	0.000405	0.058369	0.000405	0.793538	0.005506
363	G	2083	423895	356951	0.005836	41083	6	423895	851	1068112	949016	0.000897	1133	88	1067919	0	0	0	nan	0	0	0	0.004939	0.000132	0.004939	0.000132	0.067147	0.001795
364	U	4650	423895	352251	0.013201	40792	6	423895	4922	1068622	919814	0.005351	1133	88	1068430	0	0	0	nan	0	0	0	0.007850	0.000208	0.007850	0.000208	0.106722	0.002828
365	C	25376	423895	334380	0.075890	40473	6	423895	529	1069097	830562	0.000637	1128	87	1068906	0	0	0	nan	0	0	0	0.075253	0.000477	0.075253	0.000477	1.023080	0.006485
366	U	4917	423895	336448	0.014614	40285	6	423895	728	1069372	833855	0.000873	1127	87	1069182	0	0	0	nan	0	0	0	0.013741	0.000211	0.013741	0.000211	0.186812	0.002869
367	A	19520	423895	324971	0.060067	40022	6	423895	401	1070047	782631	0.000512	1116	87	1069863	0	0	0	nan	0	0	0	0.059555	0.000431	0.059555	0.000431	0.809662	0.005860
368	A	38616	423895	353611	0.109205	39673	6	423895	1874	1070568	873656	0.002145	1123	88	1070386	0	0	0	nan	0	0	0	0.107060	0.000558	0.107060	0.000558	1.455503	0.007586
369	G	1471	423895	362163	0.004062	39613	6	423895	1027	1073394	902839	0.001138	1134	88	1073216	0	0	0	nan	0	0	0	0.002924	0.000112	0.002924	0.000112	0.039752	0.001523
370	G	2344	423895	376059	0.006233	39268	6	423895	3945	1075786	979034	0.004029	1132	88	1075612	0	0	0	nan	0	0	0	0.002204	0.000144	0.002204	0.000144	0.029964	0.001958
371	C	14766	423895	376457	0.039224	39047	6	423895	3423	1077089	991288	0.003453	1132	88	1076916	0	0	0	nan	0	0	0	0.035771	0.000328	0.035771	0.000328	0.486314	0.004459
372	C	23523	423895	382942	0.061427	38469	6	423895	668	1078097	973951	0.000686	1133	94	1077930	0	0	0	nan	0	0	0	0.060741	0.000401	0.060741	0.000401	0.825786	0.005452
373	G	2799	423895	386430	0.007243	38363	7	423895	5817	1079190	990290	0.005874	1134	95	1079031	0	0	0	nan	0	0	0	0.001369	0.000157	0.001369	0.000157	0.018612	0.002134
374	C	4214	423895	391641	0.010760	37923	7	423895	1942	1080007	1006596	0.001929	1135	98	1079852	0	0	0	nan	0	0	0	0.008831	0.000171	0.008831	0.000171	0.120059	0.002325
375	G	673	423895	396004	0.001699	37304	7	423895	829	1081076	1036358	0.000800	1135	98	1080926	0	0	0	nan	0	0	0	0.000900	0.000071	0.000900	0.000071	0.012236	0.000965
376	A	5658	423895	389268	0.014535	36909	7	423895	421	1081728	1020412	0.000413	1135	98	1081584	0	0	0	nan	0	0	0	0.014122	0.000194	0.014122	0.000194	0.191991	0.002637
377	C	4274	423895	365339	0.011699	35792	7	423895	554	1082051	936020	0.000592	1135	98	1081910	0	0	0	nan	0	0	0	0.011107	0.000181	0.011107	0.000181	0.151002	0.002461
378	U	4332	423895	357489	0.012118	35124	7	423895	4823	1082405	910258	0.005298	1131	98	1082267	0	0	0	nan	0	0	0	0.006819	0.000199	0.006819	0.000199	0.092706	0.002705
379	C	36027	423895	343632	0.104842	34156	7	423895	1029	1082856	872413	0.001179	1130	98	1082719	0	0	0	nan	0	0	0	0.103662	0.000554	0.103662	0.000554	1.409306	0.007532
380	U	7190	423895	349501	0.020572	33998	7	423895	1538	1083015	903392	0.001702	1130	102	1082886	0	0	0	nan	0	0	0	0.018870	0.000246	0.018870	0.000246	0.256541	0.003344
381	A	46116	423895	354737	0.130001	33355	7	423895	1254	1083938	920106	0.001363	1123	102	1083817	0	0	0	nan	0	0	0	0.128638	0.000607	0.128638	0.000607	1.748860	0.008252
382	G	7062	423895	367394	0.019222	33284	7	423895	1312	1085903	929887	0.001411	1123	102	1085785	0	0	0	nan	0	0	0	0.017811	0.000232	0.017811	0.000232	0.242144	0.003154
383	A	13741	423895	380495	0.036113	32627	7	423895	607	1090027	959477	0.000633	1122	103	1089913	0	0	0	nan	0	0	0	0.035481	0.000309	0.035481	0.000309	0.482371	0.004201
384	G	600	423895	354098	0.001694	32611	7	423895	423	1094015	837662	0.000505	1123	103	1093907	0	0	0	nan	0	0	0	0.001189	0.000073	0.001189	0.000073	0.016165	0.000992
385	U	624	423895	367866	0.001696	32122	7	423895	2278	1096313	880020	0.002589	1111	103	1096211	0	0	0	nan	0	0	0	-0.000892	0.000087	-0.000892	0.000087	-0.012127	0.001183
386	C	1368	423895	365968	0.003738	32042	7	423895	546	1099689	864569	0.000632	1111	103	1099588	0	0	0	nan	0	0	0	0.003107	0.000105	0.003107	0.000105	0.042240	0.001427
387	G	1834	423895	395794	0.004634	31581	7	423895	3274	1102993	987572	0.003315	1110	103	1102897	0	0	0	nan	0	0	0	0.001319	0.000123	0.001319	0.000123	0.017932	0.001672
388	C	4579	423895	366986	0.012477	31155	7	423895	3681	1105358	863426	0.004263	1108	106	1105265	0	0	0	nan	0	0	0	0.008214	0.000197	0.008214	0.000197	0.111671	0.002678
389	U	5392	423895	366093	0.014728	30235	7	423895	2786	1106068	861186	0.003235	1102	106	1105984	0	0	0	nan	0	0	0	0.011493	0.000210	0.011493	0.000210	0.156250	0.002855
390	C	33779	423895	366073	0.092274	29829	7	423895	760	1108601	876116	0.000867	1102	106	1108521	0	0	0	nan	0	0	0	0.091406	0.000503	0.091406	0.000503	1.242683	0.006838
391	G	3318	423895	391589	0.008473	29109	7	423895	906	1111491	1006984	0.000900	1101	106	1111418	0	0	0	nan	0	0	0	0.007573	0.000150	0.007573	0.000150	0.102956	0.002039
392	A	43330	423895	403254	0.107451	27546	7	423895	611	1112598	1037734	0.000589	1030	106	1112531	0	0	0	nan	0	0	0	0.106862	0.000517	0.106862	0.000517	1.452811	0.007029
393	G	3343	423895	396160	0.008439	27465	7	423895	3238	1112592	988875	0.003274	1030	106	1112531	0	0	0	nan	0	0	0	0.005164	0.000157	0.005164	0.000157	0.070206	0.002134
394	G	7465	423895	401626	0.018587	26456	7	423895	33477	1112574	1012379	0.033068	1021	106	1112531	0	0	0	nan	0	0	0	-0.014481	0.000281	-0.014481	0.000281	-0.196872	0.003820
395	G	0	423895	406819	0.000000	24803	7	423895	0	1112564	1022916	0.000000	1012	106	1112531	0	0	0	nan	0	0	0	0.000000	0.000000	0.000000	0.000000	0.000000	0.000000
396	c	0	423895	0	nan	22103	7	423895	0	1112559	0	nan	991	106	1112531	0	0	0	nan	0	0	0	nan	nan	nan	nan	nan	nan
397	u	0	423895	0	nan	22042	7	423895	0	1112553	0	nan	988	105	1112531	0	0	0	nan	0	0	0	nan	nan	nan	nan	nan	nan
398	g	0	423895	0	nan	20424	7	423895	0	1112551	0	nan	984	105	1112531	0	0	0	nan	0	0	0	nan	nan	nan	nan	nan	nan
399	g	0	423895	0	nan	17034	7	423895	0	1112549	0	nan	967	105	1112531	0	0	0	nan	0	0	0	nan	nan	nan	nan	nan	nan
400	u	0	423895	0	nan	17014	7	423895	0	1112549	0	nan	965	105	1112531	0	0	0	nan	0	0	0	nan	nan	nan	nan	nan	nan
401	a	0	423895	0	nan	14098	7	423895	0	1112546	0	nan	952	105	1112531	0	0	0	nan	0	0	0	nan	nan	nan	nan	nan	nan
402	c	0	423895	0	nan	14074	7	423895	0	1112538	0	nan	934	105	1112531	0	0	0	nan	0	0	0	nan	nan	nan	nan	nan	nan
403	c	0	423895	0	nan	12570	7	423895	0	1112534	0	nan	905	105	1112531	0	0	0	nan	0	0	0	nan	nan	nan	nan	nan	nan
404	g	0	423895	0	nan	12565	7	423895	0	1112531	0	nan	891	105	1112531	0	0	0	nan	0	0	0	nan	nan	nan	nan	nan	nan
405	u	0	423414	0	nan	12565	7	423414	0	1112469	0	nan	891	105	1112469	0	0	0	nan	0	0	0	nan	nan	nan	nan	nan	nan
406	u	0	423165	0	nan	12565	7	423165	0	1112238	0	nan	890	105	1112238	0	0	0	nan	0	0	0	nan	nan	nan	nan	nan	nan
407	g	0	422766	0	nan	12565	7	422766	0	1090687	0	nan	883	105	1090687	0	0	0	nan	0	0	0	nan	nan	nan	nan	nan	nan
408	c	0	422721	0	nan	12564	7	422721	0	1090420	0	nan	883	105	1090420	0	0	0	nan	0	0	0	nan	nan	nan	nan	nan	nan
409	u	0	421988	0	nan	12563	7	421988	0	1089271	0	nan	882	105	1089271	0	0	0	nan	0	0	0	nan	nan	nan	nan	nan	nan
410	a	0	421970	0	nan	12563	7	421970	0	1089231	0	nan	882	105	1089231	0	0	0	nan	0	0	0	nan	nan	nan	nan	nan	nan
411	g	0	421733	0	nan	12561	7	421733	0	1089044	0	nan	882	105	1089044	0	0	0	nan	0	0	0	nan	nan	nan	nan	nan	nan
412	c	0	421579	0	nan	12558	7	421579	0	1088762	0	nan	882	104	1088762	0	0	0	nan	0	0	0	nan	nan	nan	nan	nan	nan
413	a	0	421169	0	nan	12546	7	421169	0	1088177	0	nan	880	104	1088177	0	0	0	nan	0	0	0	nan	nan	nan	nan	nan	nan
414	c	0	419779	0	nan	12510	7	419779	0	1086743	0	nan	877	104	1086743	0	0	0	nan	0	0	0	nan	nan	nan	nan	nan	nan