Nucleotide	Sequence	Modified_mutations	Modified_read_depth	Modified_effective_depth	Modified_rate	Modified_off_target_mapped_depth	Modified_low_mapq_mapped_depth	Modified_primer_pair_1_mapped_depth	Untreated_mutations	Untreated_read_depth	Untreated_effective_depth	Untreated_rate	Untreated_off_target_mapped_depth	Untreated_low_mapq_mapped_depth	Untreated_primer_pair_1_mapped_depth	Denatured_mutations	Denatured_read_depth	Denatured_effective_depth	Denatured_rate	Denatured_off_target_mapped_depth	Denatured_low_mapq_mapped_depth	Denatured_primer_pair_1_mapped_depth	Reactivity_profile	Std_err	HQ_profile	HQ_stderr	Norm_profile	Norm_stderr
1	c	0	227315	0	nan	152821	37	227315	0	920656	0	nan	14117	167	920656	0	0	0	nan	0	0	0	nan	nan	nan	nan	nan	nan
2	a	0	228680	0	nan	153721	37	228680	0	923328	0	nan	14151	170	923328	0	0	0	nan	0	0	0	nan	nan	nan	nan	nan	nan
3	g	0	229385	0	nan	154105	37	229385	0	925397	0	nan	14177	170	925397	0	0	0	nan	0	0	0	nan	nan	nan	nan	nan	nan
4	a	0	229551	0	nan	154150	37	229551	0	925569	0	nan	14179	170	925569	0	0	0	nan	0	0	0	nan	nan	nan	nan	nan	nan
5	u	0	229745	0	nan	154205	37	229745	0	925832	0	nan	14182	170	925832	0	0	0	nan	0	0	0	nan	nan	nan	nan	nan	nan
6	c	0	229957	0	nan	154234	37	229957	0	925858	0	nan	14183	170	925858	0	0	0	nan	0	0	0	nan	nan	nan	nan	nan	nan
7	a	0	230057	0	nan	154240	37	230057	0	925874	0	nan	14183	170	925874	0	0	0	nan	0	0	0	nan	nan	nan	nan	nan	nan
8	c	0	230217	0	nan	154247	37	230217	0	925883	0	nan	14183	170	925883	0	0	0	nan	0	0	0	nan	nan	nan	nan	nan	nan
9	u	0	230386	0	nan	154251	37	230386	0	925893	0	nan	14183	170	925893	0	0	0	nan	0	0	0	nan	nan	nan	nan	nan	nan
10	a	0	230461	0	nan	154256	37	230461	0	925903	0	nan	14183	170	925903	0	0	0	nan	0	0	0	nan	nan	nan	nan	nan	nan
11	g	0	230549	0	nan	154258	37	230549	0	925906	0	nan	14183	170	925906	0	0	0	nan	0	0	0	nan	nan	nan	nan	nan	nan
12	a	0	230549	0	nan	154318	37	230549	0	925907	0	nan	14185	170	925906	0	0	0	nan	0	0	0	nan	nan	nan	nan	nan	nan
13	a	0	230549	0	nan	154352	37	230549	0	925909	0	nan	14190	170	925906	0	0	0	nan	0	0	0	nan	nan	nan	nan	nan	nan
14	g	0	230549	0	nan	154382	37	230549	0	925911	0	nan	14191	170	925906	0	0	0	nan	0	0	0	nan	nan	nan	nan	nan	nan
15	c	0	230549	0	nan	154429	37	230549	0	925933	0	nan	14197	170	925906	0	0	0	nan	0	0	0	nan	nan	nan	nan	nan	nan
16	u	0	230549	0	nan	154450	37	230549	0	925934	0	nan	14197	170	925906	0	0	0	nan	0	0	0	nan	nan	nan	nan	nan	nan
17	u	0	230549	0	nan	154567	37	230549	0	925937	0	nan	14198	171	925906	0	0	0	nan	0	0	0	nan	nan	nan	nan	nan	nan
18	u	0	230549	0	nan	154651	37	230549	0	925937	0	nan	14199	172	925906	0	0	0	nan	0	0	0	nan	nan	nan	nan	nan	nan
19	a	0	230549	0	nan	154709	37	230549	0	925938	0	nan	14201	172	925906	0	0	0	nan	0	0	0	nan	nan	nan	nan	nan	nan
20	u	0	230549	0	nan	154800	37	230549	0	925938	0	nan	14202	172	925906	0	0	0	nan	0	0	0	nan	nan	nan	nan	nan	nan
21	u	0	230549	0	nan	154899	37	230549	0	925939	0	nan	14203	172	925906	0	0	0	nan	0	0	0	nan	nan	nan	nan	nan	nan
22	g	0	230549	0	nan	154948	37	230549	0	925939	0	nan	14205	172	925906	0	0	0	nan	0	0	0	nan	nan	nan	nan	nan	nan
23	c	0	230549	0	nan	155068	37	230549	0	925940	0	nan	14205	172	925906	0	0	0	nan	0	0	0	nan	nan	nan	nan	nan	nan
24	g	0	230549	0	nan	155182	37	230549	0	925224	0	nan	14207	172	925190	0	0	0	nan	0	0	0	nan	nan	nan	nan	nan	nan
25	g	0	230549	0	nan	155230	37	230549	0	925003	0	nan	14207	172	924968	0	0	0	nan	0	0	0	nan	nan	nan	nan	nan	nan
26	U	0	230549	212691	0.000000	155168	37	230549	4	924723	856760	0.000005	14175	172	924688	0	0	0	nan	0	0	0	-0.000005	0.000002	-0.000005	0.000002	-0.000072	0.000029
27	A	7222	230549	207690	0.034773	155112	37	230549	462	924523	867785	0.000532	14175	172	924487	0	0	0	nan	0	0	0	0.034241	0.000410	0.034241	0.000410	0.492559	0.005898
28	G	4851	230549	204374	0.023736	155089	37	230549	1906	924401	828410	0.002301	14176	171	924364	0	0	0	nan	0	0	0	0.021435	0.000345	0.021435	0.000345	0.308344	0.004963
29	U	2748	230549	210054	0.013082	155071	36	230549	1211	924240	823100	0.001471	14176	171	924203	0	0	0	nan	0	0	0	0.011611	0.000253	0.011611	0.000253	0.167025	0.003639
30	U	3287	230549	207725	0.015824	155034	36	230549	484	924085	825815	0.000586	14177	171	924048	0	0	0	nan	0	0	0	0.015238	0.000277	0.015238	0.000277	0.219200	0.003985
31	U	3296	230549	208728	0.015791	154888	36	230549	419	923852	860577	0.000487	14176	171	923815	0	0	0	nan	0	0	0	0.015304	0.000276	0.015304	0.000276	0.220149	0.003970
32	A	7917	230549	205122	0.038597	154684	36	230549	570	923620	877935	0.000649	14176	172	923583	0	0	0	nan	0	0	0	0.037947	0.000435	0.037947	0.000435	0.545870	0.006258
33	U	2762	230549	201406	0.013714	154566	36	230549	736	923430	878300	0.000838	14177	172	923392	0	0	0	nan	0	0	0	0.012876	0.000263	0.012876	0.000263	0.185222	0.003783
34	C	13419	230549	193687	0.069282	154204	34	230549	445	923142	842804	0.000528	14177	171	923104	0	0	0	nan	0	0	0	0.068754	0.000599	0.068754	0.000599	0.989031	0.008617
35	A	16821	230549	201436	0.083505	154093	34	230549	3057	922856	845471	0.003616	14171	171	922818	0	0	0	nan	0	0	0	0.079890	0.000647	0.079890	0.000647	1.149223	0.009307
36	C	13440	230549	202042	0.066521	153939	34	230549	360	922563	835331	0.000431	14172	170	922524	0	0	0	nan	0	0	0	0.066090	0.000574	0.066090	0.000574	0.950709	0.008257
37	A	7620	230549	208894	0.036478	153833	33	230549	500	922224	871996	0.000573	14163	169	922185	0	0	0	nan	0	0	0	0.035904	0.000419	0.035904	0.000419	0.516482	0.006027
38	G	1784	230549	208215	0.008568	153741	33	230549	944	921971	850947	0.001109	14169	169	921931	0	0	0	nan	0	0	0	0.007459	0.000206	0.007459	0.000206	0.107298	0.002963
39	U	2839	230549	209593	0.013545	153642	33	230549	728	921626	857594	0.000849	14218	169	921577	0	0	0	nan	0	0	0	0.012696	0.000256	0.012696	0.000256	0.182633	0.003683
40	U	3467	230549	202514	0.017120	153561	33	230549	506	921395	837129	0.000604	14211	169	921346	0	0	0	nan	0	0	0	0.016515	0.000292	0.016515	0.000292	0.237569	0.004200
41	A	5410	230549	191344	0.028274	153383	32	230549	1019	921015	827623	0.001231	14207	155	920966	0	0	0	nan	0	0	0	0.027042	0.000386	0.027042	0.000386	0.389001	0.005553
42	A	19705	230549	196466	0.100297	153158	32	230549	1121	920702	812927	0.001379	14204	153	920653	0	0	0	nan	0	0	0	0.098918	0.000716	0.098918	0.000716	1.422942	0.010300
43	A	19039	230549	205037	0.092856	153052	32	230549	1478	920398	832903	0.001775	14196	153	920349	0	0	0	nan	0	0	0	0.091082	0.000675	0.091082	0.000675	1.310221	0.009710
44	U	2874	230549	210226	0.013671	152959	32	230549	537	920160	852711	0.000630	14194	152	920111	0	0	0	nan	0	0	0	0.013041	0.000256	0.013041	0.000256	0.187596	0.003683
45	U	2149	230549	210991	0.010185	152866	32	230549	466	919857	862295	0.000540	14181	152	919807	0	0	0	nan	0	0	0	0.009645	0.000221	0.009645	0.000221	0.138744	0.003179
46	G	1953	230549	209247	0.009333	152718	32	230549	2048	919556	852458	0.002402	14183	150	919505	0	0	0	nan	0	0	0	0.006931	0.000218	0.006931	0.000218	0.099703	0.003136
47	C	8396	230549	210203	0.039942	152621	32	230549	1084	919378	854920	0.001268	14182	151	919327	0	0	0	nan	0	0	0	0.038674	0.000438	0.038674	0.000438	0.556328	0.006301
48	U	1497	230549	205611	0.007281	152529	32	230549	318	919191	856616	0.000371	14161	150	919140	0	0	0	nan	0	0	0	0.006910	0.000189	0.006910	0.000189	0.099401	0.002719
49	A	2242	230549	200542	0.011180	152386	33	230549	750	918941	855867	0.000876	14146	149	918890	0	0	0	nan	0	0	0	0.010303	0.000238	0.010303	0.000238	0.148209	0.003424
50	A	15713	230549	202133	0.077736	152103	32	230549	777	918556	855160	0.000909	14221	149	918503	0	0	0	nan	0	0	0	0.076827	0.000621	0.076827	0.000621	1.105162	0.008933
51	C	16851	230549	202801	0.083091	151823	32	230549	561	918035	855335	0.000656	14222	149	917981	0	0	0	nan	0	0	0	0.082435	0.000641	0.082435	0.000641	1.185833	0.009221
52	G	2618	230549	205416	0.012745	151590	31	230549	1728	917426	864838	0.001998	14217	149	917370	0	0	0	nan	0	0	0	0.010747	0.000254	0.010747	0.000254	0.154596	0.003654
53	C	5805	230549	200951	0.028888	151355	31	230549	1110	917083	849860	0.001306	14211	149	917027	0	0	0	nan	0	0	0	0.027582	0.000381	0.027582	0.000381	0.396769	0.005481
54	A	13832	230549	203605	0.067935	151096	30	230549	655	916620	841089	0.000779	14131	146	916565	0	0	0	nan	0	0	0	0.067157	0.000578	0.067157	0.000578	0.966058	0.008315
55	G	1408	230549	203049	0.006934	150938	30	230549	541	916372	832964	0.000649	14103	143	916316	0	0	0	nan	0	0	0	0.006285	0.000187	0.006285	0.000187	0.090410	0.002690
56	U	5974	230549	206855	0.028880	150820	29	230549	1276	916244	841607	0.001516	14026	143	916188	0	0	0	nan	0	0	0	0.027364	0.000376	0.027364	0.000376	0.393633	0.005409
57	C	14819	230549	207871	0.071289	150699	28	230549	728	916054	858166	0.000848	14023	142	915998	0	0	0	nan	0	0	0	0.070441	0.000586	0.070441	0.000586	1.013299	0.008430
58	A	13233	230549	212311	0.062328	150583	28	230549	612	915689	862266	0.000710	13905	142	915632	0	0	0	nan	0	0	0	0.061619	0.000543	0.061619	0.000543	0.886394	0.007811
59	G	3283	230549	214586	0.015299	150475	28	230549	533	915124	873219	0.000610	13884	140	915066	0	0	0	nan	0	0	0	0.014689	0.000268	0.014689	0.000268	0.211302	0.003855
60	U	4295	230549	213280	0.020138	150362	28	230549	593	914891	866887	0.000684	13834	140	914831	0	0	0	nan	0	0	0	0.019454	0.000309	0.019454	0.000309	0.279847	0.004445
61	G	2853	230549	211690	0.013477	150277	27	230549	1702	914711	856479	0.001987	13805	139	914649	0	0	0	nan	0	0	0	0.011490	0.000257	0.011490	0.000257	0.165284	0.003697
62	G	1505	230549	208170	0.007230	150180	27	230549	1212	914434	822403	0.001474	13798	139	914364	0	0	0	nan	0	0	0	0.005756	0.000191	0.005756	0.000191	0.082800	0.002748
63	G	1961	230549	206999	0.009473	150063	27	230549	2561	914212	829882	0.003086	13788	138	914139	0	0	0	nan	0	0	0	0.006387	0.000222	0.006387	0.000222	0.091877	0.003193
64	C	3088	230549	206982	0.014919	149968	27	230549	1427	914115	837723	0.001703	13783	137	914033	0	0	0	nan	0	0	0	0.013216	0.000272	0.013216	0.000272	0.190113	0.003913
65	C	8977	230549	206771	0.043415	149800	27	230549	475	913834	859822	0.000552	13771	136	913750	0	0	0	nan	0	0	0	0.042863	0.000459	0.042863	0.000459	0.616587	0.006603
66	U	3539	230549	207935	0.017020	149593	26	230549	999	913517	872253	0.001145	13764	136	913431	0	0	0	nan	0	0	0	0.015874	0.000288	0.015874	0.000288	0.228349	0.004143
67	C	18995	230549	202794	0.093666	149448	26	230549	848	913235	866963	0.000978	13760	137	913145	0	0	0	nan	0	0	0	0.092688	0.000680	0.092688	0.000680	1.333323	0.009782
68	G	2115	230549	202329	0.010453	149236	26	230549	1228	912183	842697	0.001457	13758	134	912084	0	0	0	nan	0	0	0	0.008996	0.000231	0.008996	0.000231	0.129408	0.003323
69	G	3356	230549	202182	0.016599	149194	27	230549	3046	911705	838518	0.003633	13755	133	911604	0	0	0	nan	0	0	0	0.012966	0.000294	0.012966	0.000294	0.186517	0.004229
70	C	15355	230549	204718	0.075006	149026	27	230549	1355	911439	830659	0.001631	13755	133	911330	0	0	0	nan	0	0	0	0.073374	0.000607	0.073374	0.000607	1.055490	0.008732
71	G	1169	230549	207857	0.005624	148821	27	230549	1114	910907	838917	0.001328	13747	130	910778	0	0	0	nan	0	0	0	0.004296	0.000169	0.004296	0.000169	0.061798	0.002431
72	G	2367	230549	206016	0.011489	148529	27	230549	2624	910573	834700	0.003144	13745	128	910438	0	0	0	nan	0	0	0	0.008346	0.000244	0.008346	0.000244	0.120058	0.003510
73	C	3113	230549	206008	0.015111	148303	26	230549	1867	910392	832080	0.002244	13744	124	910252	0	0	0	nan	0	0	0	0.012867	0.000276	0.012867	0.000276	0.185093	0.003970
74	C	5691	230549	200626	0.028366	147732	25	230549	934	910045	819010	0.001140	13737	124	909900	0	0	0	nan	0	0	0	0.027226	0.000378	0.027226	0.000378	0.391648	0.005438
75	A	15569	230549	197019	0.079023	147706	27	230549	952	909817	812652	0.001171	13733	122	909666	0	0	0	nan	0	0	0	0.077851	0.000634	0.077851	0.000634	1.119892	0.009120
76	A	17238	230549	200937	0.085788	147504	27	230549	440	909628	808537	0.000544	13732	119	909473	0	0	0	nan	0	0	0	0.085244	0.000654	0.085244	0.000654	1.226241	0.009408
77	G	2182	230549	206766	0.010553	147353	27	230549	1806	909372	830993	0.002173	13728	119	909207	0	0	0	nan	0	0	0	0.008380	0.000232	0.008380	0.000232	0.120547	0.003337
78	C	9789	230549	211514	0.046281	147213	27	230549	1361	909040	829605	0.001641	13717	118	908870	0	0	0	nan	0	0	0	0.044640	0.000470	0.044640	0.000470	0.642149	0.006761
79	U	1819	230549	215091	0.008457	147104	27	230549	404	908773	844819	0.000478	13715	118	908594	0	0	0	nan	0	0	0	0.007979	0.000200	0.007979	0.000200	0.114778	0.002877
80	U	1690	230549	212730	0.007944	146877	27	230549	546	908474	836236	0.000653	13711	118	908290	0	0	0	nan	0	0	0	0.007291	0.000195	0.007291	0.000195	0.104882	0.002805
81	G	1478	230549	211516	0.006988	146466	27	230549	1001	907947	832256	0.001203	13711	116	907736	0	0	0	nan	0	0	0	0.005785	0.000186	0.005785	0.000186	0.083218	0.002676
82	G	4065	230549	211167	0.019250	146262	27	230549	2695	907671	830208	0.003246	13706	115	907445	0	0	0	nan	0	0	0	0.016004	0.000308	0.016004	0.000308	0.230219	0.004431
83	C	6855	230549	208394	0.032894	146067	27	230549	1302	907522	829065	0.001570	13706	115	907285	0	0	0	nan	0	0	0	0.031324	0.000400	0.031324	0.000400	0.450598	0.005754
84	A	9858	230549	207321	0.047549	145844	27	230549	588	907412	831687	0.000707	13701	112	907162	0	0	0	nan	0	0	0	0.046842	0.000480	0.046842	0.000480	0.673825	0.006905
85	A	13528	230549	208317	0.064939	145624	27	230549	548	907273	827968	0.000662	13696	107	907015	0	0	0	nan	0	0	0	0.064278	0.000559	0.064278	0.000559	0.924643	0.008041
86	U	2277	230549	208944	0.010898	145378	27	230549	1907	906975	828588	0.002302	13696	107	906713	0	0	0	nan	0	0	0	0.008596	0.000234	0.008596	0.000234	0.123654	0.003366
87	C	9599	230549	210561	0.045588	145226	27	230549	981	906675	837001	0.001172	13695	105	906396	0	0	0	nan	0	0	0	0.044416	0.000467	0.044416	0.000467	0.638927	0.006718
88	C	7604	230549	212008	0.035867	144882	27	230549	636	906423	832544	0.000764	13691	105	906127	0	0	0	nan	0	0	0	0.035103	0.000412	0.035103	0.000412	0.504959	0.005927
89	G	3132	230549	210135	0.014905	144531	27	230549	2486	906178	822295	0.003023	13688	105	905870	0	0	0	nan	0	0	0	0.011881	0.000273	0.011881	0.000273	0.170909	0.003927
90	G	1660	230549	208802	0.007950	144333	27	230549	982	905874	815589	0.001204	13679	104	905553	0	0	0	nan	0	0	0	0.006746	0.000199	0.006746	0.000199	0.097042	0.002863
91	U	2754	230549	205539	0.013399	144075	26	230549	627	905649	819646	0.000765	13676	103	905319	0	0	0	nan	0	0	0	0.012634	0.000257	0.012634	0.000257	0.181741	0.003697
92	A	13230	230549	208794	0.063364	143971	26	230549	453	905586	845968	0.000535	13676	100	905246	0	0	0	nan	0	0	0	0.062828	0.000551	0.062828	0.000551	0.903785	0.007926
93	C	11294	230549	214365	0.052686	143913	26	230549	394	905469	853692	0.000462	13675	97	905122	0	0	0	nan	0	0	0	0.052224	0.000496	0.052224	0.000496	0.751246	0.007135
94	U	1938	230549	215425	0.008996	143817	26	230549	371	905294	851360	0.000436	13699	96	904943	0	0	0	nan	0	0	0	0.008560	0.000206	0.008560	0.000206	0.123136	0.002963
95	G	2331	230549	215633	0.010810	143717	25	230549	658	905055	853882	0.000771	13698	96	904692	0	0	0	nan	0	0	0	0.010039	0.000226	0.010039	0.000226	0.144412	0.003251
96	U	2769	230549	215997	0.012820	143645	25	230549	604	904876	854169	0.000707	13690	96	904508	0	0	0	nan	0	0	0	0.012113	0.000245	0.012113	0.000245	0.174246	0.003524
97	U	1993	230549	214349	0.009298	143524	25	230549	399	904620	848240	0.000470	13690	96	904238	0	0	0	nan	0	0	0	0.008828	0.000210	0.008828	0.000210	0.126991	0.003021
98	G	3495	230549	210529	0.016601	143452	25	230549	2045	904395	830186	0.002463	13689	92	903986	0	0	0	nan	0	0	0	0.014138	0.000286	0.014138	0.000286	0.203376	0.004114
99	G	1824	230549	209594	0.008703	143363	25	230549	696	904203	826656	0.000842	13685	92	903774	0	0	0	nan	0	0	0	0.007861	0.000206	0.007861	0.000206	0.113081	0.002963
100	U	2300	230549	202281	0.011370	143232	25	230549	550	904054	828408	0.000664	13675	90	903619	0	0	0	nan	0	0	0	0.010706	0.000239	0.010706	0.000239	0.154007	0.003438
101	A	9774	230549	195450	0.050008	143111	25	230549	1230	903923	836771	0.001470	13675	90	903478	0	0	0	nan	0	0	0	0.048538	0.000508	0.048538	0.000508	0.698222	0.007308
102	A	18359	230549	202424	0.090696	142889	25	230549	666	903786	840274	0.000793	13673	90	903336	0	0	0	nan	0	0	0	0.089903	0.000670	0.089903	0.000670	1.293261	0.009638
103	A	13815	230549	203564	0.067866	142716	26	230549	651	903541	838307	0.000777	13668	88	903085	0	0	0	nan	0	0	0	0.067089	0.000578	0.067089	0.000578	0.965080	0.008315
104	G	2646	230549	203370	0.013011	142594	26	230549	2497	903273	837535	0.002981	13667	88	902811	0	0	0	nan	0	0	0	0.010029	0.000260	0.010029	0.000260	0.144268	0.003740
105	C	3661	230549	199130	0.018385	142434	26	230549	1679	903060	829482	0.002024	13657	87	902589	0	0	0	nan	0	0	0	0.016361	0.000308	0.016361	0.000308	0.235354	0.004431
106	C	3248	230549	198046	0.016400	142070	28	230549	506	902716	829231	0.000610	13656	86	902235	0	0	0	nan	0	0	0	0.015790	0.000289	0.015790	0.000289	0.227140	0.004157
107	A	14414	230549	202357	0.071231	141696	28	230549	712	902269	824406	0.000864	13637	86	901780	0	0	0	nan	0	0	0	0.070367	0.000594	0.070367	0.000594	1.012234	0.008545
108	C	9266	230549	204791	0.045246	141347	28	230549	640	901720	828143	0.000773	13635	86	901211	0	0	0	nan	0	0	0	0.044473	0.000471	0.044473	0.000471	0.639747	0.006775
109	C	8298	230549	204102	0.040656	140629	27	230549	435	901026	814874	0.000534	13627	86	900505	0	0	0	nan	0	0	0	0.040122	0.000447	0.040122	0.000447	0.577158	0.006430
110	A	13214	230549	205027	0.064450	140346	27	230549	488	900473	809973	0.000602	13625	86	899936	0	0	0	nan	0	0	0	0.063848	0.000561	0.063848	0.000561	0.918458	0.008070
111	U	2477	230549	206315	0.012006	140100	27	230549	523	900208	803559	0.000651	13622	85	899660	0	0	0	nan	0	0	0	0.011355	0.000243	0.011355	0.000243	0.163342	0.003496
112	G	1866	230549	208589	0.008946	139984	25	230549	1191	900068	820478	0.001452	13620	84	899506	0	0	0	nan	0	0	0	0.007494	0.000211	0.007494	0.000211	0.107802	0.003035
113	G	1553	230549	209427	0.007415	139869	25	230549	1279	899886	830776	0.001540	13616	83	899316	0	0	0	nan	0	0	0	0.005876	0.000193	0.005876	0.000193	0.084527	0.002776
114	U	1264	230549	210136	0.006015	139741	25	230549	1319	898637	839176	0.001572	11436	42	898075	0	0	0	nan	0	0	0	0.004443	0.000175	0.004443	0.000175	0.063913	0.002517
115	C	2397	230549	212445	0.011283	139567	25	230549	3110	898499	850426	0.003657	11431	42	897924	0	0	0	nan	0	0	0	0.007626	0.000240	0.007626	0.000240	0.109701	0.003452
116	U	905	230549	212804	0.004253	139442	25	230549	877	898253	852514	0.001029	11414	41	897663	0	0	0	nan	0	0	0	0.003224	0.000146	0.003224	0.000146	0.046377	0.002100
117	U	1177	230549	199019	0.005914	139256	26	230549	1166	897859	851138	0.001370	11416	40	897246	0	0	0	nan	0	0	0	0.004544	0.000177	0.004544	0.000177	0.065366	0.002546
118	C	3016	230549	191581	0.015743	138910	26	230549	573	897429	848138	0.000676	11417	41	896801	0	0	0	nan	0	0	0	0.015067	0.000288	0.015067	0.000288	0.216740	0.004143
119	A	15307	230549	187435	0.081666	138398	26	230549	544	897030	848158	0.000641	11417	42	896371	0	0	0	nan	0	0	0	0.081024	0.000661	0.081024	0.000661	1.165536	0.009509
120	C	23605	230549	181582	0.129996	138245	26	230549	539	896773	848841	0.000635	11416	42	896100	0	0	0	nan	0	0	0	0.129361	0.000847	0.129361	0.000847	1.860867	0.012184
121	A	14937	230549	183832	0.081254	137789	26	230549	434	896386	843241	0.000515	11416	40	895695	0	0	0	nan	0	0	0	0.080739	0.000665	0.080739	0.000665	1.161436	0.009566
122	C	20976	230549	184017	0.113989	137542	26	230549	396	896049	828733	0.000478	11415	39	895343	0	0	0	nan	0	0	0	0.113512	0.000787	0.113512	0.000787	1.632878	0.011321
123	U	4873	230549	192327	0.025337	137101	26	230549	667	895639	821449	0.000812	11415	39	894919	0	0	0	nan	0	0	0	0.024525	0.000364	0.024525	0.000364	0.352794	0.005236
124	C	21273	230549	196961	0.108006	136499	27	230549	677	895078	805804	0.000840	11408	37	894344	0	0	0	nan	0	0	0	0.107166	0.000741	0.107166	0.000741	1.541590	0.010659
125	G	876	230549	191719	0.004569	135581	27	230549	503	894128	784085	0.000642	11407	36	893375	0	0	0	nan	0	0	0	0.003928	0.000157	0.003928	0.000157	0.056505	0.002258
126	A	5592	230549	187058	0.029894	135266	27	230549	699	893719	760824	0.000919	11406	36	892957	0	0	0	nan	0	0	0	0.028976	0.000401	0.028976	0.000401	0.416822	0.005768
127	A	6256	230549	189923	0.032940	135109	29	230549	845	893448	757051	0.001116	11401	36	892678	0	0	0	nan	0	0	0	0.031823	0.000418	0.031823	0.000418	0.457776	0.006013
128	G	1208	230549	191357	0.006313	134987	29	230549	468	893217	775962	0.000603	11396	31	892434	0	0	0	nan	0	0	0	0.005710	0.000184	0.005710	0.000184	0.082139	0.002647
129	A	9809	230549	197628	0.049634	134840	28	230549	1362	893055	796613	0.001710	11396	31	892259	0	0	0	nan	0	0	0	0.047924	0.000503	0.047924	0.000503	0.689390	0.007236
130	U	1724	230549	201595	0.008552	134718	27	230549	670	892862	815741	0.000821	11389	29	892063	0	0	0	nan	0	0	0	0.007730	0.000208	0.007730	0.000208	0.111197	0.002992
131	U	3260	230549	210585	0.015481	134603	27	230549	421	892600	836557	0.000503	11357	25	891787	0	0	0	nan	0	0	0	0.014977	0.000272	0.014977	0.000272	0.215445	0.003913
132	U	4077	230549	206949	0.019701	134341	27	230549	783	892253	838212	0.000934	11357	25	891424	0	0	0	nan	0	0	0	0.018766	0.000310	0.018766	0.000310	0.269950	0.004459
133	C	15448	230549	203160	0.076039	133899	24	230549	17300	891289	814821	0.021232	11356	23	890444	0	0	0	nan	0	0	0	0.054807	0.000633	0.054807	0.000633	0.788402	0.009106
134	G	4583	230549	202975	0.022579	133509	24	230549	586	889874	780203	0.000751	11356	23	889022	0	0	0	nan	0	0	0	0.021828	0.000335	0.021828	0.000335	0.313997	0.004819
135	U	2153	230549	202553	0.010629	133133	24	230549	500	888468	771251	0.000648	11343	23	887609	0	0	0	nan	0	0	0	0.009981	0.000231	0.009981	0.000231	0.143577	0.003323
136	U	2214	230549	198126	0.011175	132664	24	230549	344	887306	758329	0.000454	11343	23	886441	0	0	0	nan	0	0	0	0.010721	0.000239	0.010721	0.000239	0.154222	0.003438
137	G	3706	230549	196266	0.018883	131985	24	230549	1980	886091	748937	0.002644	11342	21	885217	0	0	0	nan	0	0	0	0.016239	0.000316	0.016239	0.000316	0.233599	0.004546
138	G	1473	230549	196770	0.007486	131556	24	230549	1229	885375	733276	0.001676	11341	21	884497	0	0	0	nan	0	0	0	0.005810	0.000201	0.005810	0.000201	0.083577	0.002891
139	G	956	230549	200229	0.004775	131026	23	230549	1008	884716	752187	0.001340	11340	21	883835	0	0	0	nan	0	0	0	0.003434	0.000160	0.003434	0.000160	0.049398	0.002302
140	G	1053	230549	189892	0.005545	130619	22	230549	746	884192	749921	0.000995	11339	20	883309	0	0	0	nan	0	0	0	0.004550	0.000175	0.004550	0.000175	0.065452	0.002517
141	A	13434	230549	191296	0.070226	130055	18	230549	715	883678	778872	0.000918	11338	13	882792	0	0	0	nan	0	0	0	0.069308	0.000607	0.069308	0.000607	0.997000	0.008732
142	C	14342	230549	190674	0.075217	129838	18	230549	308	883425	779778	0.000395	11338	10	882539	0	0	0	nan	0	0	0	0.074822	0.000628	0.074822	0.000628	1.076320	0.009034
143	U	1762	230549	197363	0.008928	129647	18	230549	518	883069	800173	0.000647	11338	10	882181	0	0	0	nan	0	0	0	0.008280	0.000215	0.008280	0.000215	0.119108	0.003093
144	G	1099	230549	196689	0.005588	129382	17	230549	905	882687	799832	0.001131	11337	10	881795	0	0	0	nan	0	0	0	0.004456	0.000173	0.004456	0.000173	0.064100	0.002489
145	G	2566	230549	195730	0.013110	128965	16	230549	2690	882293	809883	0.003321	11333	10	881383	0	0	0	nan	0	0	0	0.009788	0.000267	0.009788	0.000267	0.140801	0.003841
146	C	4173	230549	189925	0.021972	128311	16	230549	922	881925	807069	0.001142	11332	10	881005	0	0	0	nan	0	0	0	0.020829	0.000342	0.020829	0.000342	0.299627	0.004920
147	G	903	230549	178792	0.005051	127557	17	230549	687	881307	786947	0.000873	11332	9	880368	0	0	0	nan	0	0	0	0.004178	0.000171	0.004178	0.000171	0.060101	0.002460
148	A	11108	230549	176006	0.063111	126440	17	230549	604	880859	789124	0.000765	11330	9	879905	0	0	0	nan	0	0	0	0.062346	0.000600	0.062346	0.000600	0.896852	0.008631
149	C	10055	230549	164231	0.061225	125972	17	230549	485	880714	791914	0.000612	11330	9	879750	0	0	0	nan	0	0	0	0.060612	0.000611	0.060612	0.000611	0.871908	0.008789
150	A	13730	230549	162048	0.084728	124492	17	230549	525	880452	809199	0.000649	11323	9	879481	0	0	0	nan	0	0	0	0.084079	0.000724	0.084079	0.000724	1.209482	0.010415
151	G	1077	230549	144800	0.007438	123386	17	230549	557	880147	803895	0.000693	11322	7	879171	0	0	0	nan	0	0	0	0.006745	0.000229	0.006745	0.000229	0.097027	0.003294
152	A	9385	230549	146979	0.063853	122047	18	230549	389	879964	808321	0.000481	11321	7	878985	0	0	0	nan	0	0	0	0.063371	0.000660	0.063371	0.000660	0.911596	0.009494
153	C	7730	230549	118458	0.065255	120516	18	230549	438	879822	814928	0.000537	11319	6	878841	0	0	0	nan	0	0	0	0.064718	0.000743	0.064718	0.000743	0.930973	0.010688
154	A	6167	230549	107434	0.057403	118348	18	230549	269	879646	815806	0.000330	11315	5	878661	0	0	0	nan	0	0	0	0.057073	0.000731	0.057073	0.000731	0.820999	0.010515
155	G	1102	230549	107235	0.010276	115606	17	230549	3081	879427	818437	0.003764	11315	4	878436	0	0	0	nan	0	0	0	0.006512	0.000317	0.006512	0.000317	0.093676	0.004560
156	C	1992	230549	97793	0.020370	111047	17	230549	1037	879259	826057	0.001255	11313	4	878265	0	0	0	nan	0	0	0	0.019114	0.000458	0.019114	0.000458	0.274956	0.006588
157	C	1679	230549	98877	0.016981	109560	16	230549	659	878905	823212	0.000801	11309	4	877899	0	0	0	nan	0	0	0	0.016180	0.000416	0.016180	0.000416	0.232750	0.005984
158	G	530	230549	75761	0.006996	107216	16	230549	1084	878488	810407	0.001338	11309	4	877465	0	0	0	nan	0	0	0	0.005658	0.000307	0.005658	0.000307	0.081391	0.004416
159	G	946	230549	60853	0.015546	104425	16	230549	3899	878150	807662	0.004828	11307	4	877117	0	0	0	nan	0	0	0	0.010718	0.000511	0.010718	0.000511	0.154179	0.007351
160	C	9609	230549	61165	0.157100	102789	16	230549	1728	877944	810469	0.002132	11308	4	876910	0	0	0	nan	0	0	0	0.154968	0.001603	0.154968	0.001603	2.229225	0.023059
161	U	786	230549	77775	0.010106	101678	16	230549	463	877646	801402	0.000578	11306	4	876611	0	0	0	nan	0	0	0	0.009528	0.000361	0.009528	0.000361	0.137061	0.005193
162	A	2957	230549	96734	0.030568	99556	16	230549	511	877330	806055	0.000634	11305	3	876292	0	0	0	nan	0	0	0	0.029934	0.000563	0.029934	0.000563	0.430603	0.008099
163	C	1532	230549	92029	0.016647	96717	18	230549	306	877212	809534	0.000378	11304	3	876174	0	0	0	nan	0	0	0	0.016269	0.000426	0.016269	0.000426	0.234031	0.006128
164	A	1329	230549	68782	0.019322	94971	18	230549	276	877048	809445	0.000341	11302	3	876008	0	0	0	nan	0	0	0	0.018981	0.000530	0.018981	0.000530	0.273043	0.007624
165	A	2102	230549	84673	0.024825	93647	18	230549	473	876797	801778	0.000590	11302	3	875753	0	0	0	nan	0	0	0	0.024235	0.000542	0.024235	0.000542	0.348622	0.007797
166	C	2375	230549	67639	0.035113	92609	18	230549	463	876551	793915	0.000583	11301	3	875505	0	0	0	nan	0	0	0	0.034530	0.000721	0.034530	0.000721	0.496716	0.010372
167	C	762	230549	75952	0.010033	90367	17	230549	341	876159	804597	0.000424	11301	3	875112	0	0	0	nan	0	0	0	0.009609	0.000364	0.009609	0.000364	0.138226	0.005236
168	U	225	230549	76824	0.002929	89722	17	230549	605	875808	803123	0.000753	11299	3	874758	0	0	0	nan	0	0	0	0.002175	0.000198	0.002175	0.000198	0.031288	0.002848
169	G	366	230549	118246	0.003095	88319	18	230549	984	875448	790779	0.001244	11298	3	874391	0	0	0	nan	0	0	0	0.001851	0.000167	0.001851	0.000167	0.026627	0.002402
170	G	405	230549	97577	0.004151	86237	18	230549	748	874944	781911	0.000957	11295	3	873884	0	0	0	nan	0	0	0	0.003194	0.000209	0.003194	0.000209	0.045946	0.003006
171	A	1297	230549	100087	0.012959	83422	17	230549	462	874653	781295	0.000591	11294	3	873591	0	0	0	nan	0	0	0	0.012367	0.000361	0.012367	0.000361	0.177900	0.005193
172	C	308	230549	86476	0.003562	81336	17	230549	417	874360	777000	0.000537	11297	3	873293	0	0	0	nan	0	0	0	0.003025	0.000205	0.003025	0.000205	0.043515	0.002949
173	C	1190	230549	101099	0.011771	79844	17	230549	486	873927	776078	0.000626	11297	3	872854	0	0	0	nan	0	0	0	0.011144	0.000342	0.011144	0.000342	0.160307	0.004920
174	A	4675	230549	79875	0.058529	78513	17	230549	381	873602	767443	0.000496	11295	3	872522	0	0	0	nan	0	0	0	0.058032	0.000856	0.058032	0.000856	0.834794	0.012314
175	A	8527	230549	94899	0.089853	76687	17	230549	418	873284	768892	0.000544	11295	3	872200	0	0	0	nan	0	0	0	0.089310	0.000973	0.089310	0.000973	1.284731	0.013997
176	G	481	230549	98301	0.004893	76524	17	230549	355	872933	771769	0.000460	11294	3	871844	0	0	0	nan	0	0	0	0.004433	0.000224	0.004433	0.000224	0.063769	0.003222
177	U	1779	230549	140309	0.012679	76242	17	230549	2627	872581	777320	0.003380	11295	3	871485	0	0	0	nan	0	0	0	0.009300	0.000308	0.009300	0.000308	0.133781	0.004431
178	C	431	230549	118941	0.003624	75950	17	230549	456	872281	792846	0.000575	11295	3	871176	0	0	0	nan	0	0	0	0.003049	0.000177	0.003049	0.000177	0.043860	0.002546
179	C	2741	230549	126500	0.021668	75536	17	230549	5536	872050	805248	0.006875	11296	4	870943	0	0	0	nan	0	0	0	0.014793	0.000424	0.014793	0.000424	0.212798	0.006099
180	U	379	230549	117214	0.003233	75252	17	230549	706	871904	807906	0.000874	11294	4	870792	0	0	0	nan	0	0	0	0.002360	0.000169	0.002360	0.000169	0.033949	0.002431
181	U	680	230549	148125	0.004591	74572	17	230549	682	871620	794941	0.000858	11294	4	870497	0	0	0	nan	0	0	0	0.003733	0.000179	0.003733	0.000179	0.053699	0.002575
182	G	1632	230549	133020	0.012269	73495	16	230549	564	871275	789220	0.000715	11294	4	870145	0	0	0	nan	0	0	0	0.011554	0.000305	0.011554	0.000305	0.166205	0.004387
183	A	12634	230549	142872	0.088429	73191	16	230549	416	871009	788245	0.000528	11295	4	869873	0	0	0	nan	0	0	0	0.087901	0.000787	0.087901	0.000787	1.264462	0.011321
184	A	8540	230549	140051	0.060978	72966	16	230549	377	870619	796483	0.000473	11296	4	869478	0	0	0	nan	0	0	0	0.060504	0.000660	0.060504	0.000660	0.870354	0.009494
185	C	16852	230549	122273	0.137823	72729	16	230549	618	870000	800183	0.000772	11292	4	868856	0	0	0	nan	0	0	0	0.137050	0.001062	0.137050	0.001062	1.971474	0.015277
186	A	11716	230549	132827	0.088205	72357	16	230549	378	869062	797806	0.000474	11294	4	867915	0	0	0	nan	0	0	0	0.087731	0.000815	0.087731	0.000815	1.262016	0.011724
187	G	1024	230549	146061	0.007011	72236	16	230549	1490	867890	787397	0.001892	11297	5	866737	0	0	0	nan	0	0	0	0.005118	0.000225	0.005118	0.000225	0.073623	0.003237
188	G	671	230549	197008	0.003406	71991	16	230549	1148	866778	778687	0.001474	11303	5	865613	0	0	0	nan	0	0	0	0.001932	0.000138	0.001932	0.000138	0.027792	0.001985
189	G	680	230549	106334	0.006395	71074	14	230549	977	865295	739153	0.001322	11302	5	864121	0	0	0	nan	0	0	0	0.005073	0.000249	0.005073	0.000249	0.072975	0.003582
190	A	6764	230549	109388	0.061835	69936	14	230549	411	863822	741567	0.000554	11302	5	862642	0	0	0	nan	0	0	0	0.061281	0.000752	0.061281	0.000752	0.881531	0.010818
191	G	1380	230549	108776	0.012687	69547	13	230549	1510	862923	745317	0.002026	11302	5	861738	0	0	0	nan	0	0	0	0.010661	0.000345	0.010661	0.000345	0.153359	0.004963
192	G	1504	230549	147337	0.010208	68740	10	230549	965	861615	690202	0.001398	11321	8	860418	0	0	0	nan	0	0	0	0.008810	0.000267	0.008810	0.000267	0.126732	0.003841
193	U	3160	230549	148793	0.021238	67989	10	230549	1083	860103	700574	0.001546	11318	8	858906	0	0	0	nan	0	0	0	0.019692	0.000381	0.019692	0.000381	0.283271	0.005481
194	G	641	230549	137166	0.004673	67823	10	230549	589	859612	699255	0.000842	11317	8	858408	0	0	0	nan	0	0	0	0.003831	0.000188	0.003831	0.000188	0.055109	0.002704
195	U	6647	230549	168596	0.039426	67593	10	230549	1052	858774	763976	0.001377	9785	6	857670	0	0	0	nan	0	0	0	0.038049	0.000485	0.038049	0.000485	0.547337	0.006977
196	G	714	230549	170663	0.004184	67451	10	230549	530	858242	776762	0.000682	9789	6	857136	0	0	0	nan	0	0	0	0.003501	0.000159	0.003501	0.000159	0.050362	0.002287
197	U	3148	230549	192296	0.016371	67318	10	230549	3469	857701	778748	0.004455	9793	6	856591	0	0	0	nan	0	0	0	0.011916	0.000301	0.011916	0.000301	0.171412	0.004330
198	C	1683	230549	198408	0.008483	66948	9	230549	771	856905	767431	0.001005	9750	8	855788	0	0	0	nan	0	0	0	0.007478	0.000210	0.007478	0.000210	0.107572	0.003021
199	C	1201	230549	196785	0.006103	67204	11	230549	589	856264	767030	0.000768	11778	41	854977	0	0	0	nan	0	0	0	0.005335	0.000179	0.005335	0.000179	0.076744	0.002575
200	A	2187	230549	195555	0.011184	66970	11	230549	472	855800	764928	0.000617	11864	41	854495	0	0	0	nan	0	0	0	0.010567	0.000241	0.010567	0.000241	0.152007	0.003467
201	G	8394	230549	182538	0.045985	66944	11	230549	9920	855354	728768	0.013612	11927	41	854037	0	0	0	nan	0	0	0	0.032373	0.000520	0.032373	0.000520	0.465688	0.007480
202	U	993	230549	184875	0.005371	66798	11	230549	793	855104	730406	0.001086	12761	49	853714	0	0	0	nan	0	0	0	0.004285	0.000175	0.004285	0.000175	0.061640	0.002517
203	U	943	230549	177678	0.005307	66730	7	230549	593	854945	734240	0.000808	12765	49	853553	0	0	0	nan	0	0	0	0.004500	0.000176	0.004500	0.000176	0.064733	0.002532
204	U	964	230549	192060	0.005019	66701	7	230549	437	854784	774165	0.000564	12768	49	853383	0	0	0	nan	0	0	0	0.004455	0.000164	0.004455	0.000164	0.064085	0.002359
205	G	2069	230549	191242	0.010819	66645	7	230549	1764	854556	793850	0.002222	12768	49	853151	0	0	0	nan	0	0	0	0.008597	0.000244	0.008597	0.000244	0.123668	0.003510
206	U	1364	230549	201452	0.006771	66566	7	230549	719	854352	804816	0.000893	12769	49	852943	0	0	0	nan	0	0	0	0.005877	0.000186	0.005877	0.000186	0.084541	0.002676
207	U	1447	230549	204343	0.007081	66472	7	230549	431	853454	796395	0.000541	12769	49	852040	0	0	0	nan	0	0	0	0.006540	0.000188	0.006540	0.000188	0.094078	0.002704
208	U	2384	230549	206609	0.011539	66247	7	230549	582	852175	789972	0.000737	12769	50	850743	0	0	0	nan	0	0	0	0.010802	0.000238	0.010802	0.000238	0.155388	0.003424
209	C	9065	230549	162288	0.055857	65737	7	230549	459	851329	766772	0.000599	12773	50	849879	0	0	0	nan	0	0	0	0.055259	0.000587	0.055259	0.000587	0.794905	0.008444
210	A	15168	230549	156503	0.096918	65387	7	230549	647	850574	734222	0.000881	12774	50	849119	0	0	0	nan	0	0	0	0.096037	0.000788	0.096037	0.000788	1.381499	0.011335
211	G	2764	230549	153171	0.018045	65202	7	230549	534	850126	728721	0.000733	12774	50	848664	0	0	0	nan	0	0	0	0.017312	0.000345	0.017312	0.000345	0.249034	0.004963
212	A	14876	230549	173507	0.085737	64908	7	230549	240	849437	738030	0.000325	12774	50	847969	0	0	0	nan	0	0	0	0.085412	0.000703	0.085412	0.000703	1.228658	0.010113
213	A	12736	230549	174005	0.073193	64706	7	230549	291	848504	750450	0.000388	12772	50	847035	0	0	0	nan	0	0	0	0.072806	0.000649	0.072806	0.000649	1.047319	0.009336
214	U	3160	230549	177171	0.017836	64572	7	230549	1163	847783	758014	0.001534	12771	50	846311	0	0	0	nan	0	0	0	0.016302	0.000320	0.016302	0.000320	0.234505	0.004603
215	C	19467	230549	178176	0.109257	64474	7	230549	502	847205	737540	0.000681	12773	50	845728	0	0	0	nan	0	0	0	0.108576	0.000784	0.108576	0.000784	1.561873	0.011278
216	U	1549	230549	190761	0.008120	64366	7	230549	508	846436	751036	0.000676	12774	50	844957	0	0	0	nan	0	0	0	0.007444	0.000208	0.007444	0.000208	0.107082	0.002992
217	C	3677	230549	193213	0.019031	64293	7	230549	707	845874	742201	0.000953	12774	50	844385	0	0	0	nan	0	0	0	0.018078	0.000316	0.018078	0.000316	0.260053	0.004546
218	G	3593	230549	200003	0.017965	64097	7	230549	2126	844991	759120	0.002801	12773	50	843495	0	0	0	nan	0	0	0	0.015164	0.000306	0.015164	0.000306	0.218135	0.004402
219	G	1484	230549	199142	0.007452	63826	6	230549	1420	843493	749960	0.001893	12774	50	841993	0	0	0	nan	0	0	0	0.005559	0.000200	0.005559	0.000200	0.079967	0.002877
220	G	1199	230549	197930	0.006058	63517	6	230549	1215	841889	734952	0.001653	12772	50	840381	0	0	0	nan	0	0	0	0.004405	0.000181	0.004405	0.000181	0.063366	0.002604
221	G	1252	230549	174891	0.007159	63248	6	230549	908	840360	705288	0.001287	12772	50	838845	0	0	0	nan	0	0	0	0.005871	0.000207	0.005871	0.000207	0.084455	0.002978
222	U	1652	230549	173838	0.009503	63028	6	230549	600	838907	673642	0.000891	12773	50	837391	0	0	0	nan	0	0	0	0.008612	0.000237	0.008612	0.000237	0.123884	0.003409
223	G	1288	230549	169658	0.007592	62920	6	230549	586	838132	682639	0.000858	12772	50	836610	0	0	0	nan	0	0	0	0.006733	0.000214	0.006733	0.000214	0.096855	0.003078
224	U	3532	230549	190925	0.018499	62815	6	230549	3697	837541	696630	0.005307	12772	50	836016	0	0	0	nan	0	0	0	0.013192	0.000323	0.013192	0.000323	0.189768	0.004646
225	C	14044	230549	188444	0.074526	62705	6	230549	585	836863	730354	0.000801	12772	50	835327	0	0	0	nan	0	0	0	0.073725	0.000630	0.073725	0.000630	1.060539	0.009063
226	C	18943	230549	193005	0.098148	62524	6	230549	718	835621	730294	0.000983	12772	50	834074	0	0	0	nan	0	0	0	0.097165	0.000714	0.097165	0.000714	1.397725	0.010271
227	G	1771	230549	186641	0.009489	62365	7	230549	719	835006	727199	0.000989	12773	50	833433	0	0	0	nan	0	0	0	0.008500	0.000228	0.008500	0.000228	0.122273	0.003280
228	U	2832	230549	185121	0.015298	62157	7	230549	450	833907	710722	0.000633	12772	50	832328	0	0	0	nan	0	0	0	0.014665	0.000289	0.014665	0.000289	0.210957	0.004157
229	A	9427	230549	179586	0.052493	61996	6	230549	315	832242	663231	0.000475	12772	49	830655	0	0	0	nan	0	0	0	0.052018	0.000541	0.052018	0.000541	0.748283	0.007782
230	A	11249	230549	184214	0.061065	61832	6	230549	287	830533	666276	0.000431	12771	49	828945	0	0	0	nan	0	0	0	0.060634	0.000576	0.060634	0.000576	0.872224	0.008286
231	C	9468	230549	185287	0.051099	61746	6	230549	242	829572	666946	0.000363	12769	49	827982	0	0	0	nan	0	0	0	0.050736	0.000526	0.050736	0.000526	0.729841	0.007567
232	U	1856	230549	190770	0.009729	61501	6	230549	1397	827681	705044	0.001981	12772	49	826090	0	0	0	nan	0	0	0	0.007748	0.000232	0.007748	0.000232	0.111456	0.003337
233	C	2951	230549	196583	0.015011	61203	6	230549	901	825654	707094	0.001274	12772	49	824061	0	0	0	nan	0	0	0	0.013737	0.000280	0.013737	0.000280	0.197608	0.004028
234	C	3059	230549	195356	0.015659	60921	6	230549	760	823212	681094	0.001116	12772	49	821617	0	0	0	nan	0	0	0	0.014543	0.000286	0.014543	0.000286	0.209202	0.004114
235	G	1090	230549	165642	0.006580	60555	6	230549	541	821342	552679	0.000979	12773	49	819745	0	0	0	nan	0	0	0	0.005602	0.000204	0.005602	0.000204	0.080585	0.002935
236	A	9411	230549	159087	0.059156	60225	6	230549	271	819264	520498	0.000521	12771	49	817665	0	0	0	nan	0	0	0	0.058636	0.000611	0.058636	0.000611	0.843483	0.008789
237	U	2791	230549	157730	0.017695	60127	6	230549	2051	819396	516955	0.003967	12771	49	817793	0	0	0	nan	0	0	0	0.013727	0.000346	0.013727	0.000346	0.197464	0.004977
238	C	11788	230549	175302	0.067244	59989	6	230549	362	820166	618755	0.000585	12774	49	818545	0	0	0	nan	0	0	0	0.066659	0.000620	0.066659	0.000620	0.958894	0.008919
239	C	12849	230549	181009	0.070985	59808	6	230549	687	820529	643427	0.001068	12762	49	818880	0	0	0	nan	0	0	0	0.069918	0.000628	0.069918	0.000628	1.005775	0.009034
240	A	13585	230549	175184	0.077547	59595	6	230549	622	819772	664618	0.000936	12765	49	818109	0	0	0	nan	0	0	0	0.076611	0.000666	0.076611	0.000666	1.102055	0.009580
241	A	14705	230549	179399	0.081968	59101	6	230549	281	818559	629157	0.000447	12764	49	816856	0	0	0	nan	0	0	0	0.081521	0.000676	0.081521	0.000676	1.172685	0.009724
242	A	7103	230549	177740	0.039963	58633	6	230549	403	815584	648099	0.000622	12764	48	813857	0	0	0	nan	0	0	0	0.039341	0.000475	0.039341	0.000475	0.565923	0.006833
243	G	1295	230549	175712	0.007370	58353	6	230549	580	813014	635621	0.000912	12765	47	811278	0	0	0	nan	0	0	0	0.006458	0.000208	0.006458	0.000208	0.092899	0.002992
244	G	1270	230549	171802	0.007392	57918	6	230549	468	807790	617709	0.000758	12767	46	806048	0	0	0	nan	0	0	0	0.006635	0.000210	0.006635	0.000210	0.095445	0.003021
245	A	10294	230549	170468	0.060387	57428	6	230549	403	803543	596193	0.000676	12766	46	801798	0	0	0	nan	0	0	0	0.059711	0.000596	0.059711	0.000596	0.858947	0.008574
246	U	2834	230549	171187	0.016555	57212	6	230549	453	799015	568862	0.000796	12766	45	797260	0	0	0	nan	0	0	0	0.015759	0.000313	0.015759	0.000313	0.226694	0.004503
247	U	3352	230549	175112	0.019142	56994	6	230549	391	795932	536854	0.000728	12754	45	794173	0	0	0	nan	0	0	0	0.018414	0.000333	0.018414	0.000333	0.264887	0.004790
248	G	1428	230549	177795	0.008032	56743	6	230549	359	793230	550108	0.000653	12758	45	791463	0	0	0	nan	0	0	0	0.007379	0.000215	0.007379	0.000215	0.106147	0.003093
249	U	2930	230549	181525	0.016141	56441	6	230549	1551	791477	554394	0.002798	12757	45	789708	0	0	0	nan	0	0	0	0.013343	0.000307	0.013343	0.000307	0.191940	0.004416
250	C	3762	230549	182970	0.020561	55701	6	230549	524	789147	566784	0.000925	12760	44	787373	0	0	0	nan	0	0	0	0.019636	0.000338	0.019636	0.000338	0.282465	0.004862
251	C	7913	230549	181455	0.043609	54949	6	230549	291	785163	546420	0.000533	12757	44	783388	0	0	0	nan	0	0	0	0.043076	0.000491	0.043076	0.000491	0.619651	0.007063
252	U	1780	230549	170541	0.010437	54210	6	230549	334	782596	536545	0.000623	12758	44	780824	0	0	0	nan	0	0	0	0.009815	0.000250	0.009815	0.000250	0.141189	0.003596
253	G	1112	230549	136693	0.008135	53601	6	230549	525	777984	504383	0.001041	12759	44	776212	0	0	0	nan	0	0	0	0.007094	0.000248	0.007094	0.000248	0.102048	0.003567
254	A	15508	230549	136426	0.113673	52999	6	230549	235	773857	496117	0.000474	12758	44	772087	0	0	0	nan	0	0	0	0.113200	0.000913	0.113200	0.000913	1.628390	0.013134
255	G	1670	230549	136087	0.012272	52509	6	230549	1882	771920	509183	0.003696	12758	44	770143	0	0	0	nan	0	0	0	0.008575	0.000312	0.008575	0.000312	0.123352	0.004488
256	C	7237	230549	158561	0.045642	52148	6	230549	445	769328	523444	0.000850	12758	44	767551	0	0	0	nan	0	0	0	0.044792	0.000538	0.044792	0.000538	0.644336	0.007739
257	G	2681	230549	159477	0.016811	51765	6	230549	1507	769710	531551	0.002835	12757	44	767933	0	0	0	nan	0	0	0	0.013976	0.000333	0.013976	0.000333	0.201046	0.004790
258	G	1167	230549	148163	0.007876	51408	6	230549	440	770382	478168	0.000920	12758	44	768606	0	0	0	nan	0	0	0	0.006956	0.000235	0.006956	0.000235	0.100063	0.003380
259	U	2650	230549	152453	0.017382	51027	6	230549	523	769953	469489	0.001114	12758	44	768181	0	0	0	nan	0	0	0	0.016268	0.000341	0.016268	0.000341	0.234016	0.004905
260	G	5565	230549	146776	0.037915	50853	6	230549	6576	771033	476497	0.013801	12757	43	769262	0	0	0	nan	0	0	0	0.024114	0.000536	0.024114	0.000536	0.346882	0.007710
261	A	8373	230549	158583	0.052799	50590	7	230549	402	771958	513638	0.000783	12760	44	770187	0	0	0	nan	0	0	0	0.052016	0.000578	0.052016	0.000578	0.748254	0.008315
262	A	8075	230549	163863	0.049279	50307	7	230549	245	772665	578273	0.000424	12760	42	770894	0	0	0	nan	0	0	0	0.048855	0.000549	0.048855	0.000549	0.702783	0.007897
263	A	5304	230549	163021	0.032536	50107	7	230549	171	774009	572808	0.000299	12760	41	772240	0	0	0	nan	0	0	0	0.032237	0.000447	0.032237	0.000447	0.463731	0.006430
264	A	11612	230549	163851	0.070869	49995	14	230549	236	775472	581702	0.000406	12760	41	773705	0	0	0	nan	0	0	0	0.070464	0.000658	0.070464	0.000658	1.013629	0.009465
265	U	2423	230549	165236	0.014664	49936	17	230549	282	776135	598934	0.000471	12760	41	774370	0	0	0	nan	0	0	0	0.014193	0.000299	0.014193	0.000299	0.204167	0.004301
266	G	2130	230549	168996	0.012604	49823	21	230549	1089	777621	635131	0.001715	12760	41	775858	0	0	0	nan	0	0	0	0.010889	0.000278	0.010889	0.000278	0.156639	0.003999
267	G	1210	230549	172150	0.007029	49672	22	230549	899	777796	653945	0.001375	12760	41	776035	0	0	0	nan	0	0	0	0.005654	0.000207	0.005654	0.000207	0.081333	0.002978
268	G	1883	230549	176466	0.010671	49518	22	230549	1860	779371	654118	0.002844	12762	41	777609	0	0	0	nan	0	0	0	0.007827	0.000255	0.007827	0.000255	0.112592	0.003668
269	C	17505	230549	178702	0.097956	49325	24	230549	1104	779333	643596	0.001715	12763	40	777571	0	0	0	nan	0	0	0	0.096241	0.000742	0.096241	0.000742	1.384433	0.010674
270	U	1933	230549	180018	0.010738	49178	24	230549	431	778068	632942	0.000681	12763	40	776306	0	0	0	nan	0	0	0	0.010057	0.000246	0.010057	0.000246	0.144671	0.003539
271	G	1227	230549	176972	0.006933	48956	40	230549	408	775809	625897	0.000652	12765	40	774048	0	0	0	nan	0	0	0	0.006281	0.000201	0.006281	0.000201	0.090353	0.002891
272	A	10682	230549	177512	0.060176	48658	40	230549	235	773788	594909	0.000395	12765	40	772028	0	0	0	nan	0	0	0	0.059781	0.000583	0.059781	0.000583	0.859954	0.008386
273	A	13514	230549	180831	0.074733	48376	45	230549	263	769273	600827	0.000438	12767	40	767514	0	0	0	nan	0	0	0	0.074295	0.000643	0.074295	0.000643	1.068739	0.009250
274	G	1043	230549	169838	0.006141	48178	45	230549	267	768724	546701	0.000488	12768	40	766968	0	0	0	nan	0	0	0	0.005653	0.000192	0.005653	0.000192	0.081319	0.002762
275	A	9080	230549	163708	0.055465	47963	46	230549	290	766270	547594	0.000530	12770	40	764518	0	0	0	nan	0	0	0	0.054935	0.000583	0.054935	0.000583	0.790244	0.008386
276	U	1927	230549	160639	0.011996	47808	47	230549	507	769819	539445	0.000940	12770	40	768067	0	0	0	nan	0	0	0	0.011056	0.000276	0.011056	0.000276	0.159041	0.003970
277	C	15576	230549	169957	0.091647	47636	49	230549	362	771806	580140	0.000624	12771	40	770054	0	0	0	nan	0	0	0	0.091023	0.000735	0.091023	0.000735	1.309372	0.010573
278	G	1319	230549	176523	0.007472	47445	58	230549	638	778331	602306	0.001059	12769	40	776580	0	0	0	nan	0	0	0	0.006413	0.000210	0.006413	0.000210	0.092251	0.003021
279	A	4874	230549	173065	0.028163	47293	65	230549	248	786655	615905	0.000403	12765	41	784905	0	0	0	nan	0	0	0	0.027760	0.000404	0.027760	0.000404	0.399330	0.005812
280	C	4165	230549	169010	0.024644	47120	65	230549	258	798282	608963	0.000424	12757	40	796533	0	0	0	nan	0	0	0	0.024220	0.000383	0.024220	0.000383	0.348406	0.005509
281	A	9261	230549	164825	0.056187	42498	68	230549	235	802846	593735	0.000396	4654	4	802439	0	0	0	nan	0	0	0	0.055791	0.000584	0.055791	0.000584	0.802557	0.008401
282	U	2899	230549	168883	0.017166	42294	73	230549	1962	807887	614519	0.003193	4652	4	807480	0	0	0	nan	0	0	0	0.013973	0.000327	0.013973	0.000327	0.201003	0.004704
283	C	20598	230549	170456	0.120841	42138	73	230549	352	814192	612493	0.000575	4646	4	813784	0	0	0	nan	0	0	0	0.120266	0.000843	0.120266	0.000843	1.730035	0.012127
284	C	20175	230549	180929	0.111508	42006	75	230549	294	820877	653719	0.000450	4642	4	820471	0	0	0	nan	0	0	0	0.111058	0.000785	0.111058	0.000785	1.597577	0.011292
285	A	17313	230549	184060	0.094062	41917	77	230549	259	828068	648023	0.000400	4643	4	827663	0	0	0	nan	0	0	0	0.093662	0.000715	0.093662	0.000715	1.347334	0.010285
286	U	3319	230549	190173	0.017453	41844	84	230549	839	831162	659455	0.001272	4646	4	830757	0	0	0	nan	0	0	0	0.016180	0.000306	0.016180	0.000306	0.232750	0.004402
287	G	1260	230549	188509	0.006684	41734	86	230549	383	838632	649995	0.000589	4648	4	838225	0	0	0	nan	0	0	0	0.006095	0.000191	0.006095	0.000191	0.087677	0.002748
288	U	1972	230549	191868	0.010278	41677	88	230549	1356	841805	664429	0.002041	4647	4	841398	0	0	0	nan	0	0	0	0.008237	0.000238	0.008237	0.000238	0.118490	0.003424
289	C	3591	230549	189528	0.018947	41599	88	230549	324	846605	643586	0.000503	4647	5	846198	0	0	0	nan	0	0	0	0.018444	0.000317	0.018444	0.000317	0.265318	0.004560
290	A	12407	230549	193892	0.063989	41466	88	230549	263	850254	641765	0.000410	4646	6	849856	0	0	0	nan	0	0	0	0.063579	0.000575	0.063579	0.000575	0.914588	0.008271
291	U	1699	230549	195827	0.008676	41410	89	230549	711	856247	644966	0.001102	4646	6	855849	0	0	0	nan	0	0	0	0.007574	0.000215	0.007574	0.000215	0.108953	0.003093
292	C	4017	230549	192954	0.020818	41346	90	230549	317	860425	640246	0.000495	4647	7	860024	0	0	0	nan	0	0	0	0.020323	0.000330	0.020323	0.000330	0.292348	0.004747
293	A	9269	230549	189483	0.048917	41220	90	230549	250	864613	638231	0.000392	4649	7	864211	0	0	0	nan	0	0	0	0.048526	0.000509	0.048526	0.000509	0.698050	0.007322
294	U	2151	230549	189579	0.011346	41122	90	230549	1279	868293	653088	0.001958	4649	7	867893	0	0	0	nan	0	0	0	0.009388	0.000251	0.009388	0.000251	0.135047	0.003611
295	C	5740	230549	189546	0.030283	40822	90	230549	1056	868242	667614	0.001582	4649	9	867839	0	0	0	nan	0	0	0	0.028701	0.000403	0.028701	0.000403	0.412866	0.005797
296	C	3962	230549	197112	0.020100	40270	90	230549	338	714983	601580	0.000562	4656	9	714585	0	0	0	nan	0	0	0	0.019538	0.000321	0.019538	0.000321	0.281055	0.004618
297	C	6048	230549	194618	0.031076	39326	90	230549	759	715469	602385	0.001260	4655	10	715073	0	0	0	nan	0	0	0	0.029816	0.000402	0.029816	0.000402	0.428905	0.005783
298	G	1280	230549	180128	0.007106	38239	91	230549	411	716937	568908	0.000722	4652	10	716540	0	0	0	nan	0	0	0	0.006384	0.000202	0.006384	0.000202	0.091834	0.002906
299	U	2122	230549	164933	0.012866	36881	91	230549	343	717492	552046	0.000621	4649	10	717093	0	0	0	nan	0	0	0	0.012245	0.000281	0.012245	0.000281	0.176145	0.004042
300	A	15335	230549	158693	0.096633	35437	91	230549	178	718488	525109	0.000339	4649	11	718084	0	0	0	nan	0	0	0	0.096294	0.000781	0.096294	0.000781	1.385196	0.011235
301	U	2794	230549	164030	0.017033	34547	91	230549	356	719318	567858	0.000627	4643	14	718914	0	0	0	nan	0	0	0	0.016407	0.000324	0.016407	0.000324	0.236016	0.004661
302	G	2786	230549	160231	0.017387	33726	91	230549	285	720788	542343	0.000525	4644	14	720382	0	0	0	nan	0	0	0	0.016862	0.000331	0.016862	0.000331	0.242561	0.004761
303	A	17022	230549	164672	0.103369	31852	91	230549	246	722426	545753	0.000451	4644	14	722023	0	0	0	nan	0	0	0	0.102918	0.000793	0.102918	0.000793	1.480483	0.011407
304	A	11456	230549	167563	0.068368	30563	91	230549	177	725026	516197	0.000343	4644	14	724625	0	0	0	nan	0	0	0	0.068025	0.000639	0.068025	0.000639	0.978544	0.009192
305	G	1403	230549	170263	0.008240	29216	91	230549	558	727379	523485	0.001066	4644	15	726980	0	0	0	nan	0	0	0	0.007174	0.000225	0.007174	0.000225	0.103198	0.003237
306	G	752	230549	163322	0.004604	27663	91	230549	412	729937	502548	0.000820	4643	15	729540	0	0	0	nan	0	0	0	0.003785	0.000173	0.003785	0.000173	0.054447	0.002489
307	U	1256	230549	161673	0.007769	24703	91	230549	911	731650	526343	0.001731	4643	14	731253	0	0	0	nan	0	0	0	0.006038	0.000227	0.006038	0.000227	0.086857	0.003265
308	C	2931	230549	147628	0.019854	23187	93	230549	231	734949	483776	0.000477	4641	14	734552	0	0	0	nan	0	0	0	0.019376	0.000368	0.019376	0.000368	0.278725	0.005294
309	U	1256	230549	143313	0.008764	22120	93	230549	255	737778	482166	0.000529	4627	14	737389	0	0	0	nan	0	0	0	0.008235	0.000249	0.008235	0.000249	0.118461	0.003582
310	G	741	230549	117165	0.006324	21084	93	230549	255	740321	355857	0.000717	4626	14	739936	0	0	0	nan	0	0	0	0.005608	0.000237	0.005608	0.000237	0.080671	0.003409
311	A	12867	230549	122790	0.104789	20624	93	230549	150	742526	354565	0.000423	4626	14	742148	0	0	0	nan	0	0	0	0.104366	0.000924	0.104366	0.000924	1.501312	0.013292
312	G	1533	230549	122189	0.012546	20453	93	230549	1222	748948	320988	0.003807	4629	15	748567	0	0	0	nan	0	0	0	0.008739	0.000338	0.008739	0.000338	0.125711	0.004862
313	C	4195	230549	152192	0.027564	20241	93	230549	483	755408	423057	0.001142	4644	16	755028	0	0	0	nan	0	0	0	0.026422	0.000429	0.026422	0.000429	0.380082	0.006171
314	G	2117	230549	157299	0.013458	20100	93	230549	577	763313	457593	0.001261	4646	17	762935	0	0	0	nan	0	0	0	0.012197	0.000297	0.012197	0.000297	0.175455	0.004272
315	G	1878	230549	164368	0.011426	19953	93	230549	1839	771609	512861	0.003586	4646	17	771232	0	0	0	nan	0	0	0	0.007840	0.000277	0.007840	0.000277	0.112779	0.003985
316	C	4350	230549	179264	0.024266	19813	93	230549	884	780705	599099	0.001476	4646	19	780328	0	0	0	nan	0	0	0	0.022790	0.000371	0.022790	0.000371	0.327836	0.005337
317	G	899	230549	184279	0.004878	19620	93	230549	453	784670	640616	0.000707	4646	21	784294	0	0	0	nan	0	0	0	0.004171	0.000166	0.004171	0.000166	0.060000	0.002388
318	A	11742	230549	186489	0.062963	19417	93	230549	305	787183	674233	0.000452	4647	21	786807	0	0	0	nan	0	0	0	0.062511	0.000582	0.062511	0.000582	0.899225	0.008372
319	C	7868	230549	185486	0.042418	19172	93	230549	318	788734	664260	0.000479	4645	22	788358	0	0	0	nan	0	0	0	0.041940	0.000479	0.041940	0.000479	0.603310	0.006890
320	C	10512	230549	182432	0.057621	18939	93	230549	1538	789897	649893	0.002367	4645	22	789524	0	0	0	nan	0	0	0	0.055255	0.000565	0.055255	0.000565	0.794847	0.008128
321	A	3627	230549	175140	0.020709	18696	93	230549	384	790996	628160	0.000611	4647	23	790625	0	0	0	nan	0	0	0	0.020098	0.000345	0.020098	0.000345	0.289111	0.004963
322	A	10901	230549	180213	0.060490	18380	93	230549	205	792043	626800	0.000327	4643	23	791678	0	0	0	nan	0	0	0	0.060162	0.000580	0.060162	0.000580	0.865435	0.008343
323	A	15219	230549	183167	0.083088	18158	94	230549	193	793079	622591	0.000310	4644	23	792718	0	0	0	nan	0	0	0	0.082778	0.000674	0.082778	0.000674	1.190767	0.009696
324	U	2912	230549	182799	0.015930	17893	94	230549	263	794247	649088	0.000405	4648	23	793889	0	0	0	nan	0	0	0	0.015525	0.000296	0.015525	0.000296	0.223328	0.004258
325	G	2248	230549	174303	0.012897	17614	94	230549	1139	795891	638283	0.001784	4648	25	795534	0	0	0	nan	0	0	0	0.011113	0.000277	0.011113	0.000277	0.159861	0.003985
326	G	1468	230549	173957	0.008439	17370	94	230549	1002	797820	656749	0.001526	4645	25	797469	0	0	0	nan	0	0	0	0.006913	0.000225	0.006913	0.000225	0.099444	0.003237
327	G	2038	230549	172028	0.011847	17227	94	230549	1649	799894	634047	0.002601	4645	26	799544	0	0	0	nan	0	0	0	0.009246	0.000270	0.009246	0.000270	0.133004	0.003884
328	C	6667	230549	182761	0.036479	16981	94	230549	1322	801218	643861	0.002053	4645	27	800869	0	0	0	nan	0	0	0	0.034426	0.000450	0.034426	0.000450	0.495220	0.006473
329	C	4828	230549	186399	0.025901	16775	94	230549	412	802459	644213	0.000640	4657	28	802112	0	0	0	nan	0	0	0	0.025262	0.000374	0.025262	0.000374	0.363396	0.005380
330	A	9654	230549	188796	0.051135	16661	94	230549	259	803514	655931	0.000395	4656	30	803168	0	0	0	nan	0	0	0	0.050740	0.000521	0.050740	0.000521	0.729898	0.007495
331	G	900	230549	182033	0.004944	16576	94	230549	333	804822	645619	0.000516	4656	30	804476	0	0	0	nan	0	0	0	0.004428	0.000167	0.004428	0.000167	0.063697	0.002402
332	A	8892	230549	178602	0.049787	16484	94	230549	214	805784	643559	0.000333	4655	30	805439	0	0	0	nan	0	0	0	0.049454	0.000528	0.049454	0.000528	0.711399	0.007595
333	U	1188	230549	172386	0.006892	16449	94	230549	442	807940	632119	0.000699	4654	30	807596	0	0	0	nan	0	0	0	0.006192	0.000203	0.006192	0.000203	0.089072	0.002920
334	C	6792	230549	182212	0.037275	16393	94	230549	1727	810047	662043	0.002609	4653	31	809703	0	0	0	nan	0	0	0	0.034667	0.000457	0.034667	0.000457	0.498687	0.006574
335	G	28705	230549	184688	0.155424	16301	94	230549	53087	811956	679034	0.078180	4654	33	811612	0	0	0	nan	0	0	0	0.077244	0.000978	nan	nan	nan	nan
336	A	10857	230549	174270	0.062300	16225	95	230549	1838	815194	693410	0.002651	4767	41	814851	0	0	0	nan	0	0	0	0.059649	0.000601	0.059649	0.000601	0.858055	0.008645
337	A	16557	230549	190065	0.087112	14648	95	230549	302	817623	697920	0.000433	3867	41	817462	0	0	0	nan	0	0	0	0.086680	0.000677	0.086680	0.000677	1.246898	0.009739
338	A	4775	230549	198090	0.024105	14525	95	230549	239	819050	712590	0.000335	3866	42	818892	0	0	0	nan	0	0	0	0.023770	0.000350	0.023770	0.000350	0.341933	0.005035
339	A	2051	230549	196402	0.010443	14390	95	230549	207	819958	726279	0.000285	3867	44	819800	0	0	0	nan	0	0	0	0.010158	0.000231	0.010158	0.000231	0.146124	0.003323
340	A	4411	230549	190650	0.023137	14145	95	230549	142	820766	726708	0.000195	3867	44	820612	0	0	0	nan	0	0	0	0.022941	0.000349	0.022941	0.000349	0.330008	0.005020
341	A	16759	230549	183594	0.091283	14024	95	230549	1487	821417	678682	0.002191	3862	44	821266	0	0	0	nan	0	0	0	0.089092	0.000707	0.089092	0.000707	1.281595	0.010170
342	U	6549	230549	173115	0.037830	13910	95	230549	2370	821872	639515	0.003706	3860	44	821729	0	0	0	nan	0	0	0	0.034124	0.000474	0.034124	0.000474	0.490876	0.006819
343	U	3146	230549	171655	0.018327	13771	95	230549	913	822653	631829	0.001445	3848	44	822513	0	0	0	nan	0	0	0	0.016882	0.000330	0.016882	0.000330	0.242849	0.004747
344	U	3002	230549	180399	0.016641	13674	95	230549	645	823123	678876	0.000950	3839	45	822985	0	0	0	nan	0	0	0	0.015691	0.000306	0.015691	0.000306	0.225716	0.004402
345	U	2833	230549	186076	0.015225	13542	95	230549	664	823633	717021	0.000926	3827	46	823500	0	0	0	nan	0	0	0	0.014299	0.000288	0.014299	0.000288	0.205692	0.004143
346	U	2883	230549	189416	0.015220	13501	95	230549	282	824161	729136	0.000387	3827	46	824031	0	0	0	nan	0	0	0	0.014834	0.000284	0.014834	0.000284	0.213388	0.004085
347	A	20372	230549	195796	0.104047	13388	95	230549	420	824799	745172	0.000564	3826	49	824671	0	0	0	nan	0	0	0	0.103483	0.000729	0.103483	0.000729	1.488610	0.010487
348	A	17083	230549	204163	0.083673	13275	95	230549	681	825133	736804	0.000924	3823	50	825008	0	0	0	nan	0	0	0	0.082749	0.000641	0.082749	0.000641	1.190350	0.009221
349	G	2855	230549	206697	0.013812	13212	95	230549	1148	825346	746698	0.001537	3821	50	825222	0	0	0	nan	0	0	0	0.012275	0.000262	0.012275	0.000262	0.176577	0.003769
350	G	2295	230549	200640	0.011438	13029	95	230549	553	825602	708209	0.000781	3822	51	825478	0	0	0	nan	0	0	0	0.010658	0.000241	0.010658	0.000241	0.153316	0.003467
351	U	5134	230549	199714	0.025707	12705	95	230549	397	825793	692242	0.000573	3818	51	825670	0	0	0	nan	0	0	0	0.025133	0.000360	0.025133	0.000360	0.361540	0.005179
352	G	1688	230549	198190	0.008517	12559	95	230549	1715	826236	691523	0.002480	3818	51	826115	0	0	0	nan	0	0	0	0.006037	0.000216	0.006037	0.000216	0.086843	0.003107
353	G	1319	230549	202595	0.006511	12423	96	230549	639	826960	708866	0.000901	3817	53	826840	0	0	0	nan	0	0	0	0.005609	0.000183	0.005609	0.000183	0.080686	0.002632
354	U	1461	230549	209301	0.006980	12330	96	230549	823	827530	748867	0.001099	3817	54	827411	0	0	0	nan	0	0	0	0.005881	0.000187	0.005881	0.000187	0.084599	0.002690
355	G	892	230549	203768	0.004378	12219	96	230549	443	828047	732833	0.000605	3817	56	827928	0	0	0	nan	0	0	0	0.003773	0.000149	0.003773	0.000149	0.054275	0.002143
356	U	1482	230549	202434	0.007321	12037	96	230549	963	828634	730442	0.001318	3817	56	828515	0	0	0	nan	0	0	0	0.006003	0.000195	0.006003	0.000195	0.086354	0.002805
357	A	8435	230549	196525	0.042921	11836	96	230549	289	829487	711190	0.000406	3817	56	829368	0	0	0	nan	0	0	0	0.042514	0.000468	0.042514	0.000468	0.611567	0.006732
358	C	4046	230549	199437	0.020287	11728	96	230549	637	829999	721211	0.000883	3816	57	829880	0	0	0	nan	0	0	0	0.019404	0.000321	0.019404	0.000321	0.279128	0.004618
359	C	4563	230549	197850	0.023063	11370	96	230549	609	830846	715705	0.000851	3815	59	830727	0	0	0	nan	0	0	0	0.022212	0.000343	0.022212	0.000343	0.319521	0.004934
360	C	12678	230549	196348	0.064569	11249	96	230549	596	831513	720794	0.000827	3817	59	831394	0	0	0	nan	0	0	0	0.063742	0.000574	0.063742	0.000574	0.916933	0.008257
361	U	1676	230549	200788	0.008347	11185	96	230549	678	832315	739981	0.000916	3817	59	832196	0	0	0	nan	0	0	0	0.007431	0.000207	0.007431	0.000207	0.106895	0.002978
362	G	1972	230549	197981	0.009961	11091	96	230549	601	833251	731481	0.000822	3818	59	833133	0	0	0	nan	0	0	0	0.009139	0.000227	0.009139	0.000227	0.131465	0.003265
363	U	1216	230549	202003	0.006020	10988	96	230549	746	834070	739137	0.001009	3818	59	833952	0	0	0	nan	0	0	0	0.005010	0.000177	0.005010	0.000177	0.072069	0.002546
364	G	1230	230549	199803	0.006156	10941	96	230549	533	835078	726164	0.000734	3818	60	834962	0	0	0	nan	0	0	0	0.005422	0.000178	0.005422	0.000178	0.077996	0.002561
365	G	1189	230549	200861	0.005920	10823	96	230549	585	836217	726613	0.000805	3819	61	836103	0	0	0	nan	0	0	0	0.005114	0.000175	0.005114	0.000175	0.073565	0.002517
366	A	6576	230549	201762	0.032593	10703	96	230549	325	837223	723805	0.000449	3821	62	837109	0	0	0	nan	0	0	0	0.032144	0.000403	0.032144	0.000403	0.462394	0.005797
367	U	1875	230549	204599	0.009164	10640	96	230549	628	838220	732737	0.000857	3822	62	838106	0	0	0	nan	0	0	0	0.008307	0.000214	0.008307	0.000214	0.119497	0.003078
368	G	969	230549	198684	0.004877	10571	96	230549	366	839738	722143	0.000507	3822	62	839624	0	0	0	nan	0	0	0	0.004370	0.000159	0.004370	0.000159	0.062863	0.002287
369	A	5853	230549	196462	0.029792	10494	96	230549	317	840550	730073	0.000434	3829	62	840436	0	0	0	nan	0	0	0	0.029358	0.000390	0.029358	0.000390	0.422317	0.005610
370	U	1148	230549	192043	0.005978	10462	96	230549	716	841421	703309	0.001018	3829	62	841307	0	0	0	nan	0	0	0	0.004960	0.000180	0.004960	0.000180	0.071350	0.002589
371	C	6635	230549	198808	0.033374	10430	96	230549	419	842722	725423	0.000578	3834	66	842608	0	0	0	nan	0	0	0	0.032796	0.000411	0.032796	0.000411	0.471773	0.005912
372	A	1282	230549	196062	0.006539	10403	96	230549	252	843740	688302	0.000366	3854	69	843627	0	0	0	nan	0	0	0	0.006173	0.000184	0.006173	0.000184	0.088799	0.002647
373	U	772	230549	196629	0.003926	10336	96	230549	910	844593	708173	0.001285	3858	70	844483	0	0	0	nan	0	0	0	0.002641	0.000148	0.002641	0.000148	0.037991	0.002129
374	C	2101	230549	191935	0.010946	10283	96	230549	398	845881	724780	0.000549	3860	70	845771	0	0	0	nan	0	0	0	0.010397	0.000240	0.010397	0.000240	0.149562	0.003452
375	A	14271	230549	197239	0.072354	10202	96	230549	267	846775	772946	0.000345	3871	70	846662	0	0	0	nan	0	0	0	0.072008	0.000606	0.072008	0.000606	1.035840	0.008717
376	C	25951	230549	183123	0.141713	10141	96	230549	5715	847424	744495	0.007676	3927	70	847306	0	0	0	nan	0	0	0	0.134037	0.000886	0.134037	0.000886	1.928131	0.012745
377	U	4806	230549	174895	0.027479	10090	96	230549	1739	847964	695674	0.002500	4006	72	847837	0	0	0	nan	0	0	0	0.024980	0.000401	0.024980	0.000401	0.359339	0.005768
378	U	4276	230549	168781	0.025335	10009	96	230549	874	848754	632426	0.001382	4185	72	848616	0	0	0	nan	0	0	0	0.023953	0.000390	0.023953	0.000390	0.344566	0.005610
379	U	3783	230549	171748	0.022026	9943	96	230549	1316	849413	648053	0.002031	4330	72	849262	0	0	0	nan	0	0	0	0.019996	0.000362	0.019996	0.000362	0.287644	0.005207
380	A	19935	230549	185718	0.107340	9718	96	230549	835	850052	694985	0.001201	4822	73	849873	0	0	0	nan	0	0	0	0.106139	0.000761	0.106139	0.000761	1.526817	0.010947
381	A	12146	230549	206107	0.058931	10623	96	230549	360	851804	772193	0.000466	6990	76	851497	0	0	0	nan	0	0	0	0.058464	0.000535	0.058464	0.000535	0.841009	0.007696
382	G	1664	230549	212832	0.007818	10613	96	230549	1472	853006	796949	0.001847	6999	83	852695	0	0	0	nan	0	0	0	0.005971	0.000198	0.005971	0.000198	0.085893	0.002848
383	G	1068	230549	212960	0.005015	10545	96	230549	634	853948	795594	0.000797	7009	83	853638	0	0	0	nan	0	0	0	0.004218	0.000157	0.004218	0.000157	0.060676	0.002258
384	U	642	230549	212358	0.003023	10476	96	230549	513	854552	794267	0.000646	7009	83	854243	0	0	0	nan	0	0	0	0.002377	0.000123	0.002377	0.000123	0.034193	0.001769
385	G	511	230549	202383	0.002525	10374	96	230549	516	854934	745454	0.000692	7009	86	854625	0	0	0	nan	0	0	0	0.001833	0.000116	0.001833	0.000116	0.026368	0.001669
386	A	3439	230549	198384	0.017335	10243	96	230549	255	855134	715937	0.000356	7010	86	854825	0	0	0	nan	0	0	0	0.016979	0.000296	0.016979	0.000296	0.244244	0.004258
387	U	1279	230549	197259	0.006484	10188	96	230549	1360	855499	705552	0.001928	7010	86	855191	0	0	0	nan	0	0	0	0.004556	0.000189	0.004556	0.000189	0.065538	0.002719
388	C	5735	230549	198894	0.028834	10094	96	230549	783	855822	730982	0.001071	7013	88	855514	0	0	0	nan	0	0	0	0.027763	0.000383	0.027763	0.000383	0.399373	0.005509
389	C	18885	230549	197592	0.095576	9980	96	230549	495	856536	762864	0.000649	7020	97	856228	0	0	0	nan	0	0	0	0.094927	0.000696	0.094927	0.000696	1.365531	0.010012
390	U	1444	230549	196965	0.007331	9913	96	230549	684	857045	766801	0.000892	7018	99	856738	0	0	0	nan	0	0	0	0.006439	0.000196	0.006439	0.000196	0.092625	0.002819
391	G	1315	230549	191058	0.006883	9836	96	230549	1337	858319	746631	0.001791	7018	99	858013	0	0	0	nan	0	0	0	0.005092	0.000196	0.005092	0.000196	0.073249	0.002819
392	C	6983	230549	190403	0.036675	9786	95	230549	692	858988	742993	0.000931	7015	99	858682	0	0	0	nan	0	0	0	0.035743	0.000440	0.035743	0.000440	0.514166	0.006329
393	A	12800	230549	190205	0.067296	9711	95	230549	366	860355	743891	0.000492	7014	101	860049	0	0	0	nan	0	0	0	0.066804	0.000595	0.066804	0.000595	0.960980	0.008559
394	C	17012	230549	188728	0.090140	9666	95	230549	321	862401	749901	0.000428	7010	107	862095	0	0	0	nan	0	0	0	0.089712	0.000692	0.089712	0.000692	1.290513	0.009954
395	U	3420	230549	187602	0.018230	9650	95	230549	569	863511	772674	0.000736	7010	107	863208	0	0	0	nan	0	0	0	0.017494	0.000313	0.017494	0.000313	0.251652	0.004503
396	A	15232	230549	192221	0.079242	9606	95	230549	358	864382	760396	0.000471	7008	108	864081	0	0	0	nan	0	0	0	0.078771	0.000643	0.078771	0.000643	1.133126	0.009250
397	U	2870	230549	199923	0.014356	9592	95	230549	814	864976	783449	0.001039	7008	109	864676	0	0	0	nan	0	0	0	0.013317	0.000270	0.013317	0.000270	0.191566	0.003884
398	G	1400	230549	200940	0.006967	9572	95	230549	1080	865582	782824	0.001380	7008	109	865283	0	0	0	nan	0	0	0	0.005588	0.000191	0.005588	0.000191	0.080384	0.002748
399	G	2065	230549	198858	0.010384	9531	95	230549	2207	866036	800755	0.002756	7006	109	865739	0	0	0	nan	0	0	0	0.007628	0.000236	0.007628	0.000236	0.109729	0.003395
400	C	4529	230549	192620	0.023513	9515	95	230549	1112	866504	805058	0.001381	7006	109	866211	0	0	0	nan	0	0	0	0.022131	0.000352	0.022131	0.000352	0.318356	0.005064
401	A	10907	230549	198233	0.055021	9457	95	230549	473	866883	795934	0.000594	7003	110	866592	0	0	0	nan	0	0	0	0.054427	0.000528	0.054427	0.000528	0.782936	0.007595
402	C	16613	230549	200186	0.082988	9419	95	230549	394	867188	801984	0.000491	7003	110	866897	0	0	0	nan	0	0	0	0.082497	0.000644	0.082497	0.000644	1.186725	0.009264
403	A	11017	230549	202039	0.054529	9357	95	230549	283	867549	806249	0.000351	6875	110	867259	0	0	0	nan	0	0	0	0.054178	0.000520	0.054178	0.000520	0.779354	0.007480
404	C	12956	230549	197905	0.065466	9323	95	230549	388	867769	794150	0.000489	6875	110	867482	0	0	0	nan	0	0	0	0.064977	0.000576	0.064977	0.000576	0.934699	0.008286
405	U	2754	230549	198120	0.013901	9296	95	230549	674	867990	779310	0.000865	6875	110	867706	0	0	0	nan	0	0	0	0.013036	0.000267	0.013036	0.000267	0.187524	0.003841
406	G	2239	230549	198768	0.011264	9254	95	230549	1693	868239	776896	0.002179	6845	110	867959	0	0	0	nan	0	0	0	0.009085	0.000244	0.009085	0.000244	0.130688	0.003510
407	G	1271	230549	193657	0.006563	9177	95	230549	753	868572	743527	0.001013	6842	110	868294	0	0	0	nan	0	0	0	0.005550	0.000188	0.005550	0.000188	0.079837	0.002704
408	U	3082	230549	191457	0.016098	9114	95	230549	2485	868665	744194	0.003339	6842	110	868389	0	0	0	nan	0	0	0	0.012758	0.000298	0.012758	0.000298	0.183525	0.004287
409	A	16071	230549	191729	0.083821	9045	95	230549	474	868994	734308	0.000646	6842	109	868732	0	0	0	nan	0	0	0	0.083176	0.000662	0.083176	0.000662	1.196492	0.009523
410	A	13112	230549	200652	0.065347	8971	95	230549	312	869326	751725	0.000415	6733	114	869152	0	0	0	nan	0	0	0	0.064932	0.000571	0.064932	0.000571	0.934051	0.008214
411	U	2098	230549	202512	0.010360	8936	95	230549	632	869886	767513	0.000823	6733	114	869719	0	0	0	nan	0	0	0	0.009536	0.000229	0.009536	0.000229	0.137176	0.003294
412	C	8703	230549	203351	0.042798	8922	95	230549	390	870500	788091	0.000495	6733	113	870339	0	0	0	nan	0	0	0	0.042303	0.000459	0.042303	0.000459	0.608532	0.006603
413	G	938	230549	212685	0.004410	8901	95	230549	453	871305	836812	0.000541	6733	115	871157	0	0	0	nan	0	0	0	0.003869	0.000146	0.003869	0.000146	0.055656	0.002100
414	A	12008	230549	216435	0.055481	8779	95	230549	302	871569	820628	0.000368	6666	115	871428	0	0	0	nan	0	0	0	0.055113	0.000507	0.055113	0.000507	0.792804	0.007293
415	C	6118	230549	215314	0.028414	8765	95	230549	464	871987	801454	0.000579	6667	115	871852	0	0	0	nan	0	0	0	0.027835	0.000364	0.027835	0.000364	0.400408	0.005236
416	G	2441	230549	215842	0.011309	8725	95	230549	1755	872517	796148	0.002204	6667	117	872391	0	0	0	nan	0	0	0	0.009105	0.000235	0.009105	0.000235	0.130976	0.003380
417	G	1097	230549	213902	0.005129	8615	95	230549	1108	872914	785539	0.001410	6665	121	872794	0	0	0	nan	0	0	0	0.003718	0.000161	0.003718	0.000161	0.053484	0.002316
418	G	656	230549	216118	0.003035	8521	95	230549	1576	873177	798884	0.001973	6667	121	873059	0	0	0	nan	0	0	0	0.001063	0.000129	0.001063	0.000129	0.015291	0.001856
419	G	1370	230549	203408	0.006735	8428	95	230549	780	873575	754090	0.001034	6665	123	873457	0	0	0	nan	0	0	0	0.005701	0.000186	0.005701	0.000186	0.082009	0.002676
420	U	2163	230549	183833	0.011766	8381	95	230549	977	873812	703582	0.001389	6665	123	873697	0	0	0	nan	0	0	0	0.010378	0.000257	0.010378	0.000257	0.149288	0.003697
421	U	3471	230549	182385	0.019031	8226	95	230549	1671	874362	696487	0.002399	6664	124	874254	0	0	0	nan	0	0	0	0.016632	0.000328	0.016632	0.000328	0.239252	0.004718
422	A	9967	230549	191715	0.051989	8195	95	230549	261	875875	735511	0.000355	6664	125	875775	0	0	0	nan	0	0	0	0.051634	0.000521	0.051634	0.000521	0.742759	0.007495
423	C	6243	230549	217393	0.028718	8182	95	230549	400	877527	827940	0.000483	6664	125	877432	0	0	0	nan	0	0	0	0.028234	0.000364	0.028234	0.000364	0.406148	0.005236
424	G	1432	230549	214722	0.006669	8126	95	230549	1724	878755	800703	0.002153	6663	125	878666	0	0	0	nan	0	0	0	0.004516	0.000184	0.004516	0.000184	0.064963	0.002647
425	C	4394	230549	214809	0.020455	8052	95	230549	1179	879457	800617	0.001473	6662	125	879374	0	0	0	nan	0	0	0	0.018983	0.000312	0.018983	0.000312	0.273072	0.004488
426	C	2838	230549	215226	0.013186	7903	95	230549	716	880411	794491	0.000901	6659	125	880335	0	0	0	nan	0	0	0	0.012285	0.000250	0.012285	0.000250	0.176721	0.003596
427	G	475	230549	214643	0.002213	7886	95	230549	468	880837	827140	0.000566	6659	126	880767	0	0	0	nan	0	0	0	0.001647	0.000105	0.001647	0.000105	0.023692	0.001510
428	A	5782	230549	213536	0.027077	7864	95	230549	241	881236	833187	0.000289	6659	126	881168	0	0	0	nan	0	0	0	0.026788	0.000357	0.026788	0.000357	0.385347	0.005135
429	A	16283	230549	215083	0.075706	7763	95	230549	286	881424	844147	0.000339	6658	126	881363	0	0	0	nan	0	0	0	0.075367	0.000594	0.075367	0.000594	1.084159	0.008545
430	C	24463	230549	219490	0.111454	7547	95	230549	384	881646	848690	0.000452	6655	126	881588	0	0	0	nan	0	0	0	0.111001	0.000713	0.111001	0.000713	1.596757	0.010257
431	A	14778	230549	217410	0.067973	7489	95	230549	427	881641	809040	0.000528	6655	126	881588	0	0	0	nan	0	0	0	0.067445	0.000560	0.067445	0.000560	0.970201	0.008056
432	U	0	230549	219172	0.000000	7446	95	230549	0	881631	809401	0.000000	6655	126	881588	0	0	0	nan	0	0	0	0.000000	0.000000	0.000000	0.000000	0.000000	0.000000
433	g	0	230549	0	nan	7326	95	230549	0	881627	0	nan	6654	126	881588	0	0	0	nan	0	0	0	nan	nan	nan	nan	nan	nan
434	a	0	230549	0	nan	7314	95	230549	0	881622	0	nan	6654	126	881588	0	0	0	nan	0	0	0	nan	nan	nan	nan	nan	nan
435	u	0	230549	0	nan	7231	95	230549	0	881621	0	nan	6654	126	881588	0	0	0	nan	0	0	0	nan	nan	nan	nan	nan	nan
436	c	0	230549	0	nan	7136	95	230549	0	881615	0	nan	6650	126	881588	0	0	0	nan	0	0	0	nan	nan	nan	nan	nan	nan
437	g	0	230549	0	nan	6904	95	230549	0	881612	0	nan	6648	126	881588	0	0	0	nan	0	0	0	nan	nan	nan	nan	nan	nan
438	a	0	230549	0	nan	6848	95	230549	0	881609	0	nan	6648	126	881588	0	0	0	nan	0	0	0	nan	nan	nan	nan	nan	nan
439	c	0	230549	0	nan	6617	95	230549	0	881603	0	nan	6647	126	881588	0	0	0	nan	0	0	0	nan	nan	nan	nan	nan	nan
440	u	0	230549	0	nan	6404	95	230549	0	881597	0	nan	6646	126	881588	0	0	0	nan	0	0	0	nan	nan	nan	nan	nan	nan
441	a	0	230549	0	nan	6230	95	230549	0	881593	0	nan	6640	126	881588	0	0	0	nan	0	0	0	nan	nan	nan	nan	nan	nan
442	u	0	230549	0	nan	6183	95	230549	0	881588	0	nan	6640	126	881588	0	0	0	nan	0	0	0	nan	nan	nan	nan	nan	nan
443	u	0	230469	0	nan	6183	95	230469	0	881584	0	nan	6640	126	881584	0	0	0	nan	0	0	0	nan	nan	nan	nan	nan	nan
444	u	0	230157	0	nan	6182	95	230157	0	881566	0	nan	6640	126	881566	0	0	0	nan	0	0	0	nan	nan	nan	nan	nan	nan
445	c	0	230152	0	nan	6182	95	230152	0	881563	0	nan	6640	125	881563	0	0	0	nan	0	0	0	nan	nan	nan	nan	nan	nan
446	g	0	230140	0	nan	6182	95	230140	0	881557	0	nan	6640	125	881557	0	0	0	nan	0	0	0	nan	nan	nan	nan	nan	nan
447	g	0	229511	0	nan	6180	95	229511	0	881535	0	nan	6640	125	881535	0	0	0	nan	0	0	0	nan	nan	nan	nan	nan	nan
448	a	0	229492	0	nan	6178	95	229492	0	881500	0	nan	6640	125	881500	0	0	0	nan	0	0	0	nan	nan	nan	nan	nan	nan
449	c	0	229479	0	nan	6176	95	229479	0	881482	0	nan	6640	125	881482	0	0	0	nan	0	0	0	nan	nan	nan	nan	nan	nan
450	g	0	229453	0	nan	6175	95	229453	0	881422	0	nan	6640	125	881422	0	0	0	nan	0	0	0	nan	nan	nan	nan	nan	nan
451	g	0	228618	0	nan	6155	94	228618	0	880306	0	nan	6620	124	880306	0	0	0	nan	0	0	0	nan	nan	nan	nan	nan	nan
452	c	0	226952	0	nan	6107	94	226952	0	878071	0	nan	6608	124	878071	0	0	0	nan	0	0	0	nan	nan	nan	nan	nan	nan