414	Window=3	Metric=PAIRMAPPER	
i	j	Sig.	Class	Zij	Zi	Zj	Mod_Depth	Mod_Comuts	Unt_Depth	Unt_Comuts
88	98	243.40	1	8.51	6.78	10.24	380158	591	1081269	140
231	240	1180.99	1	12.23	9.46	15.00	352040	1430	852035	131
373	386	130.07	1	6.89	7.79	5.98	391665	292	989265	101
374	385	98.68	1	5.18	3.80	6.56	394684	204	1001050	30
375	384	228.59	1	11.16	8.03	14.30	364379	215	883574	18
31	46	51.05	2	2.73	1.71	3.75	386415	1373	1093784	17
35	45	133.89	2	6.03	9.74	2.32	398013	1070	1120830	65
42	73	112.85	2	2.79	0.81	4.76	390043	1768	1081649	59
45	65	54.03	2	2.54	0.94	4.13	377940	1317	1096224	57
46	55	89.56	2	7.13	6.57	7.69	379800	1426	1089855	20
46	64	46.78	2	3.35	3.43	3.27	388515	1545	1098108	25
53	108	59.12	2	2.68	4.41	0.95	339418	2654	1038759	18
70	87	87.79	2	4.93	7.45	2.40	390006	554	1068861	282
72	98	139.15	2	4.89	3.92	5.86	377481	556	1084029	93
73	97	158.05	2	6.17	6.67	5.66	378545	919	1081260	27
85	95	138.28	2	6.74	3.52	9.96	385522	5299	1080697	49
130	186	29.70	2	2.04	2.31	1.76	209360	380	1019964	40
130	187	75.23	2	3.86	5.85	1.88	215173	705	1023605	32
131	186	89.01	2	4.69	4.14	5.25	214978	646	1023838	20
132	185	36.14	2	2.62	1.03	4.20	174219	406	987368	38
133	184	56.74	2	3.84	2.46	5.22	184015	339	995820	50
134	183	41.20	2	2.37	2.93	1.81	191847	500	1008370	113
134	188	99.75	2	4.68	7.07	2.30	206580	744	1006978	64
153	176	66.42	2	5.49	4.61	6.37	200107	2015	966005	94
153	186	52.40	2	3.37	3.64	3.09	220225	1327	1009771	88
154	175	40.05	2	2.94	2.00	3.87	284222	1670	1014142	167
154	182	41.00	2	2.18	2.05	2.32	301285	2559	1019727	131
173	183	58.77	2	2.70	2.82	2.58	327777	1528	1003820	95
173	188	218.05	2	7.74	10.46	5.01	356573	2369	1002405	57
174	185	45.13	2	3.92	2.60	5.25	349196	444	995976	166
188	203	164.69	2	5.67	3.79	7.56	360852	2464	1001197	31
213	293	116.07	2	2.93	4.21	1.65	364921	2170	719428	86
220	279	106.31	2	2.85	4.31	1.40	375317	1063	757277	159
221	239	129.45	2	3.90	4.16	3.64	367680	549	846518	177
223	250	182.85	2	4.12	7.43	0.81	381426	869	807362	26
224	249	226.44	2	6.09	11.28	0.90	361241	1032	802622	27
277	340	121.48	2	2.80	1.39	4.20	322591	4093	623354	117
277	346	170.53	2	3.70	1.96	5.43	354946	2867	723801	32
278	345	67.73	2	2.22	1.25	3.18	369270	1673	765039	90
303	329	348.89	2	4.59	2.77	6.42	321609	5957	866211	82
306	342	79.00	2	4.50	4.62	4.39	331458	757	845796	29
306	344	31.55	2	2.36	1.83	2.89	332386	1278	839710	80
307	343	161.25	2	5.51	2.92	8.10	335253	1213	882794	11
308	342	132.65	2	4.58	1.78	7.38	332581	1287	901463	2
317	337	165.68	2	5.10	8.87	1.34	367406	592	905182	76
318	336	178.23	2	3.39	5.45	1.33	364533	620	908549	61
322	333	131.18	2	4.91	8.99	0.82	341137	700	887670	10
327	337	251.35	2	5.18	8.32	2.04	330682	2466	915806	122
339	350	190.57	2	5.25	5.59	4.91	348078	3092	861710	206
370	394	28.91	2	2.82	0.89	4.74	387123	859	965772	286
32	85	42.52	0	0.88	0.67	1.09	392570	4833	1099572	29
34	73	43.09	0	1.41	1.00	1.82	396328	1715	1096062	27
35	169	30.71	0	1.74	2.24	1.24	361360	1296	1050609	56
52	109	59.45	0	2.76	3.94	1.58	344718	2377	1062556	15
64	95	25.51	0	1.81	1.79	1.84	384129	3661	1088226	17
65	94	28.48	0	1.78	2.18	1.37	375689	3064	1081901	24
69	94	26.30	0	1.69	2.10	1.27	387381	4861	1073772	44
69	112	30.27	0	1.67	2.42	0.92	317719	2850	1064355	52
117	127	23.95	0	4.41	4.23	4.60	118962	937	1077288	17
156	224	32.52	0	1.57	1.56	1.59	323234	684	898894	95
169	219	90.86	0	1.93	3.67	0.19	349258	5259	922783	85
183	203	32.65	0	1.47	1.44	1.51	331365	1611	1000846	49
185	194	43.81	0	4.61	5.10	4.12	349847	1937	1008900	34
203	215	36.76	0	1.53	1.69	1.36	338545	1793	920642	45
215	251	78.14	0	1.66	2.94	0.39	346292	2230	789306	85
219	237	69.80	0	2.48	0.14	4.83	369748	12094	859935	44
220	260	50.31	0	1.55	2.02	1.08	366655	504	787742	156
222	251	124.60	0	1.82	3.01	0.63	364400	1082	766300	59
223	240	38.55	0	1.02	1.54	0.49	368321	288	864245	72
225	275	44.89	0	1.17	1.36	0.98	356522	2749	716520	40
228	245	74.55	0	1.54	0.66	2.42	356957	1004	825968	24
228	256	251.82	0	1.70	2.25	1.14	349050	4199	766919	16
239	293	28.18	0	0.60	0.79	0.40	359578	997	716460	85
240	259	148.27	0	1.57	1.89	1.25	357064	1274	778254	147
240	292	45.52	0	0.69	0.58	0.81	358856	751	731350	89
254	265	33.84	0	1.45	1.86	1.03	337031	2550	719493	241
254	277	46.59	0	1.55	2.58	0.52	338788	4383	705367	194
256	273	66.48	0	1.17	0.29	2.04	315370	5265	659572	69
270	347	66.88	0	1.39	1.53	1.24	352999	2970	669275	8
271	340	127.57	0	3.82	3.22	4.41	306351	3171	537834	40
275	292	58.22	0	1.15	1.27	1.03	354716	1998	767965	46
275	344	27.57	0	1.56	0.59	2.53	364510	1513	729433	44
278	339	59.13	0	1.41	1.09	1.72	351236	2853	726178	216
279	318	44.84	0	0.98	0.58	1.37	364993	670	768709	50
292	304	28.40	0	0.37	0.50	0.24	345232	2141	816328	133
293	369	40.10	0	1.86	0.57	3.15	373999	1444	882293	65
298	308	46.02	0	3.83	7.05	0.61	316433	1669	859737	11
299	324	38.06	0	0.62	0.67	0.56	313347	1510	789199	18
299	328	83.28	0	1.65	1.48	1.82	317319	1358	852599	108
300	323	43.82	0	1.07	0.55	1.60	334653	1462	819468	16
302	349	91.27	0	1.55	1.52	1.57	318488	2028	803571	50
304	354	32.02	0	1.21	0.27	2.14	329294	4470	854372	77
318	331	54.60	0	1.69	1.67	1.70	357658	1813	926109	20
322	337	26.60	0	1.02	1.83	0.21	351552	353	885458	31
323	347	75.13	0	2.06	2.73	1.40	340524	1366	854741	6
345	369	24.92	0	1.57	1.17	1.96	375112	858	945316	110
