Nucleotide	Sequence	Modified_mutations	Modified_read_depth	Modified_effective_depth	Modified_rate	Modified_off_target_mapped_depth	Modified_low_mapq_mapped_depth	Modified_primer_pair_1_mapped_depth	Untreated_mutations	Untreated_read_depth	Untreated_effective_depth	Untreated_rate	Untreated_off_target_mapped_depth	Untreated_low_mapq_mapped_depth	Untreated_primer_pair_1_mapped_depth	Denatured_mutations	Denatured_read_depth	Denatured_effective_depth	Denatured_rate	Denatured_off_target_mapped_depth	Denatured_low_mapq_mapped_depth	Denatured_primer_pair_1_mapped_depth	Reactivity_profile	Std_err	HQ_profile	HQ_stderr	Norm_profile	Norm_stderr
1	a	0	340973	0	nan	157605	19	340973	0	945547	0	nan	77259	81	945547	0	0	0	nan	0	0	0	nan	nan	nan	nan	nan	nan
2	g	0	345916	0	nan	161208	19	345916	0	957959	0	nan	77428	81	957959	0	0	0	nan	0	0	0	nan	nan	nan	nan	nan	nan
3	g	0	346953	0	nan	161555	19	346953	0	959748	0	nan	77561	81	959748	0	0	0	nan	0	0	0	nan	nan	nan	nan	nan	nan
4	u	0	347097	0	nan	161582	19	347097	0	960046	0	nan	77568	81	960046	0	0	0	nan	0	0	0	nan	nan	nan	nan	nan	nan
5	g	0	347327	0	nan	161633	19	347327	0	960316	0	nan	77568	81	960316	0	0	0	nan	0	0	0	nan	nan	nan	nan	nan	nan
6	a	0	347593	0	nan	161676	19	347593	0	960424	0	nan	77568	82	960424	0	0	0	nan	0	0	0	nan	nan	nan	nan	nan	nan
7	u	0	347764	0	nan	161702	19	347764	0	961429	0	nan	77568	82	961429	0	0	0	nan	0	0	0	nan	nan	nan	nan	nan	nan
8	c	0	347968	0	nan	161707	19	347968	0	976486	0	nan	77570	82	976486	0	0	0	nan	0	0	0	nan	nan	nan	nan	nan	nan
9	c	0	348270	0	nan	161714	19	348270	0	976950	0	nan	77570	82	976950	0	0	0	nan	0	0	0	nan	nan	nan	nan	nan	nan
10	u	0	348762	0	nan	161724	19	348762	0	977077	0	nan	77570	82	977077	0	0	0	nan	0	0	0	nan	nan	nan	nan	nan	nan
11	g	0	348888	0	nan	161726	19	348888	0	977106	0	nan	77570	83	977106	0	0	0	nan	0	0	0	nan	nan	nan	nan	nan	nan
12	c	0	348888	0	nan	162054	19	348888	0	977107	0	nan	77576	83	977106	0	0	0	nan	0	0	0	nan	nan	nan	nan	nan	nan
13	a	0	348888	0	nan	163086	19	348888	0	977109	0	nan	77584	83	977106	0	0	0	nan	0	0	0	nan	nan	nan	nan	nan	nan
14	c	0	348888	0	nan	163530	19	348888	0	977114	0	nan	77597	83	977106	0	0	0	nan	0	0	0	nan	nan	nan	nan	nan	nan
15	u	0	348888	0	nan	164515	19	348888	0	977114	0	nan	77601	83	977106	0	0	0	nan	0	0	0	nan	nan	nan	nan	nan	nan
16	a	0	348888	0	nan	165398	19	348888	0	977115	0	nan	77606	83	977106	0	0	0	nan	0	0	0	nan	nan	nan	nan	nan	nan
17	u	0	348888	0	nan	165991	19	348888	0	977118	0	nan	77608	83	977106	0	0	0	nan	0	0	0	nan	nan	nan	nan	nan	nan
18	g	0	348888	0	nan	166543	19	348888	0	977120	0	nan	77610	83	977106	0	0	0	nan	0	0	0	nan	nan	nan	nan	nan	nan
19	g	0	348888	0	nan	167084	19	348888	0	977123	0	nan	77618	83	977106	0	0	0	nan	0	0	0	nan	nan	nan	nan	nan	nan
20	c	0	348888	0	nan	167699	19	348888	0	977127	0	nan	77637	83	977106	0	0	0	nan	0	0	0	nan	nan	nan	nan	nan	nan
21	A	4	348888	311340	0.000013	168169	19	348888	0	977128	921847	0.000000	77644	84	977106	0	0	0	nan	0	0	0	0.000013	0.000006	0.000013	0.000006	0.000182	0.000084
22	C	18710	348888	299720	0.062425	168921	19	348888	506	977130	896798	0.000564	77652	84	977106	0	0	0	nan	0	0	0	0.061861	0.000457	0.061861	0.000457	0.866791	0.006403
23	A	12469	348888	321625	0.038769	169543	19	348888	1406	977133	911972	0.001542	77739	84	977106	0	0	0	nan	0	0	0	0.037227	0.000350	0.037227	0.000350	0.521622	0.004904
24	C	16446	348888	313511	0.052457	170491	19	348888	589	976986	891921	0.000660	77745	84	976957	0	0	0	nan	0	0	0	0.051797	0.000410	0.051797	0.000410	0.725775	0.005745
25	U	4169	348888	321202	0.012979	170734	19	348888	902	976663	927510	0.000972	77747	84	976633	0	0	0	nan	0	0	0	0.012007	0.000204	0.012007	0.000204	0.168241	0.002858
26	G	4991	348888	319868	0.015603	170843	19	348888	2949	976315	918701	0.003210	77749	84	976281	0	0	0	nan	0	0	0	0.012393	0.000229	0.012393	0.000229	0.173650	0.003209
27	G	3437	348888	322310	0.010664	171505	19	348888	1601	976039	936183	0.001710	77742	84	976001	0	0	0	nan	0	0	0	0.008954	0.000187	0.008954	0.000187	0.125463	0.002620
28	U	4832	348888	314093	0.015384	171630	19	348888	1023	975679	926851	0.001104	77661	84	975641	0	0	0	nan	0	0	0	0.014280	0.000224	0.014280	0.000224	0.200090	0.003139
29	A	23301	348888	310350	0.075080	171647	19	348888	645	974114	911602	0.000708	77649	84	974076	0	0	0	nan	0	0	0	0.074372	0.000493	0.074372	0.000493	1.042094	0.006908
30	A	25010	348888	318799	0.078451	171517	19	348888	848	953247	897097	0.000945	3687	84	953209	0	0	0	nan	0	0	0	0.077505	0.000497	0.077505	0.000497	1.085994	0.006964
31	U	3984	348888	316994	0.012568	171488	19	348888	1133	951511	889769	0.001273	3678	84	951469	0	0	0	nan	0	0	0	0.011295	0.000203	0.011295	0.000203	0.158265	0.002844
32	C	15778	348888	314524	0.050165	171363	19	348888	923	950311	900147	0.001025	3677	84	950267	0	0	0	nan	0	0	0	0.049139	0.000401	0.049139	0.000401	0.688532	0.005619
33	G	2330	348888	312926	0.007446	171317	19	348888	852	949166	883837	0.000964	3675	84	949122	0	0	0	nan	0	0	0	0.006482	0.000158	0.006482	0.000158	0.090825	0.002214
34	A	21423	348888	326317	0.065651	171094	19	348888	555	948298	896154	0.000619	3633	83	948253	0	0	0	nan	0	0	0	0.065032	0.000449	0.065032	0.000449	0.911223	0.006291
35	C	9955	348888	327989	0.030352	170995	19	348888	542	947897	897701	0.000604	3636	83	947850	0	0	0	nan	0	0	0	0.029748	0.000305	0.029748	0.000305	0.416827	0.004274
36	G	6316	348888	329530	0.019167	171030	19	348888	3493	947405	901029	0.003877	3633	83	947358	0	0	0	nan	0	0	0	0.015290	0.000250	0.015290	0.000250	0.214242	0.003503
37	G	3371	348888	330084	0.010213	171036	19	348888	3216	946935	894374	0.003596	3634	83	946886	0	0	0	nan	0	0	0	0.006617	0.000187	0.006617	0.000187	0.092717	0.002620
38	G	1633	348888	330881	0.004935	171079	19	348888	2052	946562	894274	0.002295	3632	83	946512	0	0	0	nan	0	0	0	0.002641	0.000132	0.002641	0.000132	0.037005	0.001850
39	G	2507	348888	330849	0.007577	170944	17	348888	1617	946361	905245	0.001786	3612	83	946310	0	0	0	nan	0	0	0	0.005791	0.000158	0.005791	0.000158	0.081143	0.002214
40	U	3599	348888	330231	0.010898	170724	15	348888	1111	945859	906481	0.001226	3607	83	945808	0	0	0	nan	0	0	0	0.009673	0.000185	0.009673	0.000185	0.135537	0.002592
41	U	4507	348888	326765	0.013793	170782	15	348888	466	945451	902581	0.000516	3597	83	945398	0	0	0	nan	0	0	0	0.013276	0.000207	0.013276	0.000207	0.186022	0.002900
42	A	19713	348888	324772	0.060698	170537	15	348888	711	945241	887832	0.000801	3594	83	945183	0	0	0	nan	0	0	0	0.059897	0.000433	0.059897	0.000433	0.839272	0.006067
43	C	11187	348888	324298	0.034496	170346	15	348888	1060	944750	886584	0.001196	3594	83	944685	0	0	0	nan	0	0	0	0.033300	0.000328	0.033300	0.000328	0.466597	0.004596
44	G	4297	348888	322973	0.013305	169717	15	348888	5018	944036	885700	0.005666	3594	83	943967	0	0	0	nan	0	0	0	0.007639	0.000218	0.007639	0.000218	0.107037	0.003055
45	C	7350	348888	321566	0.022857	168729	15	348888	1802	943718	892844	0.002018	3592	83	943646	0	0	0	nan	0	0	0	0.020839	0.000271	0.020839	0.000271	0.291994	0.003797
46	C	4751	348888	320904	0.014805	167118	15	348888	1290	943291	881677	0.001463	3595	83	943212	0	0	0	nan	0	0	0	0.013342	0.000219	0.013342	0.000219	0.186947	0.003069
47	G	1416	348888	310287	0.004564	164752	15	348888	976	942656	867465	0.001125	3596	83	942575	0	0	0	nan	0	0	0	0.003438	0.000127	0.003438	0.000127	0.048173	0.001780
48	A	8411	348888	303961	0.027671	164224	15	348888	486	942326	867713	0.000560	3601	83	942244	0	0	0	nan	0	0	0	0.027111	0.000303	0.027111	0.000303	0.379877	0.004246
49	A	22502	348888	304369	0.073930	162315	15	348888	686	941927	875759	0.000783	3599	83	941843	0	0	0	nan	0	0	0	0.073147	0.000494	0.073147	0.000494	1.024930	0.006922
50	C	31163	348888	304259	0.102423	160062	15	348888	537	941546	884631	0.000607	3604	83	941462	0	0	0	nan	0	0	0	0.101816	0.000581	0.101816	0.000581	1.426638	0.008141
51	A	25061	348888	309266	0.081034	159817	15	348888	441	941145	880836	0.000501	3615	83	941061	0	0	0	nan	0	0	0	0.080533	0.000512	0.080533	0.000512	1.128422	0.007174
52	U	4560	348888	308596	0.014777	159500	15	348888	823	940762	880072	0.000935	3618	83	940678	0	0	0	nan	0	0	0	0.013841	0.000221	0.013841	0.000221	0.193939	0.003097
53	G	4777	348888	307324	0.015544	158501	15	348888	681	940296	873396	0.000780	3621	83	940212	0	0	0	nan	0	0	0	0.014764	0.000227	0.014764	0.000227	0.206872	0.003181
54	A	16941	348888	310751	0.054516	157085	15	348888	715	939720	870916	0.000821	3618	83	939636	0	0	0	nan	0	0	0	0.053695	0.000420	0.053695	0.000420	0.752370	0.005885
55	U	2541	348888	306913	0.008279	156079	15	348888	999	939392	869021	0.001150	3616	83	939308	0	0	0	nan	0	0	0	0.007130	0.000168	0.007130	0.000168	0.099905	0.002354
56	C	14028	348888	305333	0.045943	155811	15	348888	736	939108	868311	0.000848	3614	83	939024	0	0	0	nan	0	0	0	0.045096	0.000389	0.045096	0.000389	0.631882	0.005451
57	G	3048	348888	299257	0.010185	154067	13	348888	1113	938602	869280	0.001280	3613	82	938516	0	0	0	nan	0	0	0	0.008905	0.000188	0.008905	0.000188	0.124776	0.002634
58	A	23846	348888	308128	0.077390	153959	12	348888	994	938294	882240	0.001127	3563	64	938208	0	0	0	nan	0	0	0	0.076263	0.000502	0.076263	0.000502	1.068591	0.007034
59	C	32089	348888	307522	0.104347	153909	12	348888	471	937949	898462	0.000524	3547	62	937863	0	0	0	nan	0	0	0	0.103823	0.000583	0.103823	0.000583	1.454759	0.008169
60	U	5639	348888	302620	0.018634	153831	11	348888	552	937200	891429	0.000619	3512	55	937113	0	0	0	nan	0	0	0	0.018015	0.000250	0.018015	0.000250	0.252425	0.003503
61	A	33622	348888	309030	0.108798	153724	11	348888	1190	936917	880806	0.001351	3499	51	936830	0	0	0	nan	0	0	0	0.107447	0.000595	0.107447	0.000595	1.505539	0.008337
62	U	3060	348888	310346	0.009860	153688	12	348888	1137	936618	867292	0.001311	3499	48	936528	0	0	0	nan	0	0	0	0.008549	0.000182	0.008549	0.000182	0.119788	0.002550
63	U	3885	348888	313887	0.012377	153595	12	348888	536	936162	868476	0.000617	3498	46	936072	0	0	0	nan	0	0	0	0.011760	0.000200	0.011760	0.000200	0.164780	0.002802
64	U	2984	348888	311951	0.009566	153360	12	348888	790	935637	876237	0.000902	3497	45	935545	0	0	0	nan	0	0	0	0.008664	0.000178	0.008664	0.000178	0.121399	0.002494
65	C	18046	348888	303833	0.059394	153195	12	348888	675	935368	876502	0.000770	3497	45	935274	0	0	0	nan	0	0	0	0.058624	0.000443	0.058624	0.000443	0.821435	0.006207
66	G	3577	348888	302048	0.011842	153067	12	348888	1452	934419	861991	0.001684	3492	45	934320	0	0	0	nan	0	0	0	0.010158	0.000203	0.010158	0.000203	0.142333	0.002844
67	G	2049	348888	290979	0.007042	152823	12	348888	1189	933309	844373	0.001408	3493	45	933209	0	0	0	nan	0	0	0	0.005634	0.000161	0.005634	0.000161	0.078943	0.002256
68	A	26524	348888	297289	0.089220	152685	12	348888	655	933142	851686	0.000769	3489	45	933040	0	0	0	nan	0	0	0	0.088451	0.000549	0.088451	0.000549	1.239368	0.007693
69	C	29098	348888	310151	0.093819	152602	12	348888	653	932994	863050	0.000757	3484	44	932891	0	0	0	nan	0	0	0	0.093062	0.000551	0.093062	0.000551	1.303977	0.007721
70	G	2568	348888	317650	0.008084	152480	12	348888	1495	932653	854318	0.001750	3483	44	932549	0	0	0	nan	0	0	0	0.006334	0.000166	0.006334	0.000166	0.088751	0.002326
71	G	3945	348888	316846	0.012451	152323	12	348888	5351	932300	853175	0.006272	3477	44	932196	0	0	0	nan	0	0	0	0.006179	0.000216	0.006179	0.000216	0.086580	0.003027
72	C	4524	348888	313822	0.014416	152086	12	348888	2821	932154	861205	0.003276	3469	44	932050	0	0	0	nan	0	0	0	0.011140	0.000223	0.011140	0.000223	0.156093	0.003125
73	C	6812	348888	315829	0.021569	151610	11	348888	1019	931640	874192	0.001166	2584	44	931553	0	0	0	nan	0	0	0	0.020403	0.000264	0.020403	0.000264	0.285885	0.003699
74	G	2383	348888	304531	0.007825	151427	11	348888	1153	931032	843982	0.001366	2208	44	930952	0	0	0	nan	0	0	0	0.006459	0.000165	0.006459	0.000165	0.090503	0.002312
75	U	3663	348888	289844	0.012638	151191	11	348888	661	930689	843488	0.000784	2104	44	930618	0	0	0	nan	0	0	0	0.011854	0.000211	0.011854	0.000211	0.166097	0.002957
76	A	30238	348888	294261	0.102759	150869	11	348888	433	930412	852270	0.000508	2032	44	930344	0	0	0	nan	0	0	0	0.102251	0.000591	0.102251	0.000591	1.432733	0.008281
77	U	6220	348888	297830	0.020884	150818	10	348888	644	930019	861836	0.000747	1959	43	929953	0	0	0	nan	0	0	0	0.020137	0.000266	0.020137	0.000266	0.282158	0.003727
78	G	5108	348888	297590	0.017165	150675	10	348888	607	929476	856874	0.000708	1882	43	929412	0	0	0	nan	0	0	0	0.016456	0.000242	0.016456	0.000242	0.230580	0.003391
79	A	26747	348888	294565	0.090802	150475	10	348888	626	929262	853536	0.000733	1870	43	929197	0	0	0	nan	0	0	0	0.090068	0.000556	0.090068	0.000556	1.262026	0.007791
80	A	16165	348888	298302	0.054190	150281	10	348888	674	928991	872089	0.000773	1857	43	928925	0	0	0	nan	0	0	0	0.053417	0.000427	0.053417	0.000427	0.748475	0.005983
81	G	2008	348888	298085	0.006736	150414	10	348888	1288	928555	870823	0.001479	1850	43	928488	0	0	0	nan	0	0	0	0.005257	0.000156	0.005257	0.000156	0.073661	0.002186
82	G	4184	348888	300719	0.013913	150230	10	348888	4687	928223	872820	0.005370	1847	43	928156	0	0	0	nan	0	0	0	0.008543	0.000229	0.008543	0.000229	0.119704	0.003209
83	C	14094	348888	298272	0.047252	150030	10	348888	1483	927922	873716	0.001697	1825	43	927856	0	0	0	nan	0	0	0	0.045555	0.000400	0.045555	0.000400	0.638313	0.005605
84	A	31313	348888	304528	0.102825	149935	10	348888	515	927771	874585	0.000589	1825	43	927704	0	0	0	nan	0	0	0	0.102236	0.000582	0.102236	0.000582	1.432523	0.008155
85	U	5282	348888	306147	0.017253	149817	10	348888	1961	927509	873542	0.002245	1823	43	927440	0	0	0	nan	0	0	0	0.015008	0.000243	0.015008	0.000243	0.210291	0.003405
86	C	23040	348888	310632	0.074171	149624	10	348888	522	927320	854591	0.000611	1823	43	927251	0	0	0	nan	0	0	0	0.073561	0.000489	0.073561	0.000489	1.030731	0.006852
87	G	4281	348888	312735	0.013689	149527	10	348888	4808	927108	859773	0.005592	1823	43	927038	0	0	0	nan	0	0	0	0.008097	0.000224	0.008097	0.000224	0.113455	0.003139
88	C	7165	348888	311985	0.022966	149277	10	348888	2427	926944	854509	0.002840	1823	43	926872	0	0	0	nan	0	0	0	0.020126	0.000277	0.020126	0.000277	0.282004	0.003881
89	C	2925	348888	313250	0.009338	149160	10	348888	1285	926722	870803	0.001476	1822	43	926649	0	0	0	nan	0	0	0	0.007862	0.000177	0.007862	0.000177	0.110162	0.002480
90	G	2862	348888	309015	0.009262	149175	10	348888	1750	926556	864317	0.002025	1822	42	926483	0	0	0	nan	0	0	0	0.007237	0.000180	0.007237	0.000180	0.101404	0.002522
91	U	2717	348888	309269	0.008785	149104	10	348888	1233	926372	863509	0.001428	1821	40	926298	0	0	0	nan	0	0	0	0.007357	0.000173	0.007357	0.000173	0.103086	0.002424
92	G	7711	348888	310374	0.024844	149016	11	348888	2609	926117	854146	0.003055	1821	40	926043	0	0	0	nan	0	0	0	0.021790	0.000289	0.021790	0.000289	0.305320	0.004049
93	U	6980	348888	311054	0.022440	148914	11	348888	1472	925709	861307	0.001709	1821	40	925635	0	0	0	nan	0	0	0	0.020731	0.000272	0.020731	0.000272	0.290481	0.003811
94	U	4929	348888	310481	0.015875	149181	14	348888	989	925363	866002	0.001142	1821	40	925289	0	0	0	nan	0	0	0	0.014733	0.000229	0.014733	0.000229	0.206438	0.003209
95	C	24907	348888	303369	0.082101	148970	14	348888	612	924997	868770	0.000704	1821	40	924919	0	0	0	nan	0	0	0	0.081397	0.000521	0.081397	0.000521	1.140528	0.007300
96	G	2337	348888	295749	0.007902	148806	14	348888	854	924535	851647	0.001003	1820	40	924457	0	0	0	nan	0	0	0	0.006899	0.000167	0.006899	0.000167	0.096668	0.002340
97	A	8442	348888	298184	0.028311	148531	14	348888	446	924119	853969	0.000522	1820	37	924038	0	0	0	nan	0	0	0	0.027789	0.000309	0.027789	0.000309	0.389377	0.004330
98	C	4136	348888	296974	0.013927	148442	14	348888	1579	923932	859201	0.001838	1820	37	923851	0	0	0	nan	0	0	0	0.012089	0.000221	0.012089	0.000221	0.169390	0.003097
99	G	2176	348888	299107	0.007275	148444	14	348888	1687	923726	866234	0.001948	1811	36	923644	0	0	0	nan	0	0	0	0.005327	0.000163	0.005327	0.000163	0.074641	0.002284
100	G	4031	348888	290859	0.013859	148291	14	348888	4250	923487	852437	0.004986	1810	36	923406	0	0	0	nan	0	0	0	0.008873	0.000231	0.008873	0.000231	0.124328	0.003237
101	C	45809	348888	278006	0.164777	148099	14	348888	16488	923246	848092	0.019441	1806	36	923165	0	0	0	nan	0	0	0	0.145336	0.000785	0.145336	0.000785	2.036436	0.010999
102	A	12594	348888	265942	0.047356	147956	14	348888	1886	923004	845604	0.002230	1802	35	922923	0	0	0	nan	0	0	0	0.045126	0.000425	0.045126	0.000425	0.632302	0.005955
103	A	13525	348888	284370	0.047561	147568	14	348888	804	922684	845323	0.000951	1796	34	922602	0	0	0	nan	0	0	0	0.046610	0.000410	0.046610	0.000410	0.653096	0.005745
104	A	15021	348888	290788	0.051656	146729	14	348888	531	922106	830732	0.000639	1793	31	922024	0	0	0	nan	0	0	0	0.051017	0.000422	0.051017	0.000422	0.714846	0.005913
105	A	4874	348888	280556	0.017373	145993	14	348888	759	920900	823381	0.000922	1793	31	920818	0	0	0	nan	0	0	0	0.016451	0.000251	0.016451	0.000251	0.230510	0.003517
106	A	15624	348888	279117	0.055977	145033	15	348888	693	919780	814371	0.000851	1793	31	919698	0	0	0	nan	0	0	0	0.055126	0.000449	0.055126	0.000449	0.772421	0.006291
107	G	3172	348888	267042	0.011878	143681	16	348888	594	918545	811841	0.000732	1792	31	918463	0	0	0	nan	0	0	0	0.011147	0.000213	0.011147	0.000213	0.156191	0.002985
108	A	16057	348888	256276	0.062655	142778	15	348888	635	918081	803485	0.000790	1790	31	917999	0	0	0	nan	0	0	0	0.061865	0.000495	0.061865	0.000495	0.866847	0.006936
109	U	2919	348888	253221	0.011527	141992	15	348888	1133	917432	810154	0.001398	1788	30	917347	0	0	0	nan	0	0	0	0.010129	0.000217	0.010129	0.000217	0.141927	0.003041
110	C	8099	348888	235100	0.034449	141565	15	348888	721	917043	825613	0.000873	1787	30	916958	0	0	0	nan	0	0	0	0.033576	0.000384	0.033576	0.000384	0.470464	0.005381
111	A	10310	348888	235967	0.043693	140837	15	348888	753	916796	848462	0.000887	1785	30	916711	0	0	0	nan	0	0	0	0.042805	0.000432	0.042805	0.000432	0.599780	0.006053
112	C	14360	348888	219417	0.065446	140298	15	348888	479	916619	858680	0.000558	1782	30	916535	0	0	0	nan	0	0	0	0.064888	0.000547	0.064888	0.000547	0.909205	0.007665
113	U	2470	348888	203521	0.012136	139527	15	348888	912	916422	853774	0.001068	1778	30	916338	0	0	0	nan	0	0	0	0.011068	0.000247	0.011068	0.000247	0.155084	0.003461
114	G	1891	348888	184108	0.010271	138171	14	348888	1164	916291	853457	0.001364	1773	29	916207	0	0	0	nan	0	0	0	0.008907	0.000240	0.008907	0.000240	0.124804	0.003363
115	U	1843	348888	159181	0.011578	135827	14	348888	670	916166	851518	0.000787	1745	26	916082	0	0	0	nan	0	0	0	0.010791	0.000271	0.010791	0.000271	0.151203	0.003797
116	A	6639	348888	134961	0.049192	135071	13	348888	513	916041	859291	0.000597	1740	26	915957	0	0	0	nan	0	0	0	0.048595	0.000604	0.048595	0.000604	0.680909	0.008463
117	A	12500	348888	139549	0.089574	134744	13	348888	657	915810	864020	0.000760	1768	26	915720	0	0	0	nan	0	0	0	0.088814	0.000802	0.088814	0.000802	1.244455	0.011238
118	C	6524	348888	103801	0.062851	133631	13	348888	688	915553	872981	0.000788	1768	26	915463	0	0	0	nan	0	0	0	0.062063	0.000779	0.062063	0.000779	0.869622	0.010915
119	A	11722	348888	112432	0.104259	131767	13	348888	635	915050	872838	0.000728	1767	26	914960	0	0	0	nan	0	0	0	0.103531	0.000963	0.103531	0.000963	1.450668	0.013493
120	G	1586	348888	124849	0.012703	131677	16	348888	2883	914655	848596	0.003397	1772	26	914564	0	0	0	nan	0	0	0	0.009306	0.000325	0.009306	0.000325	0.130395	0.004554
121	G	875	348888	172003	0.005087	130234	16	348888	2429	914164	825326	0.002943	1768	26	914072	0	0	0	nan	0	0	0	0.002144	0.000182	0.002144	0.000182	0.030042	0.002550
122	G	438	348888	108981	0.004019	128451	16	348888	1076	913818	809719	0.001329	1762	26	913726	0	0	0	nan	0	0	0	0.002690	0.000196	0.002690	0.000196	0.037692	0.002746
123	A	3984	348888	111185	0.035832	126786	16	348888	1333	913433	816318	0.001633	1741	25	913342	0	0	0	nan	0	0	0	0.034199	0.000569	0.034199	0.000569	0.479194	0.007973
124	C	6169	348888	119750	0.051516	126164	16	348888	1908	913170	825564	0.002311	1740	25	913079	0	0	0	nan	0	0	0	0.049205	0.000658	0.049205	0.000658	0.689456	0.009220
125	C	5253	348888	120267	0.043678	124155	16	348888	1373	912826	833261	0.001648	1738	25	912736	0	0	0	nan	0	0	0	0.042030	0.000604	0.042030	0.000604	0.588921	0.008463
126	C	5152	348888	104293	0.049399	123904	17	348888	1185	912559	829259	0.001429	1611	23	912469	0	0	0	nan	0	0	0	0.047970	0.000689	0.047970	0.000689	0.672152	0.009654
127	U	1816	348888	106562	0.017042	123556	16	348888	1822	912202	837790	0.002175	1609	21	912112	0	0	0	nan	0	0	0	0.014867	0.000403	0.014867	0.000403	0.208315	0.005647
128	G	2137	348888	126482	0.016896	123189	16	348888	1144	911845	844339	0.001355	1606	21	911758	0	0	0	nan	0	0	0	0.015541	0.000368	0.015541	0.000368	0.217759	0.005156
129	U	2783	348888	143896	0.019340	122720	16	348888	975	911397	847098	0.001151	1586	21	911309	0	0	0	nan	0	0	0	0.018189	0.000368	0.018189	0.000368	0.254863	0.005156
130	G	971	348888	132786	0.007313	122313	16	348888	1544	910960	837273	0.001844	1586	20	910872	0	0	0	nan	0	0	0	0.005468	0.000239	0.005468	0.000239	0.076617	0.003349
131	G	699	348888	180478	0.003873	121581	15	348888	853	910186	834580	0.001022	1581	19	910098	0	0	0	nan	0	0	0	0.002851	0.000151	0.002851	0.000151	0.039948	0.002116
132	A	5046	348888	144882	0.034828	120471	15	348888	486	909142	811104	0.000599	1579	19	909054	0	0	0	nan	0	0	0	0.034229	0.000491	0.034229	0.000491	0.479614	0.006880
133	A	3771	348888	147430	0.025578	118498	15	348888	1887	907566	806045	0.002341	1571	19	907478	0	0	0	nan	0	0	0	0.023237	0.000420	0.023237	0.000420	0.325595	0.005885
134	C	4646	348888	147972	0.031398	117687	15	348888	887	905984	799334	0.001110	1571	19	905896	0	0	0	nan	0	0	0	0.030288	0.000462	0.030288	0.000462	0.424393	0.006474
135	G	972	348888	156092	0.006227	116915	15	348888	1599	904745	791641	0.002020	1571	19	904656	0	0	0	nan	0	0	0	0.004207	0.000206	0.004207	0.000206	0.058948	0.002886
136	G	2344	348888	141540	0.016561	115180	15	348888	5476	903514	793714	0.006899	1571	19	903426	0	0	0	nan	0	0	0	0.009661	0.000355	0.009661	0.000355	0.135369	0.004974
137	C	5283	348888	128836	0.041006	114312	15	348888	1482	903101	762721	0.001943	1565	19	903013	0	0	0	nan	0	0	0	0.039063	0.000566	0.039063	0.000566	0.547348	0.007931
138	A	2520	348888	141313	0.017833	113803	16	348888	632	902686	756228	0.000836	1564	19	902598	0	0	0	nan	0	0	0	0.016997	0.000357	0.016997	0.000357	0.238161	0.005002
139	A	12481	348888	153168	0.081486	113154	16	348888	574	902499	765045	0.000750	1561	12	902412	0	0	0	nan	0	0	0	0.080735	0.000730	0.080735	0.000730	1.131252	0.010229
140	C	28806	348888	155974	0.184685	112486	16	348888	2923	902333	808445	0.003616	1558	12	902246	0	0	0	nan	0	0	0	0.181069	0.001090	0.181069	0.001090	2.537124	0.015273
141	A	8472	348888	155954	0.054324	112469	16	348888	948	902140	816841	0.001161	1551	12	902053	0	0	0	nan	0	0	0	0.053163	0.000591	0.053163	0.000591	0.744916	0.008281
142	A	9456	348888	201372	0.046958	111969	16	348888	1174	901723	805705	0.001457	1550	10	901636	0	0	0	nan	0	0	0	0.045501	0.000485	0.045501	0.000485	0.637556	0.006796
143	A	6372	348888	160327	0.039744	111276	15	348888	333	901241	784759	0.000424	1548	6	901154	0	0	0	nan	0	0	0	0.039319	0.000498	0.039319	0.000498	0.550935	0.006978
144	A	9686	348888	165380	0.058568	110854	15	348888	528	900748	800897	0.000659	1547	6	900661	0	0	0	nan	0	0	0	0.057909	0.000596	0.057909	0.000596	0.811416	0.008351
145	U	2595	348888	172988	0.015001	110614	14	348888	735	900247	799656	0.000919	1544	6	900161	0	0	0	nan	0	0	0	0.014082	0.000296	0.014082	0.000296	0.197316	0.004148
146	U	2344	348888	180681	0.012973	110376	14	348888	383	899619	810297	0.000473	1544	6	899533	0	0	0	nan	0	0	0	0.012500	0.000269	0.012500	0.000269	0.175149	0.003769
147	A	12423	348888	168873	0.073564	110294	14	348888	658	899026	812513	0.000810	1545	5	898940	0	0	0	nan	0	0	0	0.072754	0.000661	0.072754	0.000661	1.019423	0.009262
148	U	2556	348888	169811	0.015052	110077	13	348888	1434	898560	828202	0.001731	1545	4	898473	0	0	0	nan	0	0	0	0.013321	0.000301	0.013321	0.000301	0.186653	0.004218
149	C	10110	348888	193888	0.052144	109792	13	348888	545	898021	811809	0.000671	1545	4	897931	0	0	0	nan	0	0	0	0.051472	0.000519	0.051472	0.000519	0.721222	0.007272
150	G	2542	348888	197511	0.012870	109346	12	348888	979	897326	810068	0.001209	1542	4	897233	0	0	0	nan	0	0	0	0.011662	0.000258	0.011662	0.000258	0.163407	0.003615
151	A	17659	348888	212803	0.082983	108945	12	348888	453	896732	811581	0.000558	1527	4	896640	0	0	0	nan	0	0	0	0.082425	0.000625	0.082425	0.000625	1.154932	0.008757
152	C	10416	348888	219428	0.047469	108688	11	348888	475	896372	821161	0.000578	1526	2	896280	0	0	0	nan	0	0	0	0.046890	0.000466	0.046890	0.000466	0.657019	0.006530
153	G	938	348888	177778	0.005276	108441	11	348888	1031	895611	813887	0.001267	1522	2	895519	0	0	0	nan	0	0	0	0.004009	0.000177	0.004009	0.000177	0.056174	0.002480
154	A	17795	348888	186790	0.095267	108238	10	348888	549	895228	803885	0.000683	1515	2	895136	0	0	0	nan	0	0	0	0.094584	0.000715	0.094584	0.000715	1.325303	0.010019
155	G	2447	348888	177387	0.013795	108198	10	348888	3560	894917	817304	0.004356	1511	2	894825	0	0	0	nan	0	0	0	0.009439	0.000288	0.009439	0.000288	0.132259	0.004035
156	C	12313	348888	238592	0.051607	108078	10	348888	1016	894529	824466	0.001232	1505	2	894437	0	0	0	nan	0	0	0	0.050375	0.000467	0.050375	0.000467	0.705850	0.006544
157	G	2556	348888	250914	0.010187	107954	10	348888	2898	893901	836448	0.003465	1500	2	893810	0	0	0	nan	0	0	0	0.006722	0.000212	0.006722	0.000212	0.094188	0.002971
158	C	12628	348888	273593	0.046156	107777	10	348888	2245	893483	828457	0.002710	1488	2	893395	0	0	0	nan	0	0	0	0.043446	0.000415	0.043446	0.000415	0.608762	0.005815
159	C	7185	348888	249911	0.028750	107503	10	348888	865	892693	824604	0.001049	1475	2	892605	0	0	0	nan	0	0	0	0.027701	0.000341	0.027701	0.000341	0.388144	0.004778
160	U	3744	348888	241519	0.015502	107234	9	348888	1471	892219	820435	0.001793	1467	2	892132	0	0	0	nan	0	0	0	0.013709	0.000258	0.013709	0.000258	0.192089	0.003615
161	G	1515	348888	202881	0.007467	107111	9	348888	876	891816	798958	0.001096	1458	2	891728	0	0	0	nan	0	0	0	0.006371	0.000195	0.006371	0.000195	0.089270	0.002732
162	A	17955	348888	218027	0.082352	106958	9	348888	551	891409	793423	0.000694	1435	2	891322	0	0	0	nan	0	0	0	0.081658	0.000615	0.081658	0.000615	1.144185	0.008617
163	U	3042	348888	217575	0.013981	106917	9	348888	1850	891239	802077	0.002307	1432	2	891153	0	0	0	nan	0	0	0	0.011675	0.000259	0.011675	0.000259	0.163589	0.003629
164	C	17202	348888	250377	0.068704	106875	9	348888	571	891160	817860	0.000698	1429	2	891076	0	0	0	nan	0	0	0	0.068006	0.000525	0.068006	0.000525	0.952895	0.007356
165	A	13188	348888	262319	0.050275	106815	8	348888	380	891085	826356	0.000460	1426	2	891001	0	0	0	nan	0	0	0	0.049815	0.000438	0.049815	0.000438	0.698004	0.006137
166	A	21773	348888	279075	0.078018	106781	8	348888	1173	890951	831350	0.001411	1423	2	890867	0	0	0	nan	0	0	0	0.076607	0.000530	0.076607	0.000530	1.073411	0.007426
167	C	10784	348888	277786	0.038821	106760	8	348888	1912	890792	818112	0.002337	1423	2	890707	0	0	0	nan	0	0	0	0.036484	0.000378	0.036484	0.000378	0.511211	0.005297
168	C	11785	348888	290694	0.040541	106605	8	348888	1404	890429	825297	0.001701	1416	2	890344	0	0	0	nan	0	0	0	0.038840	0.000376	0.038840	0.000376	0.544223	0.005268
169	C	7713	348888	281704	0.027380	106448	8	348888	1324	889995	817433	0.001620	1416	2	889909	0	0	0	nan	0	0	0	0.025760	0.000315	0.025760	0.000315	0.360947	0.004414
170	C	11204	348888	278264	0.040264	106290	8	348888	1472	889139	812829	0.001811	1416	2	889052	0	0	0	nan	0	0	0	0.038453	0.000383	0.038453	0.000383	0.538800	0.005367
171	G	1986	348888	236507	0.008397	105961	8	348888	1001	888079	790556	0.001266	1387	2	887991	0	0	0	nan	0	0	0	0.007131	0.000193	0.007131	0.000193	0.099919	0.002704
172	A	21282	348888	251928	0.084477	105688	8	348888	448	887522	796028	0.000563	1381	2	887434	0	0	0	nan	0	0	0	0.083914	0.000580	0.083914	0.000580	1.175796	0.008127
173	C	14275	348888	256615	0.055628	105428	8	348888	1015	887021	791730	0.001282	1378	2	886934	0	0	0	nan	0	0	0	0.054346	0.000467	0.054346	0.000467	0.761492	0.006544
174	G	2014	348888	284893	0.007069	105269	7	348888	1653	886356	802796	0.002059	1380	2	886268	0	0	0	nan	0	0	0	0.005010	0.000165	0.005010	0.000165	0.070200	0.002312
175	G	2173	348888	277918	0.007819	105115	7	348888	3448	885995	803337	0.004292	1377	2	885906	0	0	0	nan	0	0	0	0.003527	0.000183	0.003527	0.000183	0.049420	0.002564
176	C	7989	348888	254426	0.031400	105056	7	348888	2342	885626	778674	0.003008	1373	2	885537	0	0	0	nan	0	0	0	0.028392	0.000357	0.028392	0.000357	0.397826	0.005002
177	U	3416	348888	260629	0.013107	104950	7	348888	3575	885120	795903	0.004492	1369	2	885031	0	0	0	nan	0	0	0	0.008615	0.000237	0.008615	0.000237	0.120713	0.003321
178	C	13185	348888	268756	0.049059	104903	7	348888	2088	884940	792229	0.002636	1368	2	884851	0	0	0	nan	0	0	0	0.046424	0.000431	0.046424	0.000431	0.650489	0.006039
179	C	24460	348888	299370	0.081705	104826	7	348888	2401	884631	823003	0.002917	1367	2	884538	0	0	0	nan	0	0	0	0.078788	0.000526	0.078788	0.000526	1.103971	0.007370
180	C	24969	348888	272288	0.091701	104701	7	348888	1331	884205	824588	0.001614	1366	2	884112	0	0	0	nan	0	0	0	0.090087	0.000582	0.090087	0.000582	1.262292	0.008155
181	U	4065	348888	272362	0.014925	104558	7	348888	1147	883731	821323	0.001397	1367	2	883636	0	0	0	nan	0	0	0	0.013528	0.000238	0.013528	0.000238	0.189553	0.003335
182	G	6965	348888	275346	0.025295	104481	7	348888	5079	883408	827075	0.006141	1385	2	883308	0	0	0	nan	0	0	0	0.019155	0.000315	0.019155	0.000315	0.268398	0.004414
183	C	12445	348888	282289	0.044086	104425	6	348888	1512	883047	827188	0.001828	1501	2	882912	0	0	0	nan	0	0	0	0.042258	0.000398	0.042258	0.000398	0.592116	0.005577
184	U	3048	348888	283154	0.010764	104376	6	348888	950	882540	823014	0.001154	1676	2	882359	0	0	0	nan	0	0	0	0.009610	0.000199	0.009610	0.000199	0.134655	0.002788
185	G	3845	348888	281585	0.013655	104334	6	348888	3093	882186	814953	0.003795	1912	2	881940	0	0	0	nan	0	0	0	0.009860	0.000231	0.009860	0.000231	0.138158	0.003237
186	U	2958	348888	299248	0.009885	104303	6	348888	1509	881811	815482	0.001850	1944	2	881483	0	0	0	nan	0	0	0	0.008034	0.000188	0.008034	0.000188	0.112572	0.002634
187	U	2598	348888	303801	0.008552	104185	6	348888	3193	881647	825936	0.003866	2578	2	881136	0	0	0	nan	0	0	0	0.004686	0.000181	0.004686	0.000181	0.065660	0.002536
188	C	11267	348888	304869	0.036957	104817	4	348888	792	882268	832610	0.000951	5022	2	881032	0	0	0	nan	0	0	0	0.036006	0.000350	0.036006	0.000350	0.504513	0.004904
189	C	13878	348888	303625	0.045708	104675	3	348888	761	881501	815799	0.000933	5030	2	880256	0	0	0	nan	0	0	0	0.044775	0.000389	0.044775	0.000389	0.627384	0.005451
190	G	2340	348888	248653	0.009411	104552	3	348888	1394	880385	789563	0.001766	5032	2	879140	0	0	0	nan	0	0	0	0.007645	0.000200	0.007645	0.000200	0.107121	0.002802
191	A	22007	348888	248131	0.088691	104415	3	348888	943	879736	774968	0.001217	4990	2	878510	0	0	0	nan	0	0	0	0.087474	0.000599	0.087474	0.000599	1.225679	0.008393
192	G	1956	348888	244294	0.008007	104317	3	348888	979	879479	786535	0.001245	4993	2	878253	0	0	0	nan	0	0	0	0.006762	0.000185	0.006762	0.000185	0.094749	0.002592
193	U	3817	348888	273991	0.013931	104164	3	348888	829	879298	785417	0.001055	4989	2	878074	0	0	0	nan	0	0	0	0.012876	0.000228	0.012876	0.000228	0.180417	0.003195
194	A	16506	348888	268004	0.061589	104097	3	348888	671	878903	798714	0.000840	4980	2	877679	0	0	0	nan	0	0	0	0.060749	0.000480	0.060749	0.000480	0.851210	0.006726
195	A	25358	348888	278092	0.091186	103992	3	348888	701	878435	799960	0.000876	4977	2	877211	0	0	0	nan	0	0	0	0.090309	0.000574	0.090309	0.000574	1.265402	0.008043
196	C	22644	348888	279223	0.081096	103935	3	348888	668	877978	821839	0.000813	4976	2	876753	0	0	0	nan	0	0	0	0.080284	0.000540	0.080284	0.000540	1.124933	0.007566
197	C	17265	348888	281754	0.061277	103838	3	348888	463	877291	823354	0.000562	4977	2	876066	0	0	0	nan	0	0	0	0.060715	0.000467	0.060715	0.000467	0.850734	0.006544
198	A	13481	348888	270344	0.049866	103712	3	348888	434	876518	812434	0.000534	4970	2	875294	0	0	0	nan	0	0	0	0.049332	0.000430	0.049332	0.000430	0.691236	0.006025
199	U	5189	348888	267679	0.019385	103660	3	348888	1904	875975	808482	0.002355	4961	2	874751	0	0	0	nan	0	0	0	0.017030	0.000274	0.017030	0.000274	0.238623	0.003839
200	C	12937	348888	270311	0.047860	103582	3	348888	430	875582	804112	0.000535	4960	2	874358	0	0	0	nan	0	0	0	0.047325	0.000422	0.047325	0.000422	0.663114	0.005913
201	A	6457	348888	275498	0.023438	103476	3	348888	493	874958	796310	0.000619	4954	2	873735	0	0	0	nan	0	0	0	0.022818	0.000293	0.022818	0.000293	0.319724	0.004105
202	A	20221	348888	284626	0.071044	103211	2	348888	661	874100	799989	0.000826	4949	2	872877	0	0	0	nan	0	0	0	0.070218	0.000501	0.070218	0.000501	0.983889	0.007020
203	C	16343	348888	288766	0.056596	103022	2	348888	393	873158	794066	0.000495	4949	2	871934	0	0	0	nan	0	0	0	0.056101	0.000443	0.056101	0.000443	0.786083	0.006207
204	G	2505	348888	288304	0.008689	102593	2	348888	1521	871712	773239	0.001967	4934	2	870489	0	0	0	nan	0	0	0	0.006722	0.000181	0.006722	0.000181	0.094188	0.002536
205	G	1574	348888	236028	0.006669	102144	2	348888	1357	869517	746069	0.001819	4828	2	868298	0	0	0	nan	0	0	0	0.004850	0.000175	0.004850	0.000175	0.067958	0.002452
206	A	20783	348888	240097	0.086561	101799	2	348888	884	867849	723263	0.001222	4818	2	866633	0	0	0	nan	0	0	0	0.085339	0.000602	0.085339	0.000602	1.195763	0.008435
207	G	2926	348888	231363	0.012647	101688	2	348888	926	866314	720761	0.001285	4818	2	865097	0	0	0	nan	0	0	0	0.011362	0.000238	0.011362	0.000238	0.159203	0.003335
208	U	3981	348888	276159	0.014416	101497	2	348888	1216	865300	720138	0.001689	4817	2	864084	0	0	0	nan	0	0	0	0.012727	0.000234	0.012727	0.000234	0.178330	0.003279
209	G	2170	348888	274130	0.007916	101394	2	348888	705	864870	742724	0.000949	4815	2	863654	0	0	0	nan	0	0	0	0.006967	0.000174	0.006967	0.000174	0.097621	0.002438
210	A	21755	348888	298521	0.072876	101227	2	348888	684	864593	752890	0.000908	4812	2	863377	0	0	0	nan	0	0	0	0.071967	0.000495	0.071967	0.000495	1.008396	0.006936
211	C	22272	348888	302744	0.073567	101175	2	348888	639	864532	746545	0.000856	4812	2	863318	0	0	0	nan	0	0	0	0.072711	0.000494	0.072711	0.000494	1.018821	0.006922
212	C	13933	348888	304732	0.045722	101000	2	348888	986	864020	755800	0.001305	4809	2	862810	0	0	0	nan	0	0	0	0.044418	0.000390	0.044418	0.000390	0.622381	0.005465
213	G	2491	348888	297907	0.008362	100738	2	348888	1511	863144	737174	0.002050	4808	2	861959	0	0	0	nan	0	0	0	0.006312	0.000176	0.006312	0.000176	0.088443	0.002466
214	G	4410	348888	297732	0.014812	100167	2	348888	4006	859765	738942	0.005421	4798	3	858619	0	0	0	nan	0	0	0	0.009391	0.000239	0.009391	0.000239	0.131586	0.003349
215	C	14104	348888	281887	0.050034	99927	2	348888	2372	859222	740224	0.003204	4798	3	858091	0	0	0	nan	0	0	0	0.046830	0.000426	0.046830	0.000426	0.656178	0.005969
216	U	3935	348888	280338	0.014037	99419	4	348888	845	858298	741900	0.001139	4800	3	857185	0	0	0	nan	0	0	0	0.012898	0.000227	0.012898	0.000227	0.180726	0.003181
217	G	1926	348888	273664	0.007038	99301	4	348888	1207	857326	711765	0.001696	4800	3	856236	0	0	0	nan	0	0	0	0.005342	0.000168	0.005342	0.000168	0.074852	0.002354
218	G	3932	348888	283437	0.013873	99149	4	348888	4084	856662	711080	0.005743	4798	3	855580	0	0	0	nan	0	0	0	0.008129	0.000239	0.008129	0.000239	0.113903	0.003349
219	C	56253	348888	292800	0.192121	99056	4	348888	1762	856084	722116	0.002440	4770	3	855010	0	0	0	nan	0	0	0	0.189681	0.000812	0.189681	0.000812	2.657795	0.011378
220	G	2577	348888	305899	0.008424	98958	4	348888	1277	855475	731363	0.001746	4770	3	854419	0	0	0	nan	0	0	0	0.006678	0.000173	0.006678	0.000173	0.093572	0.002424
221	G	4535	348888	313390	0.014471	98830	4	348888	4123	854576	732500	0.005629	4771	3	853525	0	0	0	nan	0	0	0	0.008842	0.000232	0.008842	0.000232	0.123893	0.003251
222	C	4631	348888	304506	0.015208	98699	4	348888	1937	852725	709179	0.002731	4770	3	851676	0	0	0	nan	0	0	0	0.012477	0.000232	0.012477	0.000232	0.174827	0.003251
223	U	1749	348888	305904	0.005717	98565	4	348888	862	851119	715401	0.001205	4773	3	850075	0	0	0	nan	0	0	0	0.004513	0.000143	0.004513	0.000143	0.063236	0.002004
224	G	3462	348888	296278	0.011685	98452	4	348888	987	849958	700683	0.001409	4772	3	848921	0	0	0	nan	0	0	0	0.010276	0.000204	0.010276	0.000204	0.143986	0.002858
225	U	1993	348888	300226	0.006638	98298	4	348888	1102	848840	678074	0.001625	4766	3	847806	0	0	0	nan	0	0	0	0.005013	0.000157	0.005013	0.000157	0.070242	0.002200
226	G	2397	348888	296740	0.008078	98203	4	348888	2418	848125	682846	0.003541	4767	3	847094	0	0	0	nan	0	0	0	0.004537	0.000180	0.004537	0.000180	0.063572	0.002522
227	C	20022	348888	306191	0.065391	98120	4	348888	928	848129	682067	0.001361	4767	3	847106	0	0	0	nan	0	0	0	0.064030	0.000464	0.064030	0.000464	0.897183	0.006502
228	G	1981	348888	300271	0.006597	97600	4	348888	720	847872	724056	0.000994	4767	3	846859	0	0	0	nan	0	0	0	0.005603	0.000153	0.005603	0.000153	0.078509	0.002144
229	A	8228	348888	288340	0.028536	97508	4	348888	343	847509	714826	0.000480	4767	3	846499	0	0	0	nan	0	0	0	0.028056	0.000316	0.028056	0.000316	0.393118	0.004428
230	A	14103	348888	282924	0.049847	97387	4	348888	533	847015	726017	0.000734	4767	3	846023	0	0	0	nan	0	0	0	0.049113	0.000421	0.049113	0.000421	0.688167	0.005899
231	C	7544	348888	283879	0.026575	97296	4	348888	436	846357	705745	0.000618	4767	3	845377	0	0	0	nan	0	0	0	0.025957	0.000307	0.025957	0.000307	0.363707	0.004302
232	G	5500	348888	285441	0.019268	97145	4	348888	3436	845251	714694	0.004808	4768	3	844279	0	0	0	nan	0	0	0	0.014461	0.000272	0.014461	0.000272	0.202626	0.003811
233	C	4925	348888	281952	0.017468	97029	4	348888	915	844595	704317	0.001299	4768	3	843627	0	0	0	nan	0	0	0	0.016168	0.000253	0.016168	0.000253	0.226545	0.003545
234	A	25149	348888	279473	0.089987	96906	4	348888	674	843285	696364	0.000968	4768	3	842325	0	0	0	nan	0	0	0	0.089019	0.000569	0.089019	0.000569	1.247327	0.007973
235	U	5480	348888	276105	0.019848	96813	4	348888	834	842040	641074	0.001301	4765	3	841091	0	0	0	nan	0	0	0	0.018547	0.000272	0.018547	0.000272	0.259879	0.003811
236	U	7429	348888	269626	0.027553	96696	4	348888	1477	841137	636806	0.002319	4765	3	840192	0	0	0	nan	0	0	0	0.025234	0.000325	0.025234	0.000325	0.353577	0.004554
237	C	40787	348888	291229	0.140051	96578	4	348888	436	841414	641165	0.000680	4765	3	840482	0	0	0	nan	0	0	0	0.139371	0.000694	0.139371	0.000694	1.952855	0.009724
238	U	5374	348888	300375	0.017891	96533	4	348888	640	841834	696133	0.000919	4764	3	840914	0	0	0	nan	0	0	0	0.016972	0.000247	0.016972	0.000247	0.237810	0.003461
239	G	3396	348888	294635	0.011526	96466	4	348888	1247	842061	675830	0.001845	4762	3	841147	0	0	0	nan	0	0	0	0.009681	0.000205	0.009681	0.000205	0.135649	0.002872
240	G	3533	348888	295406	0.011960	96374	4	348888	3199	842437	691884	0.004624	4759	3	841530	0	0	0	nan	0	0	0	0.007336	0.000217	0.007336	0.000217	0.102791	0.003041
241	C	5062	348888	293624	0.017240	96280	4	348888	1174	842927	687698	0.001707	4591	3	842057	0	0	0	nan	0	0	0	0.015533	0.000247	0.015533	0.000247	0.217647	0.003461
242	G	2502	348888	288756	0.008665	96151	4	348888	1228	843509	687280	0.001787	4589	3	842652	0	0	0	nan	0	0	0	0.006878	0.000181	0.006878	0.000181	0.096374	0.002536
243	A	18105	348888	279238	0.064837	96030	4	348888	260	843369	637374	0.000408	4590	3	842520	0	0	0	nan	0	0	0	0.064429	0.000483	0.064429	0.000483	0.902774	0.006768
244	A	32055	348888	280569	0.114250	95903	4	348888	376	841642	621009	0.000605	4588	3	840803	0	0	0	nan	0	0	0	0.113645	0.000639	0.113645	0.000639	1.592385	0.008954
245	U	3169	348888	278979	0.011359	95808	4	348888	939	840952	625443	0.001501	4589	3	840116	0	0	0	nan	0	0	0	0.009858	0.000208	0.009858	0.000208	0.138129	0.002914
246	U	2872	348888	290432	0.009889	95672	4	348888	1600	840169	653413	0.002449	4590	3	839337	0	0	0	nan	0	0	0	0.007440	0.000194	0.007440	0.000194	0.104249	0.002718
247	C	3568	348888	296718	0.012025	95617	4	348888	570	838774	649166	0.000878	4589	3	837947	0	0	0	nan	0	0	0	0.011147	0.000205	0.011147	0.000205	0.156191	0.002872
248	U	1409	348888	297628	0.004734	95532	4	348888	905	836571	653144	0.001386	4590	5	835747	0	0	0	nan	0	0	0	0.003348	0.000134	0.003348	0.000134	0.046912	0.001878
249	C	4363	348888	294226	0.014829	95474	4	348888	537	834045	642343	0.000836	4588	5	833226	0	0	0	nan	0	0	0	0.013993	0.000227	0.013993	0.000227	0.196069	0.003181
250	A	7231	348888	300767	0.024042	95398	4	348888	357	830877	653825	0.000546	4589	5	830067	0	0	0	nan	0	0	0	0.023496	0.000284	0.023496	0.000284	0.329224	0.003979
251	C	17690	348888	302321	0.058514	95344	4	348888	537	828000	635423	0.000845	4589	5	827192	0	0	0	nan	0	0	0	0.057669	0.000441	0.057669	0.000441	0.808053	0.006179
252	G	2429	348888	302422	0.008032	95236	4	348888	997	826363	608652	0.001638	4593	5	825561	0	0	0	nan	0	0	0	0.006394	0.000171	0.006394	0.000171	0.089592	0.002396
253	G	3204	348888	282976	0.011323	95089	4	348888	2880	824481	575543	0.005004	4591	5	823683	0	0	0	nan	0	0	0	0.006319	0.000221	0.006319	0.000221	0.088541	0.003097
254	C	22252	348888	273104	0.081478	94982	4	348888	17557	825550	560200	0.031341	4591	5	824757	0	0	0	nan	0	0	0	0.050138	0.000595	0.050138	0.000595	0.702530	0.008337
255	U	2709	348888	266742	0.010156	94892	4	348888	890	826851	551426	0.001614	4612	8	826058	0	0	0	nan	0	0	0	0.008542	0.000202	0.008542	0.000202	0.119690	0.002830
256	U	4598	348888	272885	0.016850	94768	4	348888	653	826186	570043	0.001146	4608	8	825396	0	0	0	nan	0	0	0	0.015704	0.000252	0.015704	0.000252	0.220043	0.003531
257	U	5047	348888	278130	0.018146	94653	4	348888	2903	825253	602684	0.004817	4605	7	824464	0	0	0	nan	0	0	0	0.013329	0.000271	0.013329	0.000271	0.186765	0.003797
258	C	26648	348888	286769	0.092925	94490	4	348888	672	825081	643826	0.001044	4605	7	824296	0	0	0	nan	0	0	0	0.091881	0.000571	0.091881	0.000571	1.287429	0.008001
259	C	19840	348888	298157	0.066542	94251	4	348888	513	824021	649556	0.000790	4605	7	823240	0	0	0	nan	0	0	0	0.065752	0.000474	0.065752	0.000474	0.921312	0.006642
260	G	4210	348888	294298	0.014305	94008	4	348888	3365	821658	652006	0.005161	4605	7	820891	0	0	0	nan	0	0	0	0.009144	0.000238	0.009144	0.000238	0.128125	0.003335
261	C	4141	348888	287462	0.014405	93422	4	348888	1398	819238	634648	0.002203	4608	7	818471	0	0	0	nan	0	0	0	0.012203	0.000231	0.012203	0.000231	0.170987	0.003237
262	C	4592	348888	275794	0.016650	93092	4	348888	809	817463	636021	0.001272	4609	7	816702	0	0	0	nan	0	0	0	0.015378	0.000250	0.015378	0.000250	0.215475	0.003503
263	U	3207	348888	275297	0.011649	92864	4	348888	784	815556	624913	0.001255	4614	7	814808	0	0	0	nan	0	0	0	0.010395	0.000211	0.010395	0.000211	0.145654	0.002957
264	G	1052	348888	247293	0.004254	92658	4	348888	763	815856	558255	0.001367	4614	7	815115	0	0	0	nan	0	0	0	0.002887	0.000140	0.002887	0.000140	0.040452	0.001962
265	A	19772	348888	263118	0.075145	92375	4	348888	575	815471	580357	0.000991	4610	7	814743	0	0	0	nan	0	0	0	0.074154	0.000536	0.074154	0.000536	1.039040	0.007510
266	G	2667	348888	261787	0.010188	92290	4	348888	1629	818587	584531	0.002787	4610	7	817866	0	0	0	nan	0	0	0	0.007401	0.000209	0.007401	0.000209	0.103702	0.002928
267	G	3687	348888	292845	0.012590	92184	4	348888	2129	821425	673335	0.003162	4609	8	820708	0	0	0	nan	0	0	0	0.009428	0.000218	0.009428	0.000218	0.132104	0.003055
268	U	2425	348888	281767	0.008606	92066	4	348888	791	823722	647607	0.001221	4608	8	823006	0	0	0	nan	0	0	0	0.007385	0.000180	0.007385	0.000180	0.103478	0.002522
269	U	2092	348888	285124	0.007337	91959	4	348888	664	822985	656134	0.001012	4610	8	822275	0	0	0	nan	0	0	0	0.006325	0.000165	0.006325	0.000165	0.088625	0.002312
270	G	2228	348888	281211	0.007923	91778	5	348888	441	823500	627724	0.000703	4610	8	822794	0	0	0	nan	0	0	0	0.007220	0.000171	0.007220	0.000171	0.101166	0.002396
271	A	14527	348888	283406	0.051259	91638	7	348888	296	818352	597062	0.000496	4610	8	817651	0	0	0	nan	0	0	0	0.050763	0.000426	0.050763	0.000426	0.711287	0.005969
272	A	15128	348888	278305	0.054358	91492	7	348888	430	815520	561344	0.000766	4611	8	814822	0	0	0	nan	0	0	0	0.053592	0.000443	0.053592	0.000443	0.750927	0.006207
273	G	5985	348888	265531	0.022540	91406	7	348888	726	813592	527672	0.001376	4611	9	812899	0	0	0	nan	0	0	0	0.021164	0.000296	0.021164	0.000296	0.296548	0.004148
274	A	26262	348888	270229	0.097184	91299	7	348888	463	814675	536280	0.000863	4610	8	813992	0	0	0	nan	0	0	0	0.096321	0.000601	0.096321	0.000601	1.349642	0.008421
275	G	3088	348888	272635	0.011326	91247	7	348888	1783	817819	562443	0.003170	4610	8	817140	0	0	0	nan	0	0	0	0.008156	0.000217	0.008156	0.000217	0.114281	0.003041
276	C	6143	348888	287991	0.021331	91180	7	348888	869	826216	629203	0.001381	4609	8	825537	0	0	0	nan	0	0	0	0.019949	0.000276	0.019949	0.000276	0.279524	0.003867
277	A	18508	348888	291800	0.063427	91099	7	348888	279	836997	651488	0.000428	4607	8	836318	0	0	0	nan	0	0	0	0.062999	0.000467	0.062999	0.000467	0.882737	0.006544
278	A	19667	348888	299327	0.065704	91048	8	348888	373	842492	661772	0.000564	4608	8	841819	0	0	0	nan	0	0	0	0.065140	0.000469	0.065140	0.000469	0.912736	0.006572
279	G	2268	348888	300684	0.007543	91009	9	348888	2594	848655	674873	0.003844	4608	8	847985	0	0	0	nan	0	0	0	0.003699	0.000175	0.003699	0.000175	0.051830	0.002452
280	C	6089	348888	297679	0.020455	90959	9	348888	2104	851173	667352	0.003153	4608	8	850510	0	0	0	nan	0	0	0	0.017302	0.000271	0.017302	0.000271	0.242434	0.003797
281	C	17201	348888	296754	0.057964	90909	9	348888	662	852885	658891	0.001005	4610	8	852230	0	0	0	nan	0	0	0	0.056959	0.000444	0.056959	0.000444	0.798105	0.006221
282	G	10114	348888	293566	0.034452	90831	9	348888	59325	853678	688904	0.086115	4613	8	853032	0	0	0	nan	0	0	0	-0.051663	0.000492	nan	nan	nan	nan
283	C	6032	348888	290779	0.020744	90759	10	348888	2080	858465	687330	0.003026	4848	17	857800	0	0	0	nan	0	0	0	0.017718	0.000275	0.017718	0.000275	0.248263	0.003853
284	C	8924	348888	294502	0.030302	90619	10	348888	589	857626	705622	0.000835	4851	19	856974	0	0	0	nan	0	0	0	0.029467	0.000323	0.029467	0.000323	0.412889	0.004526
285	G	1158	348888	275340	0.004206	90498	10	348888	526	857766	681529	0.000772	4853	19	857124	0	0	0	nan	0	0	0	0.003434	0.000128	0.003434	0.000128	0.048117	0.001794
286	A	5578	348888	278843	0.020004	90320	10	348888	374	855516	692129	0.000540	4853	22	854880	0	0	0	nan	0	0	0	0.019464	0.000269	0.019464	0.000269	0.272728	0.003769
287	U	2219	348888	270479	0.008204	90208	10	348888	474	854351	661446	0.000717	4853	23	853718	0	0	0	nan	0	0	0	0.007487	0.000177	0.007487	0.000177	0.104907	0.002480
288	A	21946	348888	277748	0.079014	90086	11	348888	536	854902	692684	0.000774	4853	23	854274	0	0	0	nan	0	0	0	0.078240	0.000534	0.078240	0.000534	1.096293	0.007482
289	C	34920	348888	281775	0.123929	90000	11	348888	331	856262	669087	0.000495	4852	24	855636	0	0	0	nan	0	0	0	0.123434	0.000664	0.123434	0.000664	1.729547	0.009304
290	A	29282	348888	284439	0.102947	89958	11	348888	476	856135	674250	0.000706	4857	24	855518	0	0	0	nan	0	0	0	0.102241	0.000602	0.102241	0.000602	1.432593	0.008435
291	U	4653	348888	279528	0.016646	89909	11	348888	1182	858994	647412	0.001826	4856	24	858380	0	0	0	nan	0	0	0	0.014820	0.000250	0.014820	0.000250	0.207657	0.003503
292	U	3995	348888	285009	0.014017	89814	11	348888	1196	861319	662472	0.001805	4856	24	860711	0	0	0	nan	0	0	0	0.012212	0.000228	0.012212	0.000228	0.171114	0.003195
293	G	3640	348888	292487	0.012445	89758	11	348888	2766	864001	697511	0.003966	4855	24	863395	0	0	0	nan	0	0	0	0.008479	0.000220	0.008479	0.000220	0.118807	0.003083
294	C	10617	348888	305946	0.034702	89641	11	348888	1240	866151	711676	0.001742	4855	24	865547	0	0	0	nan	0	0	0	0.032960	0.000340	0.032960	0.000340	0.461833	0.004764
295	C	9485	348888	301282	0.031482	89436	11	348888	384	821409	653928	0.000587	4859	25	820810	0	0	0	nan	0	0	0	0.030895	0.000325	0.030895	0.000325	0.432898	0.004554
296	U	3193	348888	283110	0.011278	89083	11	348888	710	783536	601288	0.001181	4858	25	782939	0	0	0	nan	0	0	0	0.010098	0.000204	0.010098	0.000204	0.141492	0.002858
297	A	30561	348888	283607	0.107758	88781	11	348888	375	784017	575514	0.000652	4858	25	783424	0	0	0	nan	0	0	0	0.107107	0.000617	0.107107	0.000617	1.500775	0.008645
298	U	6234	348888	285344	0.021847	88513	11	348888	1515	785860	616817	0.002456	4858	25	785267	0	0	0	nan	0	0	0	0.019391	0.000284	0.019391	0.000284	0.271705	0.003979
299	G	1586	348888	280781	0.005649	88088	11	348888	401	787904	624704	0.000642	4859	25	787316	0	0	0	nan	0	0	0	0.005007	0.000145	0.005007	0.000145	0.070158	0.002032
300	U	3767	348888	285290	0.013204	87682	11	348888	2625	789586	669576	0.003920	4858	25	788999	0	0	0	nan	0	0	0	0.009284	0.000228	0.009284	0.000228	0.130087	0.003195
301	C	12034	348888	276590	0.043508	87170	11	348888	610	791354	663313	0.000920	4858	27	790768	0	0	0	nan	0	0	0	0.042589	0.000398	0.042589	0.000398	0.596754	0.005577
302	C	9304	348888	266222	0.034948	86713	11	348888	418	792812	635981	0.000657	4857	27	792232	0	0	0	nan	0	0	0	0.034291	0.000364	0.034291	0.000364	0.480483	0.005100
303	U	2546	348888	260997	0.009755	86178	11	348888	1087	793797	642226	0.001693	4857	27	793223	0	0	0	nan	0	0	0	0.008062	0.000200	0.008062	0.000200	0.112964	0.002802
304	G	2613	348888	256458	0.010189	85812	11	348888	2845	794818	617808	0.004605	4856	27	794250	0	0	0	nan	0	0	0	0.005584	0.000217	0.005584	0.000217	0.078243	0.003041
305	C	23360	348888	273408	0.085440	85374	11	348888	722	796091	668252	0.001080	4856	30	795524	0	0	0	nan	0	0	0	0.084360	0.000560	0.084360	0.000560	1.182046	0.007847
306	G	3500	348888	254573	0.013749	85027	11	348888	2923	797537	638718	0.004576	4856	30	796973	0	0	0	nan	0	0	0	0.009172	0.000247	0.009172	0.000247	0.128517	0.003461
307	C	6450	348888	250199	0.025779	84626	11	348888	1104	798445	663301	0.001664	4856	30	797882	0	0	0	nan	0	0	0	0.024115	0.000325	0.024115	0.000325	0.337897	0.004554
308	A	13979	348888	242293	0.057695	84325	11	348888	461	800311	657943	0.000701	4853	30	799751	0	0	0	nan	0	0	0	0.056994	0.000489	0.056994	0.000489	0.798595	0.006852
309	C	15113	348888	246170	0.061393	83804	11	348888	276	801643	702811	0.000393	4852	33	801085	0	0	0	nan	0	0	0	0.061000	0.000500	0.061000	0.000500	0.854727	0.007006
310	A	13161	348888	237443	0.055428	83378	11	348888	240	803184	689703	0.000348	4849	33	802628	0	0	0	nan	0	0	0	0.055080	0.000484	0.055080	0.000484	0.771777	0.006782
311	A	26975	348888	248232	0.108669	82667	11	348888	555	804232	703951	0.000788	4849	33	803680	0	0	0	nan	0	0	0	0.107880	0.000662	0.107880	0.000662	1.511606	0.009276
312	G	10570	348888	254508	0.041531	82278	11	348888	1238	805588	663714	0.001865	4849	33	805042	0	0	0	nan	0	0	0	0.039666	0.000407	0.039666	0.000407	0.555797	0.005703
313	A	20219	348888	255366	0.079177	81707	12	348888	620	806202	650227	0.000954	4849	33	805659	0	0	0	nan	0	0	0	0.078223	0.000558	0.078223	0.000558	1.096054	0.007819
314	A	15004	348888	245536	0.061107	81351	12	348888	258	806923	568718	0.000454	4849	33	806383	0	0	0	nan	0	0	0	0.060653	0.000500	0.060653	0.000500	0.849865	0.007006
315	A	9761	348888	257375	0.037925	81171	12	348888	506	807695	593595	0.000852	4849	32	807162	0	0	0	nan	0	0	0	0.037073	0.000386	0.037073	0.000386	0.519464	0.005409
316	G	1757	348888	267780	0.006561	80998	12	348888	2082	809931	613774	0.003392	4849	36	809403	0	0	0	nan	0	0	0	0.003169	0.000173	0.003169	0.000173	0.044404	0.002424
317	C	2027	348888	295572	0.006858	80746	12	348888	1129	811072	717334	0.001574	4849	37	810547	0	0	0	nan	0	0	0	0.005284	0.000159	0.005284	0.000159	0.074039	0.002228
318	G	4357	348888	293833	0.014828	80311	12	348888	2184	813364	711796	0.003068	4850	38	812846	0	0	0	nan	0	0	0	0.011760	0.000234	0.011760	0.000234	0.164780	0.003279
319	G	1177	348888	287551	0.004093	79937	12	348888	805	815055	714953	0.001126	4850	38	814551	0	0	0	nan	0	0	0	0.002967	0.000126	0.002967	0.000126	0.041573	0.001766
320	U	2632	348888	277954	0.009469	79499	12	348888	665	816086	700587	0.000949	4852	38	815589	0	0	0	nan	0	0	0	0.008520	0.000188	0.008520	0.000188	0.119382	0.002634
321	A	15409	348888	268195	0.057454	78846	12	348888	590	816591	681854	0.000865	4853	38	816102	0	0	0	nan	0	0	0	0.056589	0.000464	0.056589	0.000464	0.792920	0.006502
322	U	2850	348888	273384	0.010425	78348	12	348888	659	817137	695753	0.000947	4853	38	816651	0	0	0	nan	0	0	0	0.009478	0.000199	0.009478	0.000199	0.132805	0.002788
323	G	1344	348888	268551	0.005005	77968	12	348888	667	817624	684261	0.000975	4853	38	817142	0	0	0	nan	0	0	0	0.004030	0.000142	0.004030	0.000142	0.056468	0.001990
324	G	1016	348888	259195	0.003920	77641	12	348888	762	818189	654308	0.001165	4853	38	817717	0	0	0	nan	0	0	0	0.002755	0.000130	0.002755	0.000130	0.038603	0.001822
325	A	10047	348888	250458	0.040115	77381	12	348888	551	818877	650202	0.000847	4853	38	818410	0	0	0	nan	0	0	0	0.039267	0.000402	0.039267	0.000402	0.550206	0.005633
326	C	7874	348888	251081	0.031360	77214	12	348888	838	820590	665921	0.001258	4853	38	820126	0	0	0	nan	0	0	0	0.030102	0.000356	0.030102	0.000356	0.421787	0.004988
327	C	25106	348888	263039	0.095446	77077	12	348888	842	822048	728136	0.001156	4854	38	821590	0	0	0	nan	0	0	0	0.094290	0.000604	0.094290	0.000604	1.321184	0.008463
328	G	1846	348888	264762	0.006972	76957	12	348888	1606	823356	729138	0.002203	4858	41	822901	0	0	0	nan	0	0	0	0.004770	0.000171	0.004770	0.000171	0.066837	0.002396
329	G	2861	348888	259732	0.011015	76801	12	348888	3307	824523	733451	0.004509	4856	41	824069	0	0	0	nan	0	0	0	0.006506	0.000220	0.006506	0.000220	0.091162	0.003083
330	C	11759	348888	258325	0.045520	76617	12	348888	1475	825600	729939	0.002021	4857	41	825149	0	0	0	nan	0	0	0	0.043499	0.000423	0.043499	0.000423	0.609504	0.005927
331	A	25990	348888	268218	0.096899	76352	12	348888	670	826608	742361	0.000903	4854	41	826162	0	0	0	nan	0	0	0	0.095996	0.000602	0.095996	0.000602	1.345088	0.008435
332	C	35005	348888	281444	0.124376	76114	12	348888	1455	827324	750326	0.001939	4854	42	826879	0	0	0	nan	0	0	0	0.122437	0.000667	0.122437	0.000667	1.715577	0.009346
333	C	13312	348888	284101	0.046857	75864	13	348888	482	827706	741809	0.000650	4856	44	827264	0	0	0	nan	0	0	0	0.046207	0.000407	0.046207	0.000407	0.647449	0.005703
334	C	6526	348888	268932	0.024266	75596	13	348888	548	828048	687973	0.000797	4857	44	827610	0	0	0	nan	0	0	0	0.023470	0.000302	0.023470	0.000302	0.328860	0.004232
335	A	10154	348888	273706	0.037098	75357	13	348888	370	828312	692006	0.000535	4856	44	827880	0	0	0	nan	0	0	0	0.036564	0.000369	0.036564	0.000369	0.512332	0.005170
336	G	2130	348888	276602	0.007701	75233	14	348888	2558	828693	693197	0.003690	4856	44	828270	0	0	0	nan	0	0	0	0.004010	0.000182	0.004010	0.000182	0.056188	0.002550
337	C	3010	348888	295073	0.010201	74974	14	348888	1268	829131	735724	0.001723	4856	44	828710	0	0	0	nan	0	0	0	0.008477	0.000192	0.008477	0.000192	0.118779	0.002690
338	C	10750	348888	298062	0.036066	74719	14	348888	505	829623	720330	0.000701	4859	48	829207	0	0	0	nan	0	0	0	0.035365	0.000349	0.035365	0.000349	0.495532	0.004890
339	G	4704	348888	285218	0.016493	74576	14	348888	3480	830420	683407	0.005092	4859	47	830010	0	0	0	nan	0	0	0	0.011401	0.000255	0.011401	0.000255	0.159750	0.003573
340	C	21771	348888	263845	0.082514	74250	14	348888	8972	831421	584432	0.015352	4835	47	831018	0	0	0	nan	0	0	0	0.067163	0.000582	0.067163	0.000582	0.941083	0.008155
341	U	2136	348888	260349	0.008204	74123	14	348888	3175	832074	589668	0.005384	4835	47	831675	0	0	0	nan	0	0	0	0.002820	0.000202	0.002820	0.000202	0.039514	0.002830
342	U	2012	348888	271699	0.007405	73943	14	348888	780	833627	617865	0.001262	4835	47	833238	0	0	0	nan	0	0	0	0.006143	0.000171	0.006143	0.000171	0.086075	0.002396
343	G	2804	348888	302908	0.009257	73765	14	348888	780	834691	751614	0.001038	4831	47	834306	0	0	0	nan	0	0	0	0.008219	0.000179	0.008219	0.000179	0.115164	0.002508
344	U	3094	348888	312013	0.009916	73608	14	348888	795	835078	760196	0.001046	4832	47	834694	0	0	0	nan	0	0	0	0.008870	0.000182	0.008870	0.000182	0.124286	0.002550
345	G	2161	348888	304599	0.007095	73483	14	348888	1941	835669	738531	0.002628	4832	47	835288	0	0	0	nan	0	0	0	0.004466	0.000164	0.004466	0.000164	0.062577	0.002298
346	C	9349	348888	301455	0.031013	73305	14	348888	4121	836072	716118	0.005755	4832	48	835692	0	0	0	nan	0	0	0	0.025258	0.000333	0.025258	0.000333	0.353913	0.004666
347	U	3188	348888	291437	0.010939	73159	14	348888	1231	836442	700073	0.001758	4833	48	836066	0	0	0	nan	0	0	0	0.009181	0.000200	0.009181	0.000200	0.128643	0.002802
348	U	3547	348888	289325	0.012260	72934	14	348888	878	837043	696391	0.001261	4834	49	836673	0	0	0	nan	0	0	0	0.010999	0.000210	0.010999	0.000210	0.154117	0.002943
349	C	15079	348888	288490	0.052269	72521	14	348888	499	837666	715298	0.000698	4838	49	837303	0	0	0	nan	0	0	0	0.051571	0.000427	0.051571	0.000427	0.722609	0.005983
350	A	13846	348888	294614	0.046997	72067	14	348888	438	837947	728296	0.000601	4838	49	837589	0	0	0	nan	0	0	0	0.046396	0.000400	0.046396	0.000400	0.650097	0.005605
351	G	1836	348888	289869	0.006334	71850	14	348888	1982	838769	722198	0.002744	4840	49	838413	0	0	0	nan	0	0	0	0.003589	0.000160	0.003589	0.000160	0.050289	0.002242
352	C	11545	348888	274203	0.042104	71449	14	348888	1366	839281	699466	0.001953	4840	49	838926	0	0	0	nan	0	0	0	0.040151	0.000395	0.040151	0.000395	0.562593	0.005535
353	U	3822	348888	262979	0.014533	70892	14	348888	1502	839822	672218	0.002234	4843	51	839472	0	0	0	nan	0	0	0	0.012299	0.000242	0.012299	0.000242	0.172333	0.003391
354	C	12813	348888	264982	0.048354	70505	14	348888	760	841219	689548	0.001102	4847	55	840871	0	0	0	nan	0	0	0	0.047252	0.000429	0.047252	0.000429	0.662091	0.006011
355	G	4007	348888	271460	0.014761	70025	14	348888	2357	842242	727194	0.003241	4838	55	841901	0	0	0	nan	0	0	0	0.011520	0.000243	0.011520	0.000243	0.161417	0.003405
356	C	21330	348888	264459	0.080655	69570	14	348888	912	843145	706044	0.001292	4837	56	842813	0	0	0	nan	0	0	0	0.079364	0.000554	0.079364	0.000554	1.112042	0.007763
357	A	18304	348888	243658	0.075122	69079	14	348888	300	843932	583539	0.000514	4830	57	843607	0	0	0	nan	0	0	0	0.074608	0.000556	0.074608	0.000556	1.045401	0.007791
358	U	5115	348888	250135	0.020449	68828	14	348888	1569	844918	590516	0.002657	4831	57	844594	0	0	0	nan	0	0	0	0.017792	0.000294	0.017792	0.000294	0.249300	0.004120
359	C	16189	348888	249744	0.064822	68702	14	348888	345	847309	616673	0.000559	4834	57	846988	0	0	0	nan	0	0	0	0.064263	0.000510	0.064263	0.000510	0.900448	0.007146
360	A	9936	348888	276402	0.035948	68427	14	348888	381	848639	757865	0.000503	4823	57	848322	0	0	0	nan	0	0	0	0.035445	0.000362	0.035445	0.000362	0.496652	0.005072
361	A	18171	348888	282871	0.064238	68032	14	348888	279	850368	772768	0.000361	4825	60	850052	0	0	0	nan	0	0	0	0.063877	0.000477	0.063877	0.000477	0.895039	0.006684
362	C	16752	348888	290911	0.057585	67843	14	348888	356	854348	787110	0.000452	4833	60	854035	0	0	0	nan	0	0	0	0.057132	0.000446	0.057132	0.000446	0.800529	0.006249
363	G	2355	348888	287922	0.008179	67552	14	348888	623	855453	759000	0.000821	4829	62	855146	0	0	0	nan	0	0	0	0.007358	0.000172	0.007358	0.000172	0.103100	0.002410
364	U	3996	348888	282778	0.014131	67198	14	348888	3503	855916	735229	0.004765	4829	62	855612	0	0	0	nan	0	0	0	0.009367	0.000238	0.009367	0.000238	0.131250	0.003335
365	C	19851	348888	269326	0.073706	66627	14	348888	380	856297	662509	0.000574	4821	62	855996	0	0	0	nan	0	0	0	0.073133	0.000524	0.073133	0.000524	1.024734	0.007342
366	U	4304	348888	270078	0.015936	66388	14	348888	602	856522	665186	0.000905	4821	61	856226	0	0	0	nan	0	0	0	0.015031	0.000246	0.015031	0.000246	0.210613	0.003447
367	A	15941	348888	261668	0.060921	65727	14	348888	312	857030	624511	0.000500	4813	61	856743	0	0	0	nan	0	0	0	0.060421	0.000483	0.060421	0.000483	0.846614	0.006768
368	A	30016	348888	285398	0.105172	65179	13	348888	1360	857465	698065	0.001948	4812	64	857182	0	0	0	nan	0	0	0	0.103224	0.000609	0.103224	0.000609	1.446366	0.008533
369	G	1430	348888	292410	0.004890	65096	13	348888	756	859869	722021	0.001047	4821	66	859598	0	0	0	nan	0	0	0	0.003843	0.000135	0.003843	0.000135	0.053848	0.001892
370	G	2438	348888	302919	0.008048	64542	13	348888	2465	861854	782869	0.003149	4819	66	861593	0	0	0	nan	0	0	0	0.004900	0.000175	0.004900	0.000175	0.068658	0.002452
371	C	10956	348888	303173	0.036138	64093	13	348888	2008	862891	792595	0.002533	4822	66	862635	0	0	0	nan	0	0	0	0.033604	0.000350	0.033604	0.000350	0.470857	0.004904
372	C	17953	348888	308149	0.058261	63166	13	348888	545	863706	778639	0.000700	4824	67	863461	0	0	0	nan	0	0	0	0.057561	0.000436	0.057561	0.000436	0.806540	0.006109
373	G	2972	348888	311189	0.009550	62954	15	348888	3739	864702	791580	0.004723	4825	68	864464	0	0	0	nan	0	0	0	0.004827	0.000191	0.004827	0.000191	0.067636	0.002676
374	C	3220	348888	315364	0.010210	62408	15	348888	1177	865395	804908	0.001462	4825	69	865164	0	0	0	nan	0	0	0	0.008748	0.000185	0.008748	0.000185	0.122576	0.002592
375	G	779	348888	318685	0.002444	61606	15	348888	619	866269	829345	0.000746	4825	69	866051	0	0	0	nan	0	0	0	0.001698	0.000093	0.001698	0.000093	0.023792	0.001303
376	A	4761	348888	312691	0.015226	61186	15	348888	299	866847	816401	0.000366	4825	72	866638	0	0	0	nan	0	0	0	0.014860	0.000222	0.014860	0.000222	0.208217	0.003111
377	C	3876	348888	291936	0.013277	59907	15	348888	361	867120	748645	0.000482	4824	72	866915	0	0	0	nan	0	0	0	0.012795	0.000215	0.012795	0.000215	0.179283	0.003013
378	U	4335	348888	285303	0.015194	59263	15	348888	3368	867410	727009	0.004633	4823	72	867211	0	0	0	nan	0	0	0	0.010562	0.000244	0.010562	0.000244	0.147994	0.003419
379	C	26705	348888	275369	0.096979	57822	15	348888	632	867810	697920	0.000906	4821	73	867620	0	0	0	nan	0	0	0	0.096073	0.000595	0.096073	0.000595	1.346167	0.008337
380	U	6276	348888	280037	0.022411	57562	15	348888	1253	867957	722882	0.001733	4821	73	867777	0	0	0	nan	0	0	0	0.020678	0.000287	0.020678	0.000287	0.289738	0.004021
381	A	35581	348888	284986	0.124852	56356	15	348888	942	868760	737162	0.001278	4818	73	868590	0	0	0	nan	0	0	0	0.123574	0.000663	0.123574	0.000663	1.731509	0.009290
382	G	6811	348888	295026	0.023086	56225	15	348888	878	870294	745388	0.001178	4817	74	870130	0	0	0	nan	0	0	0	0.021908	0.000283	0.021908	0.000283	0.306973	0.003965
383	A	10439	348888	305500	0.034170	54758	15	348888	466	873653	769088	0.000606	4819	74	873497	0	0	0	nan	0	0	0	0.033564	0.000336	0.033564	0.000336	0.470296	0.004708
384	G	643	348888	280643	0.002291	54708	15	348888	286	876917	671076	0.000426	4819	74	876768	0	0	0	nan	0	0	0	0.001865	0.000094	0.001865	0.000094	0.026132	0.001317
385	U	717	348888	291120	0.002463	53530	15	348888	1539	878740	704230	0.002185	4814	74	878594	0	0	0	nan	0	0	0	0.000278	0.000108	0.000278	0.000108	0.003895	0.001513
386	C	1291	348888	289322	0.004462	53378	15	348888	430	881603	690985	0.000622	4814	74	881463	0	0	0	nan	0	0	0	0.003840	0.000128	0.003840	0.000128	0.053806	0.001794
387	G	2103	348888	316662	0.006641	52344	15	348888	2235	884393	789794	0.002830	4810	75	884261	0	0	0	nan	0	0	0	0.003811	0.000157	0.003811	0.000157	0.053399	0.002200
388	C	3397	348888	291360	0.011659	51421	15	348888	2214	886436	693296	0.003193	4808	75	886312	0	0	0	nan	0	0	0	0.008466	0.000211	0.008466	0.000211	0.118625	0.002957
389	U	4904	348888	291492	0.016824	49549	15	348888	2184	887047	692298	0.003155	4807	75	886928	0	0	0	nan	0	0	0	0.013669	0.000250	0.013669	0.000250	0.191529	0.003503
390	C	23609	348888	293288	0.080498	48946	15	348888	578	889109	704201	0.000821	4807	76	889000	0	0	0	nan	0	0	0	0.079677	0.000525	0.079677	0.000525	1.116428	0.007356
391	G	2907	348888	319339	0.009103	47392	15	348888	612	891449	806978	0.000758	4806	76	891351	0	0	0	nan	0	0	0	0.008345	0.000172	0.008345	0.000172	0.116929	0.002410
392	A	30931	348888	328996	0.094016	44323	15	348888	466	892439	832224	0.000560	4749	75	892349	0	0	0	nan	0	0	0	0.093456	0.000535	0.093456	0.000535	1.309498	0.007496
393	G	3443	348888	324039	0.010625	44155	15	348888	2079	892432	792565	0.002623	4748	75	892349	0	0	0	nan	0	0	0	0.008002	0.000190	0.008002	0.000190	0.112123	0.002662
394	G	6432	348888	328883	0.019557	42385	15	348888	27606	892407	810430	0.034063	4738	75	892349	0	0	0	nan	0	0	0	-0.014506	0.000319	-0.014506	0.000319	-0.203257	0.004470
395	G	0	348888	333697	0.000000	39808	15	348888	0	892394	818910	0.000000	4737	75	892349	0	0	0	nan	0	0	0	0.000000	0.000000	0.000000	0.000000	0.000000	0.000000
396	c	0	348888	0	nan	35404	15	348888	0	892388	0	nan	4724	75	892349	0	0	0	nan	0	0	0	nan	nan	nan	nan	nan	nan
397	u	0	348888	0	nan	35296	15	348888	0	892375	0	nan	4723	75	892349	0	0	0	nan	0	0	0	nan	nan	nan	nan	nan	nan
398	g	0	348888	0	nan	32937	15	348888	0	892372	0	nan	4722	75	892349	0	0	0	nan	0	0	0	nan	nan	nan	nan	nan	nan
399	g	0	348888	0	nan	28197	15	348888	0	892371	0	nan	4709	75	892349	0	0	0	nan	0	0	0	nan	nan	nan	nan	nan	nan
400	u	0	348888	0	nan	28171	15	348888	0	892366	0	nan	4705	75	892349	0	0	0	nan	0	0	0	nan	nan	nan	nan	nan	nan
401	a	0	348888	0	nan	24473	15	348888	0	892362	0	nan	4695	75	892349	0	0	0	nan	0	0	0	nan	nan	nan	nan	nan	nan
402	c	0	348888	0	nan	24460	15	348888	0	892361	0	nan	4685	75	892349	0	0	0	nan	0	0	0	nan	nan	nan	nan	nan	nan
403	c	0	348888	0	nan	22413	15	348888	0	892357	0	nan	4662	75	892349	0	0	0	nan	0	0	0	nan	nan	nan	nan	nan	nan
404	g	0	348888	0	nan	22401	15	348888	0	892349	0	nan	4645	75	892349	0	0	0	nan	0	0	0	nan	nan	nan	nan	nan	nan
405	u	0	348255	0	nan	22399	15	348255	0	892314	0	nan	4645	75	892314	0	0	0	nan	0	0	0	nan	nan	nan	nan	nan	nan
406	u	0	347832	0	nan	22398	15	347832	0	892174	0	nan	4645	75	892174	0	0	0	nan	0	0	0	nan	nan	nan	nan	nan	nan
407	g	0	347141	0	nan	22394	15	347141	0	877155	0	nan	4644	75	877155	0	0	0	nan	0	0	0	nan	nan	nan	nan	nan	nan
408	c	0	347096	0	nan	22394	15	347096	0	877018	0	nan	4644	75	877018	0	0	0	nan	0	0	0	nan	nan	nan	nan	nan	nan
409	u	0	345613	0	nan	22389	15	345613	0	876220	0	nan	4644	75	876220	0	0	0	nan	0	0	0	nan	nan	nan	nan	nan	nan
410	a	0	345596	0	nan	22387	15	345596	0	876178	0	nan	4644	75	876178	0	0	0	nan	0	0	0	nan	nan	nan	nan	nan	nan
411	g	0	345417	0	nan	22366	15	345417	0	876034	0	nan	4644	75	876034	0	0	0	nan	0	0	0	nan	nan	nan	nan	nan	nan
412	c	0	345283	0	nan	22353	15	345283	0	875770	0	nan	4643	75	875770	0	0	0	nan	0	0	0	nan	nan	nan	nan	nan	nan
413	a	0	344950	0	nan	22325	15	344950	0	875323	0	nan	4635	74	875323	0	0	0	nan	0	0	0	nan	nan	nan	nan	nan	nan
414	c	0	343553	0	nan	22216	15	343553	0	874094	0	nan	4629	74	874094	0	0	0	nan	0	0	0	nan	nan	nan	nan	nan	nan