Nucleotide	Sequence	Modified_mutations	Modified_read_depth	Modified_effective_depth	Modified_rate	Modified_off_target_mapped_depth	Modified_low_mapq_mapped_depth	Modified_primer_pair_1_mapped_depth	Untreated_mutations	Untreated_read_depth	Untreated_effective_depth	Untreated_rate	Untreated_off_target_mapped_depth	Untreated_low_mapq_mapped_depth	Untreated_primer_pair_1_mapped_depth	Denatured_mutations	Denatured_read_depth	Denatured_effective_depth	Denatured_rate	Denatured_off_target_mapped_depth	Denatured_low_mapq_mapped_depth	Denatured_primer_pair_1_mapped_depth	Reactivity_profile	Std_err	HQ_profile	HQ_stderr	Norm_profile	Norm_stderr
1	c	0	454458	0	nan	134940	32	454458	0	4149483	0	nan	7676	227	4149483	0	0	0	nan	0	0	0	nan	nan	nan	nan	nan	nan
2	c	0	456889	0	nan	135786	32	456889	0	4162850	0	nan	7703	228	4162850	0	0	0	nan	0	0	0	nan	nan	nan	nan	nan	nan
3	g	0	457861	0	nan	136045	32	457861	0	4168969	0	nan	7718	229	4168969	0	0	0	nan	0	0	0	nan	nan	nan	nan	nan	nan
4	a	0	458195	0	nan	136089	32	458195	0	4169856	0	nan	7719	229	4169856	0	0	0	nan	0	0	0	nan	nan	nan	nan	nan	nan
5	g	0	458635	0	nan	136189	32	458635	0	4171777	0	nan	7724	229	4171777	0	0	0	nan	0	0	0	nan	nan	nan	nan	nan	nan
6	u	0	458895	0	nan	136259	32	458895	0	4172018	0	nan	7724	229	4172018	0	0	0	nan	0	0	0	nan	nan	nan	nan	nan	nan
7	a	0	458941	0	nan	136266	32	458941	0	4172076	0	nan	7725	229	4172076	0	0	0	nan	0	0	0	nan	nan	nan	nan	nan	nan
8	a	0	459074	0	nan	136274	32	459074	0	4172205	0	nan	7725	229	4172205	0	0	0	nan	0	0	0	nan	nan	nan	nan	nan	nan
9	c	0	459174	0	nan	136288	32	459174	0	4172546	0	nan	7725	229	4172546	0	0	0	nan	0	0	0	nan	nan	nan	nan	nan	nan
10	c	0	459253	0	nan	136289	32	459253	0	4172581	0	nan	7725	229	4172581	0	0	0	nan	0	0	0	nan	nan	nan	nan	nan	nan
11	a	0	459311	0	nan	136290	32	459311	0	4172604	0	nan	7726	229	4172604	0	0	0	nan	0	0	0	nan	nan	nan	nan	nan	nan
12	u	0	459311	0	nan	136359	32	459311	0	4172608	0	nan	7739	229	4172604	0	0	0	nan	0	0	0	nan	nan	nan	nan	nan	nan
13	c	0	459311	0	nan	136396	32	459311	0	4172613	0	nan	7745	229	4172604	0	0	0	nan	0	0	0	nan	nan	nan	nan	nan	nan
14	a	0	459311	0	nan	136423	32	459311	0	4172615	0	nan	7750	229	4172604	0	0	0	nan	0	0	0	nan	nan	nan	nan	nan	nan
15	a	0	459311	0	nan	136495	32	459311	0	4172617	0	nan	7755	229	4172604	0	0	0	nan	0	0	0	nan	nan	nan	nan	nan	nan
16	c	0	459311	0	nan	136549	32	459311	0	4172619	0	nan	7764	229	4172604	0	0	0	nan	0	0	0	nan	nan	nan	nan	nan	nan
17	g	0	459311	0	nan	136628	32	459311	0	4172622	0	nan	7786	230	4172604	0	0	0	nan	0	0	0	nan	nan	nan	nan	nan	nan
18	g	0	459311	0	nan	136672	32	459311	0	4172632	0	nan	7827	230	4172604	0	0	0	nan	0	0	0	nan	nan	nan	nan	nan	nan
19	a	0	459311	0	nan	136730	32	459311	0	4172675	0	nan	7982	230	4172604	0	0	0	nan	0	0	0	nan	nan	nan	nan	nan	nan
20	g	0	459311	0	nan	136773	32	459311	0	4172741	0	nan	8501	230	4172604	0	0	0	nan	0	0	0	nan	nan	nan	nan	nan	nan
21	U	0	459311	437987	0.000000	136797	32	459311	12	4172784	3883513	0.000003	8799	230	4172604	0	0	0	nan	0	0	0	-0.000003	0.000001	-0.000003	0.000001	-0.000039	0.000013
22	G	2770	459311	420731	0.006584	136871	32	459311	2548	4172860	3837088	0.000664	9654	230	4172604	0	0	0	nan	0	0	0	0.005920	0.000126	0.005920	0.000126	0.077593	0.001651
23	A	32298	459311	423204	0.076318	136917	32	459311	5577	4172946	3868479	0.001442	10513	230	4172604	0	0	0	nan	0	0	0	0.074876	0.000425	0.074876	0.000425	0.981389	0.005570
24	C	31672	459311	424499	0.074610	136960	32	459311	1560	4172781	3985861	0.000391	11737	231	4172291	0	0	0	nan	0	0	0	0.074219	0.000419	0.074219	0.000419	0.972778	0.005492
25	C	19944	459311	431005	0.046273	136977	32	459311	3683	4172044	4070346	0.000905	11956	231	4171534	0	0	0	nan	0	0	0	0.045368	0.000328	0.045368	0.000328	0.594632	0.004299
26	G	2735	459311	429661	0.006365	136663	32	459311	6370	4167093	4003540	0.001591	12527	231	4166520	0	0	0	nan	0	0	0	0.004774	0.000123	0.004774	0.000123	0.062572	0.001612
27	G	3977	459311	429779	0.009254	134019	21	459311	11232	4154780	4003600	0.002805	13208	214	4154122	0	0	0	nan	0	0	0	0.006448	0.000149	0.006448	0.000149	0.084513	0.001953
28	C	22961	459311	430435	0.053344	133196	13	459311	2977	4151815	3967867	0.000750	13277	214	4151153	0	0	0	nan	0	0	0	0.052593	0.000352	0.052593	0.000352	0.689329	0.004614
29	U	5562	459311	423351	0.013138	133021	11	459311	3057	4147609	3865602	0.000791	13363	213	4146944	0	0	0	nan	0	0	0	0.012347	0.000177	0.012347	0.000177	0.161830	0.002320
30	G	2502	459311	418971	0.005972	132734	10	459311	5146	4140668	3767528	0.001366	13638	213	4139992	0	0	0	nan	0	0	0	0.004606	0.000121	0.004606	0.000121	0.060370	0.001586
31	G	3731	459311	413557	0.009022	132663	7	459311	8430	4137774	3730881	0.002260	13787	213	4137090	0	0	0	nan	0	0	0	0.006762	0.000150	0.006762	0.000150	0.088629	0.001966
32	C	75198	459311	426113	0.176474	132722	7	459311	6833	4135263	3835689	0.001781	13808	213	4134579	0	0	0	nan	0	0	0	0.174693	0.000644	0.174693	0.000644	2.289677	0.008441
33	G	2482	459311	433284	0.005728	132863	7	459311	5264	4132554	3823652	0.001377	13815	213	4131870	0	0	0	nan	0	0	0	0.004352	0.000117	0.004352	0.000117	0.057041	0.001534
34	G	4005	459311	436450	0.009176	132972	7	459311	14220	4131372	3866040	0.003678	13829	213	4130688	0	0	0	nan	0	0	0	0.005498	0.000148	0.005498	0.000148	0.072062	0.001940
35	C	7065	459311	436578	0.016183	133161	7	459311	2818	4130657	3869610	0.000728	13837	213	4129971	0	0	0	nan	0	0	0	0.015454	0.000193	0.015454	0.000193	0.202553	0.002530
36	U	1971	459311	440969	0.004470	133635	7	459311	3598	4129825	3969850	0.000906	13893	213	4129137	0	0	0	nan	0	0	0	0.003563	0.000102	0.003563	0.000102	0.046700	0.001337
37	G	4395	459311	443488	0.009910	134037	7	459311	4462	4128998	3985365	0.001120	13929	213	4128309	0	0	0	nan	0	0	0	0.008790	0.000150	0.008790	0.000150	0.115209	0.001966
38	U	2629	459311	441684	0.005952	134382	6	459311	4707	4128428	4000148	0.001177	13939	214	4127736	0	0	0	nan	0	0	0	0.004776	0.000117	0.004776	0.000117	0.062598	0.001534
39	G	2210	459311	434511	0.005086	134470	6	459311	7271	4127321	3988555	0.001823	13945	213	4126629	0	0	0	nan	0	0	0	0.003263	0.000110	0.003263	0.000110	0.042768	0.001442
40	C	26964	459311	432930	0.062283	134529	6	459311	3175	4126286	3952396	0.000803	13954	213	4125593	0	0	0	nan	0	0	0	0.061479	0.000380	0.061479	0.000380	0.805797	0.004981
41	G	2678	459311	421020	0.006361	134340	6	459311	3278	4124101	3898167	0.000841	13961	212	4123408	0	0	0	nan	0	0	0	0.005520	0.000124	0.005520	0.000124	0.072350	0.001625
42	A	14687	459311	412174	0.035633	133926	6	459311	3019	4123056	3885426	0.000777	13968	208	4122363	0	0	0	nan	0	0	0	0.034856	0.000294	0.034856	0.000294	0.456853	0.003853
43	A	22285	459311	407309	0.054713	133385	6	459311	3604	4121237	3914358	0.000921	13975	209	4120543	0	0	0	nan	0	0	0	0.053792	0.000367	0.053792	0.000367	0.705044	0.004810
44	C	11987	459311	409134	0.029298	133374	6	459311	1933	4120144	3891151	0.000497	13978	207	4119449	0	0	0	nan	0	0	0	0.028802	0.000268	0.028802	0.000268	0.377504	0.003513
45	G	5133	459311	408598	0.012562	133353	6	459311	13679	4117773	3916918	0.003492	13980	197	4117078	0	0	0	nan	0	0	0	0.009070	0.000178	0.009070	0.000178	0.118879	0.002333
46	C	6941	459311	401155	0.017303	133339	6	459311	1822	4116520	3846233	0.000474	13983	197	4115825	0	0	0	nan	0	0	0	0.016829	0.000208	0.016829	0.000208	0.220575	0.002726
47	A	40560	459311	405917	0.099922	133141	6	459311	4926	4113544	3897230	0.001264	13982	194	4112848	0	0	0	nan	0	0	0	0.098658	0.000496	0.098658	0.000496	1.293097	0.006501
48	U	7564	459311	406840	0.018592	133141	6	459311	4179	4111980	3788530	0.001103	13988	190	4111284	0	0	0	nan	0	0	0	0.017489	0.000214	0.017489	0.000214	0.229226	0.002805
49	U	10231	459311	393880	0.025975	133089	6	459311	7769	4109140	3780891	0.002055	13993	190	4108444	0	0	0	nan	0	0	0	0.023920	0.000258	0.023920	0.000258	0.313516	0.003382
50	C	59668	459311	416502	0.143260	132803	6	459311	2791	4106630	3734463	0.000747	14001	184	4105932	0	0	0	nan	0	0	0	0.142512	0.000587	0.142512	0.000587	1.867885	0.007694
51	U	6838	459311	418184	0.016352	132755	6	459311	2633	4103815	3792028	0.000694	14057	183	4103114	0	0	0	nan	0	0	0	0.015657	0.000198	0.015657	0.000198	0.205214	0.002595
52	G	4508	459311	417637	0.010794	132335	6	459311	5726	4100384	3787654	0.001512	14069	178	4099682	0	0	0	nan	0	0	0	0.009282	0.000162	0.009282	0.000162	0.121658	0.002123
53	G	3276	459311	416625	0.007863	131321	6	459311	9066	4095923	3754968	0.002414	14083	174	4095219	0	0	0	nan	0	0	0	0.005449	0.000140	0.005449	0.000140	0.071419	0.001835
54	C	7578	459311	417134	0.018167	131167	6	459311	4090	4091376	3745151	0.001092	14109	168	4090670	0	0	0	nan	0	0	0	0.017075	0.000209	0.017075	0.000209	0.223800	0.002739
55	G	3203	459311	408837	0.007834	131093	6	459311	5716	4089231	3692910	0.001548	14132	165	4088524	0	0	0	nan	0	0	0	0.006287	0.000140	0.006287	0.000140	0.082403	0.001835
56	A	33109	459311	410537	0.080648	130878	6	459311	2004	4087244	3663273	0.000547	14150	163	4086536	0	0	0	nan	0	0	0	0.080101	0.000443	0.080101	0.000443	1.049873	0.005806
57	A	46019	459311	417172	0.110312	130790	6	459311	2875	4084961	3633062	0.000791	14163	162	4084252	0	0	0	nan	0	0	0	0.109520	0.000514	0.109520	0.000514	1.435464	0.006737
58	U	4294	459311	422792	0.010156	130733	6	459311	4231	4083475	3708060	0.001141	14167	160	4082764	0	0	0	nan	0	0	0	0.009015	0.000156	0.009015	0.000156	0.118158	0.002045
59	U	3582	459311	429249	0.008345	130600	6	459311	7627	4081609	3807444	0.002003	14169	160	4080898	0	0	0	nan	0	0	0	0.006342	0.000141	0.006342	0.000141	0.083124	0.001848
60	C	5574	459311	431165	0.012928	130454	6	459311	2624	4080944	3863881	0.000679	14171	160	4080230	0	0	0	nan	0	0	0	0.012249	0.000174	0.012249	0.000174	0.160546	0.002281
61	U	1809	459311	430523	0.004202	130266	6	459311	4418	4079944	3882315	0.001138	14173	160	4079228	0	0	0	nan	0	0	0	0.003064	0.000100	0.003064	0.000100	0.040159	0.001311
62	C	6675	459311	418457	0.015951	129931	6	459311	2031	4078679	3749102	0.000542	14173	157	4077960	0	0	0	nan	0	0	0	0.015410	0.000196	0.015410	0.000196	0.201977	0.002569
63	A	11209	459311	421656	0.026583	129433	6	459311	2242	4077628	3823273	0.000586	14185	157	4076908	0	0	0	nan	0	0	0	0.025997	0.000251	0.025997	0.000251	0.340739	0.003290
64	C	26854	459311	415320	0.064659	129391	6	459311	2507	4077033	3758679	0.000667	14185	152	4076310	0	0	0	nan	0	0	0	0.063992	0.000395	0.063992	0.000395	0.838734	0.005177
65	G	2678	459311	417921	0.006408	129253	6	459311	4985	4074908	3739408	0.001333	14189	152	4074181	0	0	0	nan	0	0	0	0.005075	0.000125	0.005075	0.000125	0.066517	0.001638
66	G	2830	459311	416804	0.006790	129160	6	459311	9403	4073479	3741681	0.002513	14357	152	4072710	0	0	0	nan	0	0	0	0.004277	0.000130	0.004277	0.000130	0.056058	0.001704
67	C	27722	459311	411443	0.067377	129108	6	459311	111535	4072661	3726244	0.029932	14364	152	4071883	0	0	0	nan	0	0	0	0.037445	0.000414	0.037445	0.000414	0.490786	0.005426
68	U	3791	459311	414132	0.009154	129079	6	459311	5228	4072051	3767450	0.001388	14376	152	4071269	0	0	0	nan	0	0	0	0.007766	0.000150	0.007766	0.000150	0.101788	0.001966
69	U	6705	459311	414132	0.016190	128968	6	459311	3484	4071031	3724706	0.000935	14374	148	4070245	0	0	0	nan	0	0	0	0.015255	0.000198	0.015255	0.000198	0.199945	0.002595
70	U	6532	459311	411961	0.015856	128912	6	459311	14159	4070375	3770195	0.003756	14375	144	4069589	0	0	0	nan	0	0	0	0.012100	0.000199	0.012100	0.000199	0.158593	0.002608
71	C	42654	459311	418080	0.102024	128891	6	459311	2430	4069598	3862104	0.000629	14377	144	4068810	0	0	0	nan	0	0	0	0.101394	0.000494	0.101394	0.000494	1.328957	0.006475
72	C	30936	459311	426453	0.072543	128658	6	459311	2752	4068127	3815986	0.000721	14379	144	4067338	0	0	0	nan	0	0	0	0.071821	0.000413	0.071821	0.000413	0.941348	0.005413
73	G	3911	459311	426867	0.009162	128522	6	459311	12156	4065542	3804928	0.003195	14378	144	4064751	0	0	0	nan	0	0	0	0.005967	0.000149	0.005967	0.000149	0.078209	0.001953
74	C	6163	459311	422952	0.014571	128475	6	459311	4067	4064490	3745766	0.001086	14385	144	4063697	0	0	0	nan	0	0	0	0.013486	0.000186	0.013486	0.000186	0.176759	0.002438
75	C	7121	459311	420814	0.016922	128239	6	459311	5023	4062415	3800468	0.001322	14385	144	4061620	0	0	0	nan	0	0	0	0.015600	0.000201	0.015600	0.000201	0.204467	0.002634
76	U	4337	459311	418934	0.010352	128282	6	459311	3341	4059222	3796835	0.000880	14417	143	4058414	0	0	0	nan	0	0	0	0.009473	0.000158	0.009473	0.000158	0.124161	0.002071
77	G	1577	459311	401373	0.003929	128454	8	459311	2587	4057667	3679931	0.000703	14431	139	4056851	0	0	0	nan	0	0	0	0.003226	0.000100	0.003226	0.000100	0.042283	0.001311
78	A	28554	459311	407809	0.070018	128208	8	459311	4176	4055203	3650109	0.001144	14431	137	4054387	0	0	0	nan	0	0	0	0.068874	0.000415	0.068874	0.000415	0.902722	0.005439
79	G	2737	459311	405898	0.006743	128926	10	459311	7834	4053300	3632180	0.002157	14433	130	4052484	0	0	0	nan	0	0	0	0.004586	0.000131	0.004586	0.000131	0.060108	0.001717
80	G	4953	459311	419331	0.011812	128834	10	459311	10691	4052244	3747387	0.002853	14437	130	4051424	0	0	0	nan	0	0	0	0.008959	0.000170	0.008959	0.000170	0.117424	0.002228
81	U	3039	459311	415003	0.007323	128643	10	459311	3598	4050989	3769453	0.000955	14437	130	4050166	0	0	0	nan	0	0	0	0.006368	0.000134	0.006368	0.000134	0.083464	0.001756
82	U	2976	459311	413399	0.007199	128537	10	459311	2455	4049284	3740550	0.000656	14439	130	4048460	0	0	0	nan	0	0	0	0.006543	0.000133	0.006543	0.000133	0.085758	0.001743
83	G	3510	459311	395084	0.008884	128361	10	459311	1940	4047186	3710295	0.000523	14442	125	4046361	0	0	0	nan	0	0	0	0.008361	0.000150	0.008361	0.000150	0.109586	0.001966
84	A	23879	459311	384364	0.062126	128077	6	459311	2618	4045607	3722307	0.000703	14439	123	4044780	0	0	0	nan	0	0	0	0.061423	0.000402	0.061423	0.000402	0.805063	0.005269
85	A	23684	459311	380828	0.062191	128032	6	459311	2350	4043421	3750074	0.000627	14433	122	4042590	0	0	0	nan	0	0	0	0.061564	0.000404	0.061564	0.000404	0.806911	0.005295
86	G	6868	459311	376652	0.018234	128765	11	459311	2824	4041248	3697029	0.000764	14593	115	4040365	0	0	0	nan	0	0	0	0.017470	0.000220	0.017470	0.000220	0.228977	0.002884
87	A	35889	459311	377163	0.095155	128159	11	459311	3998	4038532	3634783	0.001100	14591	114	4037648	0	0	0	nan	0	0	0	0.094055	0.000503	0.094055	0.000503	1.232766	0.006593
88	G	2747	459311	379149	0.007245	127996	12	459311	6788	4036532	3652327	0.001859	14590	112	4035642	0	0	0	nan	0	0	0	0.005387	0.000140	0.005387	0.000140	0.070607	0.001835
89	C	9605	459311	376158	0.025534	127601	12	459311	1847	4035801	3709153	0.000498	14590	112	4034903	0	0	0	nan	0	0	0	0.025037	0.000261	0.025037	0.000261	0.328157	0.003421
90	A	31290	459311	379826	0.082380	127162	12	459311	1831	4035340	3768175	0.000486	14590	111	4034435	0	0	0	nan	0	0	0	0.081894	0.000466	0.081894	0.000466	1.073373	0.006108
91	A	27457	459311	385355	0.071251	126950	12	459311	1692	4034500	3717388	0.000455	15654	110	4033287	0	0	0	nan	0	0	0	0.070796	0.000430	0.070796	0.000430	0.927913	0.005636
92	G	2489	459311	390619	0.006372	126823	12	459311	6893	4033601	3756849	0.001835	15659	108	4032381	0	0	0	nan	0	0	0	0.004537	0.000130	0.004537	0.000130	0.059466	0.001704
93	C	7951	459311	397416	0.020007	126508	12	459311	5965	4032720	3772583	0.001581	15854	107	4031446	0	0	0	nan	0	0	0	0.018426	0.000225	0.018426	0.000225	0.241507	0.002949
94	C	17823	459311	394942	0.045128	124447	12	459311	3341	4030740	3795545	0.000880	15854	101	4029458	0	0	0	nan	0	0	0	0.044248	0.000338	0.044248	0.000338	0.579952	0.004430
95	G	9254	459311	391767	0.023621	118386	12	459311	151489	4028610	3769847	0.040184	15883	98	4027315	0	0	0	nan	0	0	0	-0.016563	0.000266	-0.016563	0.000266	-0.217089	0.003486
96	C	7252	459311	381044	0.019032	141333	122	459311	6244	4063954	3767751	0.001657	151968	416	4025476	0	0	0	nan	0	0	0	0.017375	0.000224	0.017375	0.000224	0.227732	0.002936
97	C	10500	459311	378295	0.027756	136902	122	459311	3431	4061394	3785783	0.000906	152073	415	4022871	0	0	0	nan	0	0	0	0.026850	0.000271	0.026850	0.000271	0.351919	0.003552
98	G	1401	459311	346732	0.004041	133624	124	459311	2652	4058325	3736487	0.000710	152296	409	4019741	0	0	0	nan	0	0	0	0.003331	0.000109	0.003331	0.000109	0.043659	0.001429
99	A	9588	459311	342425	0.028000	128264	124	459311	1643	4056704	3733796	0.000440	152321	409	4018112	0	0	0	nan	0	0	0	0.027560	0.000286	0.027560	0.000286	0.361225	0.003749
100	U	3167	459311	316452	0.010008	128035	124	459311	2432	4055438	3714153	0.000655	152325	407	4016839	0	0	0	nan	0	0	0	0.009353	0.000178	0.009353	0.000178	0.122588	0.002333
101	A	27114	459311	316069	0.085785	128612	131	459311	2671	4054177	3715571	0.000719	152338	403	4015567	0	0	0	nan	0	0	0	0.085066	0.000521	0.085066	0.000521	1.114948	0.006829
102	C	38878	459311	287921	0.135030	127523	134	459311	1769	4052226	3739316	0.000473	152343	402	4013613	0	0	0	nan	0	0	0	0.134557	0.000685	0.134557	0.000685	1.763620	0.008978
103	A	33475	459311	291618	0.114791	126373	134	459311	2869	4050635	3754970	0.000764	152353	402	4012016	0	0	0	nan	0	0	0	0.114027	0.000628	0.114027	0.000628	1.494536	0.008231
104	U	3689	459311	262195	0.014070	123976	134	459311	3807	4048979	3737728	0.001019	152356	402	4010355	0	0	0	nan	0	0	0	0.013051	0.000232	0.013051	0.000232	0.171058	0.003041
105	U	2965	459311	247142	0.011997	122817	135	459311	2415	4046795	3643095	0.000663	152356	401	4008170	0	0	0	nan	0	0	0	0.011334	0.000221	0.011334	0.000221	0.148553	0.002897
106	G	1890	459311	224407	0.008422	113169	133	459311	8340	4045645	3621492	0.002303	152356	399	4007017	0	0	0	nan	0	0	0	0.006119	0.000195	0.006119	0.000195	0.080201	0.002556
107	C	6372	459311	191017	0.033358	111416	132	459311	5238	4044872	3677393	0.001424	152352	396	4006243	0	0	0	nan	0	0	0	0.031934	0.000418	0.031934	0.000418	0.418555	0.005479
108	C	6639	459311	201602	0.032931	107428	132	459311	2338	4043640	3747363	0.000624	152349	391	4005011	0	0	0	nan	0	0	0	0.032307	0.000404	0.032307	0.000404	0.423443	0.005295
109	U	1255	459311	119136	0.010534	106266	132	459311	2582	4042401	3706824	0.000697	152340	390	4003769	0	0	0	nan	0	0	0	0.009838	0.000298	0.009838	0.000298	0.128945	0.003906
110	A	27433	459311	137642	0.199307	104528	132	459311	3346	4041397	3696700	0.000905	152340	389	4002765	0	0	0	nan	0	0	0	0.198402	0.001203	0.198402	0.001203	2.600428	0.015768
111	U	2310	459311	124538	0.018549	104066	132	459311	3226	4040770	3712981	0.000869	152340	388	4002135	0	0	0	nan	0	0	0	0.017680	0.000386	0.017680	0.000386	0.231729	0.005059
112	G	854	459311	190877	0.004474	102665	131	459311	2848	4039737	3796017	0.000750	152340	388	4001100	0	0	0	nan	0	0	0	0.003724	0.000154	0.003724	0.000154	0.048810	0.002018
113	U	2161	459311	190986	0.011315	102030	130	459311	12074	4038600	3763556	0.003208	152336	388	3999963	0	0	0	nan	0	0	0	0.008107	0.000245	0.008107	0.000245	0.106257	0.003211
114	C	7182	459311	169442	0.042386	100877	130	459311	3408	4037613	3794108	0.000898	152333	388	3998976	0	0	0	nan	0	0	0	0.041488	0.000500	0.041488	0.000500	0.543777	0.006553
115	C	4039	459311	146634	0.027545	99819	130	459311	2628	4036079	3753436	0.000700	152333	388	3997442	0	0	0	nan	0	0	0	0.026845	0.000434	0.026845	0.000434	0.351854	0.005688
116	U	1320	459311	145291	0.009085	99091	130	459311	4091	4034175	3722125	0.001099	152332	387	3995538	0	0	0	nan	0	0	0	0.007986	0.000251	0.007986	0.000251	0.104671	0.003290
117	G	1237	459311	158148	0.007822	98246	129	459311	13440	4031710	3721781	0.003611	152329	385	3993073	0	0	0	nan	0	0	0	0.004211	0.000225	0.004211	0.000225	0.055193	0.002949
118	C	11710	459311	187290	0.062523	96896	129	459311	2851	4030172	3701330	0.000770	152330	385	3991534	0	0	0	nan	0	0	0	0.061753	0.000578	0.061753	0.000578	0.809388	0.007576
119	G	1394	459311	146045	0.009545	95646	129	459311	12937	4028576	3752829	0.003447	152325	381	3989937	0	0	0	nan	0	0	0	0.006098	0.000257	0.006098	0.000257	0.079926	0.003368
120	C	5414	459311	152823	0.035427	93868	129	459311	1746	4027614	3710553	0.000471	152323	375	3988974	0	0	0	nan	0	0	0	0.034956	0.000482	0.034956	0.000482	0.458163	0.006318
121	A	8318	459311	132111	0.062962	92739	129	459311	2858	4025944	3761842	0.000760	152323	372	3987302	0	0	0	nan	0	0	0	0.062202	0.000690	0.062202	0.000690	0.815273	0.009044
122	C	11289	459311	147900	0.076329	91020	124	459311	1308	4024951	3740086	0.000350	152322	359	3986315	0	0	0	nan	0	0	0	0.075979	0.000718	0.075979	0.000718	0.995846	0.009411
123	A	7638	459311	126224	0.060511	89785	119	459311	1848	4023326	3619329	0.000511	152322	308	3984726	0	0	0	nan	0	0	0	0.060001	0.000692	0.060001	0.000692	0.786425	0.009070
124	A	15118	459311	170069	0.088893	87657	113	459311	3900	4021816	3552984	0.001098	152323	276	3983232	0	0	0	nan	0	0	0	0.087796	0.000723	0.087796	0.000723	1.150730	0.009476
125	G	9525	459311	194880	0.048876	87321	108	459311	5735	4020409	3522478	0.001628	152323	234	3981851	0	0	0	nan	0	0	0	0.047248	0.000501	0.047248	0.000501	0.619273	0.006567
126	A	15196	459311	242784	0.062591	85592	93	459311	3758	4019488	3642016	0.001032	152322	199	3980975	0	0	0	nan	0	0	0	0.061559	0.000508	0.061559	0.000508	0.806845	0.006658
127	A	6956	459311	183121	0.037986	84955	84	459311	1881	4018195	3698307	0.000509	152319	161	3979724	0	0	0	nan	0	0	0	0.037477	0.000456	0.037477	0.000456	0.491206	0.005977
128	A	7223	459311	196962	0.036672	84376	82	459311	2398	4015202	3679440	0.000652	152319	97	3976822	0	0	0	nan	0	0	0	0.036020	0.000432	0.036020	0.000432	0.472109	0.005662
129	G	1067	459311	178896	0.005964	84124	80	459311	5769	4012023	3635471	0.001587	152316	38	3973759	0	0	0	nan	0	0	0	0.004377	0.000184	0.004377	0.000184	0.057369	0.002412
130	C	1631	459311	260421	0.006263	82797	62	459311	2461	4008787	3642371	0.000676	152315	35	3970784	0	0	0	nan	0	0	0	0.005587	0.000156	0.005587	0.000156	0.073228	0.002045
131	G	2963	459311	248339	0.011931	81897	52	459311	10154	4005194	3675652	0.002763	152315	33	3967436	0	0	0	nan	0	0	0	0.009169	0.000221	0.009169	0.000221	0.120177	0.002897
132	G	940	459311	307714	0.003055	81098	43	459311	3170	3999611	3549920	0.000893	152313	29	3962557	0	0	0	nan	0	0	0	0.002162	0.000101	0.002162	0.000101	0.028337	0.001324
133	U	1938	459311	223441	0.008673	80100	33	459311	15156	3992776	3412806	0.004441	152313	28	3955951	0	0	0	nan	0	0	0	0.004233	0.000200	0.004233	0.000200	0.055481	0.002621
134	A	16708	459311	200274	0.083426	78139	3	459311	2856	3986895	3398839	0.000840	152316	24	3950299	0	0	0	nan	0	0	0	0.082585	0.000646	0.082585	0.000646	1.082430	0.008467
135	U	3332	459311	215036	0.015495	77726	1	459311	2159	3982554	3442143	0.000627	152316	22	3945975	0	0	0	nan	0	0	0	0.014868	0.000269	0.014868	0.000269	0.194873	0.003526
136	G	1409	459311	274156	0.005139	77177	0	459311	3516	3979520	3490551	0.001007	152314	18	3942984	0	0	0	nan	0	0	0	0.004132	0.000138	0.004132	0.000138	0.054158	0.001809
137	G	918	459311	281801	0.003258	76381	0	459311	3299	3976201	3431513	0.000961	152346	18	3939763	0	0	0	nan	0	0	0	0.002296	0.000109	0.002296	0.000109	0.030093	0.001429
138	A	11952	459311	273051	0.043772	75414	0	459311	2900	3972277	3389549	0.000856	152346	16	3935946	0	0	0	nan	0	0	0	0.042916	0.000401	0.042916	0.000401	0.562494	0.005256
139	C	6917	459311	267049	0.025902	75104	0	459311	4982	3969117	3473738	0.001434	152346	14	3932825	0	0	0	nan	0	0	0	0.024467	0.000312	0.024467	0.000312	0.320686	0.004089
140	C	21770	459311	310282	0.070162	74273	0	459311	3797	3965839	3524525	0.001077	152346	11	3929798	0	0	0	nan	0	0	0	0.069085	0.000476	0.069085	0.000476	0.905488	0.006239
141	G	1802	459311	288828	0.006239	73979	0	459311	7318	3963061	3531347	0.002072	152345	11	3927099	0	0	0	nan	0	0	0	0.004167	0.000149	0.004167	0.000149	0.054616	0.001953
142	G	2281	459311	290649	0.007848	73720	0	459311	13249	3961736	3517484	0.003767	152343	11	3925794	0	0	0	nan	0	0	0	0.004081	0.000168	0.004081	0.000168	0.053489	0.002202
143	C	10859	459311	262744	0.041329	73555	0	459311	3018	3960410	3511209	0.000860	152344	10	3924494	0	0	0	nan	0	0	0	0.040470	0.000397	0.040470	0.000397	0.530435	0.005203
144	A	29558	459311	291738	0.101317	73243	0	459311	3436	3959202	3615160	0.000950	152341	9	3923307	0	0	0	nan	0	0	0	0.100366	0.000590	0.100366	0.000590	1.315483	0.007733
145	C	35365	459311	317750	0.111298	73137	0	459311	6489	3958171	3640721	0.001782	152341	9	3922280	0	0	0	nan	0	0	0	0.109516	0.000592	0.109516	0.000592	1.435411	0.007759
146	C	21799	459311	368691	0.059125	72939	0	459311	2247	3956396	3683935	0.000610	152340	9	3920526	0	0	0	nan	0	0	0	0.058515	0.000401	0.058515	0.000401	0.766948	0.005256
147	C	8111	459311	304915	0.026601	72728	0	459311	3527	3953510	3690116	0.000956	152335	9	3917669	0	0	0	nan	0	0	0	0.025645	0.000296	0.025645	0.000296	0.336125	0.003880
148	A	15650	459311	304758	0.051352	72488	0	459311	1989	3950358	3593375	0.000554	152336	9	3914538	0	0	0	nan	0	0	0	0.050799	0.000411	0.050799	0.000411	0.665815	0.005387
149	G	2552	459311	315190	0.008097	72406	0	459311	6472	3947883	3555096	0.001820	152336	8	3912101	0	0	0	nan	0	0	0	0.006276	0.000162	0.006276	0.000162	0.082259	0.002123
150	C	2944	459311	385486	0.007637	72278	0	459311	2854	3946007	3548066	0.000804	152339	8	3910252	0	0	0	nan	0	0	0	0.006833	0.000142	0.006833	0.000142	0.089559	0.001861
151	C	9684	459311	392840	0.024651	71937	0	459311	2304	3943340	3569981	0.000645	152340	8	3907671	0	0	0	nan	0	0	0	0.024006	0.000251	0.024006	0.000251	0.314643	0.003290
152	G	4640	459311	360957	0.012855	71601	0	459311	17058	3940014	3624979	0.004706	152339	7	3904461	0	0	0	nan	0	0	0	0.008149	0.000192	0.008149	0.000192	0.106808	0.002517
153	C	28731	459311	357931	0.080270	71046	0	459311	45345	3938346	3590738	0.012628	152352	7	3902885	0	0	0	nan	0	0	0	0.067641	0.000477	0.067641	0.000477	0.886561	0.006252
154	U	1713	459311	336039	0.005098	70821	0	459311	3186	3935359	3616507	0.000881	152357	7	3900054	0	0	0	nan	0	0	0	0.004217	0.000124	0.004217	0.000124	0.055272	0.001625
155	U	2077	459311	357469	0.005810	70644	0	459311	3613	3933305	3554751	0.001016	152360	7	3898090	0	0	0	nan	0	0	0	0.004794	0.000129	0.004794	0.000129	0.062834	0.001691
156	G	3254	459311	323308	0.010065	70534	0	459311	3932	3930881	3557795	0.001105	152350	6	3895765	0	0	0	nan	0	0	0	0.008960	0.000177	0.008960	0.000177	0.117437	0.002320
157	U	3510	459311	349871	0.010032	70461	0	459311	3381	3929033	3564774	0.000948	152352	6	3894014	0	0	0	nan	0	0	0	0.009084	0.000170	0.009084	0.000170	0.119063	0.002228
158	G	2242	459311	341913	0.006557	70411	0	459311	5325	3927305	3624411	0.001469	152353	6	3892397	0	0	0	nan	0	0	0	0.005088	0.000140	0.005088	0.000140	0.066688	0.001835
159	C	11914	459311	397415	0.029979	70312	0	459311	22210	3925355	3652041	0.006082	152354	6	3890546	0	0	0	nan	0	0	0	0.023897	0.000278	0.023897	0.000278	0.313215	0.003644
160	U	3332	459311	392381	0.008492	70218	0	459311	3183	3922987	3669444	0.000867	152354	6	3888251	0	0	0	nan	0	0	0	0.007624	0.000148	0.007624	0.000148	0.099927	0.001940
161	U	4509	459311	399655	0.011282	70073	0	459311	3652	3920178	3650608	0.001000	152354	6	3885471	0	0	0	nan	0	0	0	0.010282	0.000169	0.010282	0.000169	0.134765	0.002215
162	C	22630	459311	378393	0.059806	69806	0	459311	2202	3915637	3608031	0.000610	152353	6	3880981	0	0	0	nan	0	0	0	0.059195	0.000398	0.059195	0.000398	0.775861	0.005217
163	A	18417	459311	379161	0.048573	69554	0	459311	2072	3913394	3573940	0.000580	152353	6	3878770	0	0	0	nan	0	0	0	0.047993	0.000358	0.047993	0.000358	0.629038	0.004692
164	G	2396	459311	374931	0.006391	69450	0	459311	4711	3910604	3564303	0.001322	152353	6	3875998	0	0	0	nan	0	0	0	0.005069	0.000132	0.005069	0.000132	0.066439	0.001730
165	C	17457	459311	369641	0.047227	69323	0	459311	2003	3908790	3532270	0.000567	152351	6	3874204	0	0	0	nan	0	0	0	0.046660	0.000358	0.046660	0.000358	0.611566	0.004692
166	U	4295	459311	344287	0.012475	69105	0	459311	4660	3906571	3585609	0.001300	152350	6	3872071	0	0	0	nan	0	0	0	0.011175	0.000191	0.011175	0.000191	0.146469	0.002503
167	C	17006	459311	345308	0.049249	68955	0	459311	2778	3904244	3538248	0.000785	152348	6	3869800	0	0	0	nan	0	0	0	0.048464	0.000378	0.048464	0.000378	0.635211	0.004954
168	G	4930	459311	339680	0.014514	68803	0	459311	10154	3901620	3617650	0.002807	152350	6	3867251	0	0	0	nan	0	0	0	0.011707	0.000209	0.011707	0.000209	0.153442	0.002739
169	C	27088	459311	342234	0.079151	68627	0	459311	1562	3899298	3571057	0.000437	152362	6	3864978	0	0	0	nan	0	0	0	0.078713	0.000481	0.078713	0.000481	1.031680	0.006304
170	A	27232	459311	333959	0.081543	68433	0	459311	1901	3896620	3538542	0.000537	152360	6	3862346	0	0	0	nan	0	0	0	0.081006	0.000494	0.081006	0.000494	1.061734	0.006475
171	U	5929	459311	344740	0.017198	68324	0	459311	5321	3894754	3550245	0.001499	152361	6	3860560	0	0	0	nan	0	0	0	0.015700	0.000224	0.015700	0.000224	0.205778	0.002936
172	C	21153	459311	348775	0.060649	68259	0	459311	1189	3893463	3500551	0.000340	152358	6	3859302	0	0	0	nan	0	0	0	0.060310	0.000417	0.060310	0.000417	0.790475	0.005466
173	A	12952	459311	358824	0.036096	68147	0	459311	1868	3892339	3546069	0.000527	152360	6	3858199	0	0	0	nan	0	0	0	0.035569	0.000317	0.035569	0.000317	0.466198	0.004155
174	A	20949	459311	368624	0.056830	67997	0	459311	1847	3891093	3549665	0.000520	152359	6	3856979	0	0	0	nan	0	0	0	0.056310	0.000393	0.056310	0.000393	0.738047	0.005151
175	C	19266	459311	376135	0.051221	67886	0	459311	1505	3889867	3604870	0.000417	152360	6	3855778	0	0	0	nan	0	0	0	0.050803	0.000369	0.050803	0.000369	0.665868	0.004836
176	G	2831	459311	360341	0.007856	67755	0	459311	2658	3888560	3650612	0.000728	152359	6	3854523	0	0	0	nan	0	0	0	0.007128	0.000148	0.007128	0.000148	0.093426	0.001940
177	U	5014	459311	352400	0.014228	67581	0	459311	13591	3887428	3664983	0.003708	152360	6	3853488	0	0	0	nan	0	0	0	0.010520	0.000203	0.010520	0.000203	0.137884	0.002661
178	C	23958	459311	345235	0.069396	67468	0	459311	1178	3885676	3623415	0.000325	152360	6	3852121	0	0	0	nan	0	0	0	0.069071	0.000448	0.069071	0.000448	0.905304	0.005872
179	U	4815	459311	359143	0.013407	67340	0	459311	1256	3882359	3554282	0.000353	152358	6	3849459	0	0	0	nan	0	0	0	0.013054	0.000193	0.013054	0.000193	0.171097	0.002530
180	A	24062	459311	354274	0.067919	67224	0	459311	1931	3880325	3460794	0.000558	152356	6	3847679	0	0	0	nan	0	0	0	0.067361	0.000438	0.067361	0.000438	0.882891	0.005741
181	A	43213	459311	373038	0.115841	67127	0	459311	4449	3878840	3476635	0.001280	152356	6	3846334	0	0	0	nan	0	0	0	0.114561	0.000558	0.114561	0.000558	1.501535	0.007314
182	G	2081	459311	378786	0.005494	67080	0	459311	3043	3877166	3505092	0.000868	152353	6	3844792	0	0	0	nan	0	0	0	0.004626	0.000121	0.004626	0.000121	0.060632	0.001586
183	G	3183	459311	392082	0.008118	67014	0	459311	8591	3874966	3555744	0.002416	152353	6	3842645	0	0	0	nan	0	0	0	0.005702	0.000146	0.005702	0.000146	0.074735	0.001914
184	C	12766	459311	385420	0.033122	66952	0	459311	3586	3872821	3585813	0.001000	152353	6	3840545	0	0	0	nan	0	0	0	0.032122	0.000294	0.032122	0.000294	0.421019	0.003853
185	C	22205	459311	396667	0.055979	66851	0	459311	2325	3868772	3558041	0.000653	152350	6	3836587	0	0	0	nan	0	0	0	0.055325	0.000376	0.055325	0.000376	0.725137	0.004928
186	G	4995	459311	370913	0.013467	66786	0	459311	12653	3864630	3561842	0.003552	152352	6	3832496	0	0	0	nan	0	0	0	0.009914	0.000193	0.009914	0.000193	0.129941	0.002530
187	C	4883	459311	378519	0.012900	66622	0	459311	1946	3860715	3515913	0.000553	152351	6	3828625	0	0	0	nan	0	0	0	0.012347	0.000185	0.012347	0.000185	0.161830	0.002425
188	G	1613	459311	369362	0.004367	66477	0	459311	3281	3856783	3491649	0.000940	152349	6	3824759	0	0	0	nan	0	0	0	0.003427	0.000110	0.003427	0.000110	0.044917	0.001442
189	A	7660	459311	389062	0.019688	66261	0	459311	1370	3852848	3484712	0.000393	152347	6	3820895	0	0	0	nan	0	0	0	0.019295	0.000225	0.019295	0.000225	0.252897	0.002949
190	C	5830	459311	367282	0.015873	66035	0	459311	1233	3849960	3435993	0.000359	152348	6	3818033	0	0	0	nan	0	0	0	0.015515	0.000208	0.015515	0.000208	0.203353	0.002726
191	U	5843	459311	363606	0.016070	65841	0	459311	12789	3846588	3492161	0.003662	152350	6	3814752	0	0	0	nan	0	0	0	0.012407	0.000213	0.012407	0.000213	0.162617	0.002792
192	C	38718	459311	356352	0.108651	65642	0	459311	1793	3844807	3491320	0.000514	152355	6	3813009	0	0	0	nan	0	0	0	0.108137	0.000552	0.108137	0.000552	1.417337	0.007235
193	U	6975	459311	348722	0.020002	65488	0	459311	2342	3840440	3541135	0.000661	152355	6	3808720	0	0	0	nan	0	0	0	0.019340	0.000240	0.019340	0.000240	0.253487	0.003146
194	A	49512	459311	356412	0.138918	65301	0	459311	3957	3835353	3496354	0.001132	152351	6	3803708	0	0	0	nan	0	0	0	0.137786	0.000625	0.137786	0.000625	1.805942	0.008192
195	G	9831	459311	347074	0.028325	65244	0	459311	2475	3832665	3445729	0.000718	152356	5	3801088	0	0	0	nan	0	0	0	0.027607	0.000286	0.027607	0.000286	0.361841	0.003749
196	A	16498	459311	375636	0.043920	65147	0	459311	2186	3829036	3416495	0.000640	152358	5	3797497	0	0	0	nan	0	0	0	0.043280	0.000342	0.043280	0.000342	0.567265	0.004483
197	G	1728	459311	374296	0.004617	65115	0	459311	1990	3829253	3414859	0.000583	152356	6	3797789	0	0	0	nan	0	0	0	0.004034	0.000112	0.004034	0.000112	0.052873	0.001468
198	U	1429	459311	409758	0.003487	65029	0	459311	6728	3826410	3472665	0.001937	152356	6	3795194	0	0	0	nan	0	0	0	0.001550	0.000095	0.001550	0.000095	0.020316	0.001245
199	C	1706	459311	408348	0.004178	64891	0	459311	1847	3825549	3428465	0.000539	152358	6	3794473	0	0	0	nan	0	0	0	0.003639	0.000102	0.003639	0.000102	0.047696	0.001337
200	G	4273	459311	402377	0.010619	64779	0	459311	10091	3822290	3432245	0.002940	152357	6	3791296	0	0	0	nan	0	0	0	0.007679	0.000165	0.007679	0.000165	0.100648	0.002163
201	C	4319	459311	382500	0.011292	64427	0	459311	4039	3820900	3318168	0.001217	152357	6	3790042	0	0	0	nan	0	0	0	0.010074	0.000173	0.010074	0.000173	0.132039	0.002267
202	U	5542	459311	377371	0.014686	64241	0	459311	4144	3818022	3372121	0.001229	152356	6	3787444	0	0	0	nan	0	0	0	0.013457	0.000198	0.013457	0.000198	0.176379	0.002595
203	C	29797	459311	378526	0.078719	64172	0	459311	1691	3815945	3343980	0.000506	152353	6	3785594	0	0	0	nan	0	0	0	0.078213	0.000456	0.078213	0.000456	1.025127	0.005977
204	G	3963	459311	355666	0.011142	64106	0	459311	2459	3814384	3312502	0.000742	152349	6	3784458	0	0	0	nan	0	0	0	0.010400	0.000178	0.010400	0.000178	0.136311	0.002333
205	A	44955	459311	372611	0.120649	64028	0	459311	1579	3813288	3297262	0.000479	152352	6	3783696	0	0	0	nan	0	0	0	0.120170	0.000569	0.120170	0.000569	1.575052	0.007458
206	G	7360	459311	377038	0.019521	63986	0	459311	9813	3820242	3325886	0.002950	152353	7	3790963	0	0	0	nan	0	0	0	0.016570	0.000229	0.016570	0.000229	0.217181	0.003001
207	G	3004	459311	413668	0.007262	63907	0	459311	3907	3795214	3373418	0.001158	152362	7	3766221	0	0	0	nan	0	0	0	0.006104	0.000134	0.006104	0.000134	0.080004	0.001756
208	G	3709	459311	418159	0.008870	63803	0	459311	6840	3789564	3401341	0.002011	152362	7	3760821	0	0	0	nan	0	0	0	0.006859	0.000148	0.006859	0.000148	0.089900	0.001940
209	C	4079	459311	411063	0.009923	63711	0	459311	2380	3788974	3314112	0.000718	152366	8	3760554	0	0	0	nan	0	0	0	0.009205	0.000156	0.009205	0.000156	0.120649	0.002045
210	U	2067	459311	409092	0.005053	63635	0	459311	2308	3789591	3324946	0.000694	152369	8	3761445	0	0	0	nan	0	0	0	0.004359	0.000112	0.004359	0.000112	0.057133	0.001468
211	G	3137	459311	407476	0.007699	63552	0	459311	8999	3791244	3319965	0.002711	152369	8	3763157	0	0	0	nan	0	0	0	0.004988	0.000140	0.004988	0.000140	0.065377	0.001835
212	G	2254	459311	409210	0.005508	63435	0	459311	3811	3791223	3366748	0.001132	152369	8	3763194	0	0	0	nan	0	0	0	0.004376	0.000117	0.004376	0.000117	0.057356	0.001534
213	U	3954	459311	402283	0.009829	63390	0	459311	2433	3790541	3364902	0.000723	152369	8	3762548	0	0	0	nan	0	0	0	0.009106	0.000157	0.009106	0.000157	0.119351	0.002058
214	A	26743	459311	398116	0.067174	63351	0	459311	2324	3791674	3402592	0.000683	152372	8	3763759	0	0	0	nan	0	0	0	0.066491	0.000411	0.066491	0.000411	0.871488	0.005387
215	C	62006	459311	403063	0.153837	63316	0	459311	1847	3792569	3436923	0.000537	152373	8	3764780	0	0	0	nan	0	0	0	0.153300	0.000618	0.153300	0.000618	2.009282	0.008100
216	C	34003	459311	411474	0.082637	63297	0	459311	1877	3791211	3465758	0.000542	152374	8	3763753	0	0	0	nan	0	0	0	0.082095	0.000448	0.082095	0.000448	1.076008	0.005872
217	G	5296	459311	405918	0.013047	63262	0	459311	3965	3791078	3373591	0.001175	152376	13	3763808	0	0	0	nan	0	0	0	0.011872	0.000180	0.011872	0.000180	0.155605	0.002359
218	U	5166	459311	399483	0.012932	63234	0	459311	4277	3790493	3288303	0.001301	152377	13	3763544	0	0	0	nan	0	0	0	0.011631	0.000181	0.011631	0.000181	0.152446	0.002372
219	U	3741	459311	398368	0.009391	63210	0	459311	2690	3790298	3289236	0.000818	152379	13	3763545	0	0	0	nan	0	0	0	0.008573	0.000154	0.008573	0.000154	0.112365	0.002018
220	G	2816	459311	405181	0.006950	63186	0	459311	6958	3793724	3334726	0.002087	152373	14	3767028	0	0	0	nan	0	0	0	0.004863	0.000133	0.004863	0.000133	0.063739	0.001743
221	C	32543	459311	415963	0.078235	63154	0	459311	1761	3796233	3405065	0.000517	152374	14	3769564	0	0	0	nan	0	0	0	0.077718	0.000434	0.077718	0.000434	1.018639	0.005688
222	U	2815	459311	407878	0.006902	63106	0	459311	1943	3795637	3322500	0.000585	152374	14	3769036	0	0	0	nan	0	0	0	0.006317	0.000131	0.006317	0.000131	0.082796	0.001717
223	A	23994	459311	406718	0.058994	63038	0	459311	1501	3794970	3300448	0.000455	152454	55	3768412	0	0	0	nan	0	0	0	0.058539	0.000381	0.058539	0.000381	0.767263	0.004994
224	G	4791	459311	398775	0.012014	62988	0	459311	6805	3793309	3284524	0.002072	152460	55	3766809	0	0	0	nan	0	0	0	0.009942	0.000175	0.009942	0.000175	0.130308	0.002294
225	C	6806	459311	381554	0.017838	62862	0	459311	1756	3788563	3219791	0.000545	152460	55	3762118	0	0	0	nan	0	0	0	0.017292	0.000217	0.017292	0.000217	0.226644	0.002844
226	A	40992	459311	404693	0.101292	62728	0	459311	1203	3785193	3273436	0.000368	152458	56	3758829	0	0	0	nan	0	0	0	0.100924	0.000500	0.100924	0.000500	1.322797	0.006553
227	C	18712	459311	408065	0.045855	62629	0	459311	1441	3790080	3221347	0.000447	152464	56	3763836	0	0	0	nan	0	0	0	0.045408	0.000335	0.045408	0.000335	0.595156	0.004391
228	G	3530	459311	379070	0.009312	62468	1	459311	2048	3788435	3181918	0.000644	152609	63	3762533	0	0	0	nan	0	0	0	0.008669	0.000157	0.008669	0.000157	0.113623	0.002058
229	A	9702	459311	377330	0.025712	62410	1	459311	1455	3784941	3055520	0.000476	152531	63	3759403	0	0	0	nan	0	0	0	0.025236	0.000261	0.025236	0.000261	0.330765	0.003421
230	G	2658	459311	380533	0.006985	62389	1	459311	4563	3808800	3104888	0.001470	152507	63	3783461	0	0	0	nan	0	0	0	0.005515	0.000137	0.005515	0.000137	0.072284	0.001796
231	C	3134	459311	408970	0.007663	62378	1	459311	9605	3819191	3130826	0.003068	152578	63	3793960	0	0	0	nan	0	0	0	0.004595	0.000140	0.004595	0.000140	0.060226	0.001835
232	G	2685	459311	414676	0.006475	62361	1	459311	3626	3832010	3204720	0.001131	152584	63	3806952	0	0	0	nan	0	0	0	0.005343	0.000126	0.005343	0.000126	0.070030	0.001651
233	G	4198	459311	419132	0.010016	62340	2	459311	16761	3845092	3219253	0.005206	152619	67	3820173	0	0	0	nan	0	0	0	0.004809	0.000160	0.004809	0.000160	0.063031	0.002097
234	C	1435	459311	420364	0.003414	62281	2	459311	5656	3851474	3243142	0.001744	153622	68	3826711	0	0	0	nan	0	0	0	0.001670	0.000093	0.001670	0.000093	0.021888	0.001219
235	C	4849	459311	419550	0.011558	62230	2	459311	1827	3845591	3061244	0.000597	153678	68	3821054	0	0	0	nan	0	0	0	0.010961	0.000167	0.010961	0.000167	0.143664	0.002189
236	G	3530	459311	413670	0.008533	62184	2	459311	6329	3842165	3026428	0.002091	153710	69	3817913	0	0	0	nan	0	0	0	0.006442	0.000146	0.006442	0.000146	0.084434	0.001914
237	C	12434	459311	393241	0.031619	62125	2	459311	2374	3841386	2945313	0.000806	153717	70	3817260	0	0	0	nan	0	0	0	0.030813	0.000284	0.030813	0.000284	0.403862	0.003722
238	U	2820	459311	373626	0.007548	62081	2	459311	2148	3843268	3071860	0.000699	153733	70	3819257	0	0	0	nan	0	0	0	0.006848	0.000143	0.006848	0.000143	0.089756	0.001874
239	U	4537	459311	361666	0.012545	62057	2	459311	1788	3851448	3055779	0.000585	153737	70	3827613	0	0	0	nan	0	0	0	0.011960	0.000187	0.011960	0.000187	0.156758	0.002451
240	A	44825	459311	376381	0.119095	62036	2	459311	1884	3858950	3214815	0.000586	153793	70	3835410	0	0	0	nan	0	0	0	0.118509	0.000563	0.118509	0.000563	1.553281	0.007379
241	C	47826	459311	385947	0.123919	62030	2	459311	1170	3865378	3303023	0.000354	153797	71	3842047	0	0	0	nan	0	0	0	0.123564	0.000567	0.123564	0.000567	1.619536	0.007432
242	C	35310	459311	393018	0.089843	62020	2	459311	2371	3872165	3378718	0.000702	153896	71	3849253	0	0	0	nan	0	0	0	0.089141	0.000478	0.089141	0.000478	1.168359	0.006265
243	G	2677	459311	392216	0.006825	61998	2	459311	4331	3871726	3328269	0.001301	153912	72	3849292	0	0	0	nan	0	0	0	0.005524	0.000133	0.005524	0.000133	0.072402	0.001743
244	G	6390	459311	389095	0.016423	61980	2	459311	5812	3868761	3285030	0.001769	153919	72	3846490	0	0	0	nan	0	0	0	0.014653	0.000207	0.014653	0.000207	0.192055	0.002713
245	C	29300	459311	404771	0.072387	61953	2	459311	3333	3865585	3290225	0.001013	153970	101	3843391	0	0	0	nan	0	0	0	0.071374	0.000423	0.071374	0.000423	0.935489	0.005544
246	C	12790	459311	414609	0.030848	61920	2	459311	5543	3858954	3246237	0.001708	154002	102	3836825	0	0	0	nan	0	0	0	0.029141	0.000274	0.029141	0.000274	0.381947	0.003591
247	G	3196	459311	415616	0.007690	61888	2	459311	3332	3844143	3152532	0.001057	154017	138	3822085	0	0	0	nan	0	0	0	0.006633	0.000137	0.006633	0.000137	0.086938	0.001796
248	G	5308	459311	410226	0.012939	61835	2	459311	9415	3831581	3099652	0.003037	154036	148	3809576	0	0	0	nan	0	0	0	0.009902	0.000180	0.009902	0.000180	0.129784	0.002359
249	C	2188	459311	408513	0.005356	61708	2	459311	2812	3813799	3038723	0.000925	154174	211	3791888	0	0	0	nan	0	0	0	0.004431	0.000116	0.004431	0.000116	0.058077	0.001520
250	C	2390	459311	402531	0.005937	61548	2	459311	3153	3786408	3011469	0.001047	154721	663	3764623	0	0	0	nan	0	0	0	0.004890	0.000123	0.004890	0.000123	0.064093	0.001612
251	G	4233	459311	382625	0.011063	61378	2	459311	7038	3760979	2884018	0.002440	154874	672	3739308	0	0	0	nan	0	0	0	0.008623	0.000173	0.008623	0.000173	0.113020	0.002267
252	C	31483	459311	360602	0.087307	61167	3	459311	20691	3737776	2728377	0.007584	155245	735	3716231	0	0	0	nan	0	0	0	0.079723	0.000495	0.079723	0.000495	1.044918	0.006488
253	U	3692	459311	350835	0.010523	60765	3	459311	2906	3706823	2708783	0.001073	156302	775	3685560	0	0	0	nan	0	0	0	0.009451	0.000174	0.009451	0.000174	0.123873	0.002281
254	U	3816	459311	362105	0.010538	60579	3	459311	1842	3693675	2747779	0.000670	156416	784	3672642	0	0	0	nan	0	0	0	0.009868	0.000171	0.009868	0.000171	0.129339	0.002241
255	C	8418	459311	380780	0.022107	60461	3	459311	1444	3688318	2932904	0.000492	156484	787	3667474	0	0	0	nan	0	0	0	0.021615	0.000241	0.021615	0.000241	0.283305	0.003159
256	G	1899	459311	375727	0.005054	60343	3	459311	2182	3676877	2896848	0.000753	156525	788	3656262	0	0	0	nan	0	0	0	0.004301	0.000117	0.004301	0.000117	0.056373	0.001534
257	A	14658	459311	380660	0.038507	60260	3	459311	1171	3678518	2959104	0.000396	156540	787	3658068	0	0	0	nan	0	0	0	0.038111	0.000318	0.038111	0.000318	0.499516	0.004168
258	G	4483	459311	382836	0.011710	60218	3	459311	7532	3684049	2988973	0.002520	156542	791	3663669	0	0	0	nan	0	0	0	0.009190	0.000177	0.009190	0.000177	0.120452	0.002320
259	C	7654	459311	393377	0.019457	60159	3	459311	1889	3688892	3055601	0.000618	156547	797	3668583	0	0	0	nan	0	0	0	0.018839	0.000223	0.018839	0.000223	0.246920	0.002923
260	A	29101	459311	396657	0.073366	60078	3	459311	1564	3683835	3099327	0.000505	156548	798	3663663	0	0	0	nan	0	0	0	0.072861	0.000430	0.072861	0.000430	0.954979	0.005636
261	G	2826	459311	390518	0.007237	60006	3	459311	1628	3679896	3092333	0.000526	156551	798	3659813	0	0	0	nan	0	0	0	0.006710	0.000137	0.006710	0.000137	0.087947	0.001796
262	A	19875	459311	382998	0.051893	59958	4	459311	2171	3681164	3068447	0.000708	156552	805	3661175	0	0	0	nan	0	0	0	0.051186	0.000368	0.051186	0.000368	0.670888	0.004823
263	C	26849	459311	374021	0.071785	59902	4	459311	1081	3678212	3018613	0.000358	156552	805	3658348	0	0	0	nan	0	0	0	0.071427	0.000438	0.071427	0.000438	0.936184	0.005741
264	A	28366	459311	376503	0.075341	59858	4	459311	971	3676763	2974952	0.000326	156554	807	3657086	0	0	0	nan	0	0	0	0.075014	0.000447	0.075014	0.000447	0.983198	0.005859
265	U	6764	459311	379735	0.017812	59815	4	459311	2544	3678954	3112039	0.000817	156559	807	3659420	0	0	0	nan	0	0	0	0.016995	0.000217	0.016995	0.000217	0.222751	0.002844
266	G	7872	459311	374410	0.021025	59790	4	459311	1932	3684022	3122104	0.000619	156559	811	3664637	0	0	0	nan	0	0	0	0.020406	0.000237	0.020406	0.000237	0.267459	0.003106
267	A	29613	459311	376348	0.078685	59771	4	459311	1685	3682232	3151309	0.000535	156560	815	3663025	0	0	0	nan	0	0	0	0.078150	0.000457	0.078150	0.000457	1.024301	0.005990
268	U	5874	459311	369749	0.015886	59748	4	459311	1885	3686254	3100733	0.000608	156563	815	3667158	0	0	0	nan	0	0	0	0.015279	0.000208	0.015279	0.000208	0.200260	0.002726
269	A	20446	459311	358840	0.056978	59695	4	459311	1429	3684966	3118067	0.000458	156566	818	3665985	0	0	0	nan	0	0	0	0.056520	0.000399	0.056520	0.000399	0.740800	0.005230
270	A	25971	459311	368365	0.070503	59639	4	459311	2211	3682336	3172825	0.000697	156571	820	3663449	0	0	0	nan	0	0	0	0.069807	0.000438	0.069807	0.000438	0.914951	0.005741
271	G	4056	459311	361492	0.011220	59595	4	459311	1524	3676494	3118526	0.000489	156572	844	3657661	0	0	0	nan	0	0	0	0.010731	0.000177	0.010731	0.000177	0.140650	0.002320
272	A	24499	459311	358556	0.068327	59556	4	459311	1378	3670833	3051473	0.000452	156572	846	3652072	0	0	0	nan	0	0	0	0.067875	0.000437	0.067875	0.000437	0.889628	0.005728
273	U	6824	459311	355618	0.019189	59499	4	459311	2176	3665495	3066290	0.000710	156573	847	3646806	0	0	0	nan	0	0	0	0.018479	0.000233	0.018479	0.000233	0.242202	0.003054
274	A	26936	459311	344889	0.078100	59466	4	459311	1568	3669545	3098902	0.000506	156582	850	3650915	0	0	0	nan	0	0	0	0.077595	0.000476	0.077595	0.000476	1.017027	0.006239
275	C	47923	459311	366483	0.130765	59399	4	459311	1309	3668316	3176175	0.000412	156589	850	3649755	0	0	0	nan	0	0	0	0.130352	0.000597	0.130352	0.000597	1.708506	0.007825
276	A	37811	459311	375114	0.100799	59359	4	459311	1061	3666465	3049722	0.000348	156590	854	3647986	0	0	0	nan	0	0	0	0.100451	0.000518	0.100451	0.000518	1.316597	0.006789
277	U	6475	459311	377244	0.017164	59315	4	459311	3569	3666827	3016031	0.001183	156588	860	3648455	0	0	0	nan	0	0	0	0.015981	0.000214	0.015981	0.000214	0.209461	0.002805
278	U	6513	459311	372351	0.017492	59270	4	459311	2469	3665734	3016634	0.000818	156594	864	3647499	0	0	0	nan	0	0	0	0.016673	0.000217	0.016673	0.000217	0.218531	0.002844
279	G	6222	459311	376319	0.016534	59185	4	459311	1508	3660367	3093984	0.000487	156594	864	3642306	0	0	0	nan	0	0	0	0.016046	0.000210	0.016046	0.000210	0.210313	0.002752
280	A	39228	459311	397346	0.098725	59124	4	459311	1284	3658841	3117899	0.000412	156593	865	3640909	0	0	0	nan	0	0	0	0.098313	0.000499	0.098313	0.000499	1.288575	0.006540
281	U	6123	459311	398983	0.015347	59046	4	459311	2026	3657485	3094103	0.000655	156598	876	3639711	0	0	0	nan	0	0	0	0.014692	0.000197	0.014692	0.000197	0.192566	0.002582
282	G	3075	459311	384106	0.008006	59005	4	459311	1619	3659220	3035572	0.000533	156599	877	3641559	0	0	0	nan	0	0	0	0.007472	0.000145	0.007472	0.000145	0.097934	0.001900
283	A	41001	459311	399475	0.102637	58975	4	459311	1502	3661355	3071748	0.000489	156601	877	3643778	0	0	0	nan	0	0	0	0.102148	0.000507	0.102148	0.000507	1.338840	0.006645
284	G	12387	459311	400766	0.030908	58939	4	459311	12940	3667458	3086360	0.004193	156603	878	3649953	0	0	0	nan	0	0	0	0.026716	0.000280	0.026716	0.000280	0.350163	0.003670
285	U	4388	459311	405272	0.010827	58929	4	459311	4637	3681050	3211287	0.001444	156605	878	3663613	0	0	0	nan	0	0	0	0.009383	0.000165	0.009383	0.000165	0.122982	0.002163
286	U	4610	459311	406125	0.011351	58915	4	459311	2334	3691424	3202937	0.000729	156623	883	3674044	0	0	0	nan	0	0	0	0.010622	0.000168	0.010622	0.000168	0.139221	0.002202
287	U	4767	459311	411133	0.011595	58901	4	459311	1971	3694301	3222959	0.000612	156627	883	3676990	0	0	0	nan	0	0	0	0.010983	0.000168	0.010983	0.000168	0.143953	0.002202
288	G	3684	459311	413511	0.008909	58882	4	459311	4762	3692837	3252853	0.001464	156640	884	3675609	0	0	0	nan	0	0	0	0.007445	0.000148	0.007445	0.000148	0.097581	0.001940
289	G	1943	459311	398758	0.004873	58862	4	459311	2634	3692253	3218029	0.000819	156642	884	3675170	0	0	0	nan	0	0	0	0.004054	0.000112	0.004054	0.000112	0.053135	0.001468
290	A	13417	459311	385554	0.034799	58837	4	459311	2759	3688348	3193949	0.000864	156646	885	3671419	0	0	0	nan	0	0	0	0.033935	0.000301	0.033935	0.000301	0.444781	0.003945
291	C	33238	459311	364413	0.091210	58819	4	459311	3500	3689898	3188574	0.001098	156648	887	3673053	0	0	0	nan	0	0	0	0.090112	0.000501	0.090112	0.000501	1.181086	0.006567
292	A	17255	459311	354292	0.048703	58795	4	459311	1506	3693021	3206745	0.000470	156648	887	3676344	0	0	0	nan	0	0	0	0.048233	0.000371	0.048233	0.000371	0.632183	0.004863
293	A	22782	459311	350831	0.064937	58761	4	459311	1170	3696098	3257006	0.000359	156649	887	3679597	0	0	0	nan	0	0	0	0.064578	0.000430	0.064578	0.000430	0.846415	0.005636
294	A	20531	459311	350719	0.058540	58704	4	459311	1391	3697407	3193174	0.000436	156655	888	3681028	0	0	0	nan	0	0	0	0.058104	0.000409	0.058104	0.000409	0.761561	0.005361
295	C	18535	459311	339759	0.054553	58658	4	459311	1604	3694167	3094764	0.000518	156664	892	3677903	0	0	0	nan	0	0	0	0.054035	0.000401	0.054035	0.000401	0.708229	0.005256
296	C	15752	459311	336915	0.046754	58612	4	459311	1672	3471057	2983317	0.000560	156668	892	3454887	0	0	0	nan	0	0	0	0.046193	0.000373	0.046193	0.000373	0.605445	0.004889
297	A	19134	459311	340904	0.056127	58526	4	459311	1552	3470844	2957500	0.000525	156667	894	3454760	0	0	0	nan	0	0	0	0.055602	0.000406	0.055602	0.000406	0.728768	0.005321
298	C	30362	459311	337389	0.089991	58303	4	459311	1298	3472080	3056581	0.000425	156664	895	3456098	0	0	0	nan	0	0	0	0.089566	0.000517	0.089566	0.000517	1.173929	0.006776
299	A	22621	459311	343336	0.065886	58212	4	459311	1334	3475284	3093277	0.000431	156670	902	3459445	0	0	0	nan	0	0	0	0.065455	0.000438	0.065455	0.000438	0.857910	0.005741
300	A	22886	459311	346994	0.065955	58069	4	459311	993	3479457	3036824	0.000327	156671	902	3463725	0	0	0	nan	0	0	0	0.065628	0.000436	0.065628	0.000436	0.860177	0.005715
301	C	27983	459311	344105	0.081321	57845	4	459311	951	3481431	2888141	0.000329	156671	904	3465892	0	0	0	nan	0	0	0	0.080992	0.000486	0.080992	0.000486	1.061551	0.006370
302	U	4645	459311	342015	0.013581	57707	4	459311	3318	3483195	2852993	0.001163	156674	905	3467850	0	0	0	nan	0	0	0	0.012418	0.000200	0.012418	0.000200	0.162761	0.002621
303	A	36050	459311	355420	0.101429	57551	4	459311	1518	3486891	2954142	0.000514	156674	906	3471680	0	0	0	nan	0	0	0	0.100915	0.000534	0.100915	0.000534	1.322679	0.006999
304	G	7759	459311	368307	0.021067	57336	4	459311	1788	3488912	3126334	0.000572	156680	908	3473854	0	0	0	nan	0	0	0	0.020495	0.000240	0.020495	0.000240	0.268625	0.003146
305	A	21302	459311	368071	0.057875	57102	4	459311	1287	3490376	3081631	0.000418	156680	908	3475418	0	0	0	nan	0	0	0	0.057457	0.000397	0.057457	0.000397	0.753081	0.005203
306	A	35543	459311	376185	0.094483	56885	4	459311	1111	3493888	2979053	0.000373	156680	909	3479067	0	0	0	nan	0	0	0	0.094110	0.000501	0.094110	0.000501	1.233487	0.006567
307	U	6469	459311	381916	0.016938	56707	4	459311	1978	3496540	3008665	0.000657	156680	910	3481798	0	0	0	nan	0	0	0	0.016281	0.000211	0.016281	0.000211	0.213393	0.002766
308	G	2260	459311	378997	0.005963	56479	4	459311	5065	3499330	2962670	0.001710	156682	913	3484684	0	0	0	nan	0	0	0	0.004254	0.000128	0.004254	0.000128	0.055757	0.001678
309	C	13583	459311	380656	0.035683	56231	4	459311	1658	3502030	3021584	0.000549	156682	914	3487449	0	0	0	nan	0	0	0	0.035134	0.000306	0.035134	0.000306	0.460496	0.004011
310	A	16068	459311	378981	0.042398	56028	4	459311	1557	3506513	3053941	0.000510	156682	914	3491993	0	0	0	nan	0	0	0	0.041888	0.000335	0.041888	0.000335	0.549020	0.004391
311	G	2877	459311	364988	0.007882	55801	4	459311	1468	3512409	3114147	0.000471	156687	916	3497937	0	0	0	nan	0	0	0	0.007411	0.000147	0.007411	0.000147	0.097135	0.001927
312	U	6060	459311	360267	0.016821	55530	4	459311	2837	3518125	3118317	0.000910	156693	922	3503707	0	0	0	nan	0	0	0	0.015911	0.000217	0.015911	0.000217	0.208543	0.002844
313	G	56336	459311	358013	0.157357	55283	4	459311	101992	3522865	2952616	0.034543	156694	922	3508480	0	0	0	nan	0	0	0	0.122814	0.000672	0.122814	0.000672	1.609706	0.008808
314	A	29781	459311	326351	0.091255	55085	4	459311	34930	3533769	2922146	0.011954	156694	923	3519440	0	0	0	nan	0	0	0	0.079301	0.000533	0.079301	0.000533	1.039387	0.006986
315	A	43246	459311	370901	0.116597	54961	4	459311	2211	3545032	2967468	0.000745	156694	923	3530800	0	0	0	nan	0	0	0	0.115852	0.000561	0.115852	0.000561	1.518456	0.007353
316	A	10049	459311	389437	0.025804	54863	4	459311	1089	3553258	3038290	0.000358	156694	923	3539226	0	0	0	nan	0	0	0	0.025445	0.000258	0.025445	0.000258	0.333504	0.003382
317	A	6056	459311	394912	0.015335	54764	4	459311	1063	3559574	3050013	0.000349	156694	923	3545753	0	0	0	nan	0	0	0	0.014987	0.000197	0.014987	0.000197	0.196433	0.002582
318	A	8807	459311	394890	0.022302	54673	4	459311	1265	3570119	3037383	0.000416	156698	925	3556681	0	0	0	nan	0	0	0	0.021886	0.000238	0.021886	0.000238	0.286857	0.003119
319	A	12750	459311	398910	0.031962	53357	4	459311	1190	3578642	3097894	0.000384	156676	927	3565639	0	0	0	nan	0	0	0	0.031578	0.000283	0.031578	0.000283	0.413888	0.003709
320	A	29681	459311	403980	0.073471	53289	4	459311	2255	3585013	3125191	0.000722	156676	928	3572224	0	0	0	nan	0	0	0	0.072750	0.000427	0.072750	0.000427	0.953524	0.005597
321	U	6059	459311	406336	0.014911	53227	4	459311	1510	3590718	3228157	0.000468	156677	931	3578122	0	0	0	nan	0	0	0	0.014444	0.000192	0.014444	0.000192	0.189316	0.002517
322	G	2784	459311	403463	0.006900	53188	4	459311	3292	3595403	3256323	0.001011	156679	934	3582949	0	0	0	nan	0	0	0	0.005889	0.000132	0.005889	0.000132	0.077186	0.001730
323	C	34206	459311	405473	0.084361	53115	4	459311	15431	3598388	3332352	0.004631	156679	935	3586014	0	0	0	nan	0	0	0	0.079730	0.000458	0.079730	0.000458	1.045010	0.006003
324	U	10738	459311	398545	0.026943	53009	4	459311	11882	3600481	3296542	0.003604	156679	938	3588171	0	0	0	nan	0	0	0	0.023339	0.000262	0.023339	0.000262	0.305901	0.003434
325	U	8565	459311	389597	0.021984	52875	4	459311	3931	3602798	3228727	0.001218	156678	939	3590579	0	0	0	nan	0	0	0	0.020767	0.000238	0.020767	0.000238	0.272190	0.003119
326	U	6812	459311	372446	0.018290	52731	4	459311	2566	3605850	3143807	0.000816	156676	940	3593718	0	0	0	nan	0	0	0	0.017474	0.000222	0.017474	0.000222	0.229029	0.002910
327	A	45925	459311	384300	0.119503	52633	4	459311	3402	3606946	3084855	0.001103	156672	942	3594865	0	0	0	nan	0	0	0	0.118400	0.000558	0.118400	0.000558	1.551852	0.007314
328	U	5924	459311	377143	0.015708	52518	4	459311	6487	3608667	2995908	0.002165	156672	950	3596680	0	0	0	nan	0	0	0	0.013542	0.000206	0.013542	0.000206	0.177493	0.002700
329	U	7651	459311	373964	0.020459	52401	4	459311	6267	3610488	3032761	0.002066	156668	951	3598624	0	0	0	nan	0	0	0	0.018393	0.000235	0.018393	0.000235	0.241075	0.003080
330	U	6404	459311	378148	0.016935	52273	4	459311	2599	3614103	3110789	0.000835	156637	951	3602334	0	0	0	nan	0	0	0	0.016100	0.000212	0.016100	0.000212	0.211020	0.002779
331	G	12609	459311	384840	0.032764	52157	4	459311	2622	3617766	3218989	0.000815	156638	951	3606070	0	0	0	nan	0	0	0	0.031950	0.000292	0.031950	0.000292	0.418764	0.003827
332	U	5490	459311	388060	0.014147	52010	4	459311	3895	3619968	3267575	0.001192	156500	951	3608344	0	0	0	nan	0	0	0	0.012955	0.000192	0.012955	0.000192	0.169799	0.002517
333	G	11410	459311	374303	0.030483	51851	4	459311	4075	3622029	3158236	0.001290	156502	952	3610445	0	0	0	nan	0	0	0	0.029193	0.000286	0.029193	0.000286	0.382629	0.003749
334	A	14308	459311	364668	0.039236	51735	4	459311	1705	3623160	3110792	0.000548	156500	954	3611583	0	0	0	nan	0	0	0	0.038688	0.000328	0.038688	0.000328	0.507078	0.004299
335	A	39732	459311	378182	0.105061	51620	4	459311	1286	3624769	3046467	0.000422	156448	957	3613205	0	0	0	nan	0	0	0	0.104638	0.000527	0.104638	0.000527	1.371476	0.006907
336	A	43282	459311	387542	0.111683	51579	4	459311	2736	3627606	3016140	0.000907	156243	958	3616057	0	0	0	nan	0	0	0	0.110776	0.000537	0.110776	0.000537	1.451926	0.007038
337	U	5110	459311	393526	0.012985	51487	4	459311	8704	3630827	3080234	0.002826	156239	963	3619290	0	0	0	nan	0	0	0	0.010159	0.000184	0.010159	0.000184	0.133153	0.002412
338	U	8118	459311	396842	0.020457	51375	4	459311	2718	3635340	3119550	0.000871	156062	964	3623835	0	0	0	nan	0	0	0	0.019585	0.000228	0.019585	0.000228	0.256698	0.002988
339	U	7442	459311	407335	0.018270	51167	4	459311	2440	3643074	3248309	0.000751	155761	970	3631646	0	0	0	nan	0	0	0	0.017519	0.000212	0.017519	0.000212	0.229619	0.002779
340	G	9941	459311	405149	0.024537	50885	4	459311	2397	3646337	3216362	0.000745	155754	973	3634997	0	0	0	nan	0	0	0	0.023791	0.000247	0.023791	0.000247	0.311825	0.003237
341	U	5230	459311	404322	0.012935	50587	4	459311	4038	3648408	3229039	0.001251	155302	972	3637172	0	0	0	nan	0	0	0	0.011685	0.000180	0.011685	0.000180	0.153154	0.002359
342	G	4257	459311	396071	0.010748	50367	4	459311	1705	3650334	3167108	0.000538	155305	982	3639223	0	0	0	nan	0	0	0	0.010210	0.000165	0.010210	0.000165	0.133821	0.002163
343	A	32534	459311	396910	0.081968	49964	4	459311	1160	3652077	3234703	0.000359	155023	984	3641029	0	0	0	nan	0	0	0	0.081610	0.000455	0.081610	0.000455	1.069651	0.005964
344	U	5857	459311	397474	0.014736	49853	4	459311	2804	3654511	3235064	0.000867	155021	988	3643531	0	0	0	nan	0	0	0	0.013869	0.000193	0.013869	0.000193	0.181779	0.002530
345	G	2585	459311	396832	0.006514	49704	4	459311	4687	3659818	3257183	0.001439	154986	991	3648916	0	0	0	nan	0	0	0	0.005075	0.000130	0.005075	0.000130	0.066517	0.001704
346	C	30710	459311	389554	0.078834	49605	4	459311	1674	3663929	3153962	0.000531	154984	992	3653056	0	0	0	nan	0	0	0	0.078303	0.000450	0.078303	0.000450	1.026307	0.005898
347	U	5849	459311	385603	0.015168	49526	4	459311	2959	3667415	3125824	0.000947	154988	1006	3656575	0	0	0	nan	0	0	0	0.014222	0.000199	0.014222	0.000199	0.186406	0.002608
348	A	34708	459311	378483	0.091703	49449	4	459311	2320	3674244	2974094	0.000780	154973	1012	3663430	0	0	0	nan	0	0	0	0.090923	0.000492	0.090923	0.000492	1.191715	0.006449
349	U	7957	459311	388049	0.020505	49378	4	459311	5715	3680363	3055374	0.001870	154973	1014	3669577	0	0	0	nan	0	0	0	0.018635	0.000231	0.018635	0.000231	0.244246	0.003028
350	U	6051	459311	391093	0.015472	49323	4	459311	3498	3687137	3097187	0.001129	154953	1017	3676383	0	0	0	nan	0	0	0	0.014343	0.000200	0.014343	0.000200	0.187992	0.002621
351	G	1914	459311	410595	0.004662	49241	4	459311	3566	3693008	3357524	0.001062	154919	1028	3682300	0	0	0	nan	0	0	0	0.003599	0.000108	0.003599	0.000108	0.047172	0.001416
352	C	29817	459311	408999	0.072902	49186	4	459311	28250	3698594	3306629	0.008543	154921	1031	3687929	0	0	0	nan	0	0	0	0.064359	0.000425	0.064359	0.000425	0.843545	0.005570
353	U	9387	459311	403173	0.023283	49127	4	459311	9844	3702972	3293180	0.002989	154953	1037	3692334	0	0	0	nan	0	0	0	0.020294	0.000242	0.020294	0.000242	0.265991	0.003172
354	U	8697	459311	398761	0.021810	49033	4	459311	3480	3708242	3262271	0.001067	154943	1040	3697618	0	0	0	nan	0	0	0	0.020743	0.000235	0.020743	0.000235	0.271876	0.003080
355	U	7403	459311	391877	0.018891	48872	4	459311	1618	3710682	3354239	0.000482	154919	1042	3700080	0	0	0	nan	0	0	0	0.018409	0.000220	0.018409	0.000220	0.241284	0.002884
356	A	45413	459311	402666	0.112781	48672	4	459311	3523	3711563	3149311	0.001119	154908	1043	3700992	0	0	0	nan	0	0	0	0.111662	0.000530	0.111662	0.000530	1.463538	0.006947
357	U	5633	459311	400980	0.014048	48595	4	459311	8535	3712945	3151309	0.002708	154908	1047	3702377	0	0	0	nan	0	0	0	0.011340	0.000189	0.011340	0.000189	0.148632	0.002477
358	U	8663	459311	393762	0.022001	48419	4	459311	2266	3715079	2978186	0.000761	154907	1048	3704532	0	0	0	nan	0	0	0	0.021240	0.000237	0.021240	0.000237	0.278390	0.003106
359	U	9033	459311	407605	0.022161	48234	4	459311	11108	3716075	3223387	0.003446	154905	1052	3705597	0	0	0	nan	0	0	0	0.018715	0.000235	0.018715	0.000235	0.245295	0.003080
360	G	7753	459311	410714	0.018877	47957	4	459311	1883	3719409	3209015	0.000587	154981	1052	3709002	0	0	0	nan	0	0	0	0.018290	0.000215	0.018290	0.000215	0.239725	0.002818
361	U	6956	459311	414339	0.016788	47834	4	459311	3310	3720874	3430626	0.000965	154982	1052	3710509	0	0	0	nan	0	0	0	0.015823	0.000202	0.015823	0.000202	0.207390	0.002648
362	A	25244	459311	420493	0.060034	47560	4	459311	2627	3722804	3305812	0.000795	154982	1055	3712533	0	0	0	nan	0	0	0	0.059240	0.000378	0.059240	0.000378	0.776451	0.004954
363	A	0	459311	430001	0.000000	47209	4	459311	0	3724102	3357428	0.000000	154980	1056	3713886	0	0	0	nan	0	0	0	0.000000	0.000000	0.000000	0.000000	0.000000	0.000000
364	c	0	459311	0	nan	46896	4	459311	0	3725591	0	nan	155045	1077	3715403	0	0	0	nan	0	0	0	nan	nan	nan	nan	nan	nan
365	c	0	459311	0	nan	46202	4	459311	0	3726485	0	nan	155030	1077	3716329	0	0	0	nan	0	0	0	nan	nan	nan	nan	nan	nan
366	a	0	459311	0	nan	46009	4	459311	0	3728262	0	nan	155029	1078	3718156	0	0	0	nan	0	0	0	nan	nan	nan	nan	nan	nan
367	u	0	459311	0	nan	45287	4	459311	0	3729288	0	nan	155025	1077	3719189	0	0	0	nan	0	0	0	nan	nan	nan	nan	nan	nan
368	u	0	459311	0	nan	44439	4	459311	0	3730078	0	nan	154978	1079	3720571	0	0	0	nan	0	0	0	nan	nan	nan	nan	nan	nan
369	a	0	459311	0	nan	44410	4	459311	0	3724756	0	nan	154978	1090	3724202	0	0	0	nan	0	0	0	nan	nan	nan	nan	nan	nan
370	u	0	459311	0	nan	43801	4	459311	0	3727324	0	nan	154951	1097	3726772	0	0	0	nan	0	0	0	nan	nan	nan	nan	nan	nan
371	a	0	459311	0	nan	43785	4	459311	0	3730659	0	nan	154951	1100	3730197	0	0	0	nan	0	0	0	nan	nan	nan	nan	nan	nan
372	a	0	459311	0	nan	42827	4	459311	0	3739240	0	nan	154922	1109	3738797	0	0	0	nan	0	0	0	nan	nan	nan	nan	nan	nan
373	g	0	459311	0	nan	42809	4	459311	0	3755206	0	nan	154919	1112	3754765	0	0	0	nan	0	0	0	nan	nan	nan	nan	nan	nan
374	c	0	459311	0	nan	42789	4	459311	0	3760547	0	nan	154920	1113	3760114	0	0	0	nan	0	0	0	nan	nan	nan	nan	nan	nan
375	u	0	459311	0	nan	42588	4	459311	0	3763019	0	nan	154831	1115	3762590	0	0	0	nan	0	0	0	nan	nan	nan	nan	nan	nan
376	g	0	459311	0	nan	42216	4	459311	0	3763014	0	nan	154358	1114	3762590	0	0	0	nan	0	0	0	nan	nan	nan	nan	nan	nan
377	c	0	459311	0	nan	42168	4	459311	0	3763007	0	nan	154356	1110	3762590	0	0	0	nan	0	0	0	nan	nan	nan	nan	nan	nan
378	a	0	459311	0	nan	42156	4	459311	0	3763002	0	nan	154355	1109	3762590	0	0	0	nan	0	0	0	nan	nan	nan	nan	nan	nan
379	a	0	459311	0	nan	42019	4	459311	0	3762988	0	nan	153710	1107	3762590	0	0	0	nan	0	0	0	nan	nan	nan	nan	nan	nan
380	u	0	459311	0	nan	41865	4	459311	0	3762981	0	nan	153099	1104	3762590	0	0	0	nan	0	0	0	nan	nan	nan	nan	nan	nan
381	a	0	459311	0	nan	41752	4	459311	0	3762923	0	nan	153096	1104	3762588	0	0	0	nan	0	0	0	nan	nan	nan	nan	nan	nan
382	a	0	459311	0	nan	41704	4	459311	0	3762871	0	nan	151982	1102	3762588	0	0	0	nan	0	0	0	nan	nan	nan	nan	nan	nan
383	a	0	459311	0	nan	41593	4	459311	0	3762805	0	nan	151148	1098	3762587	0	0	0	nan	0	0	0	nan	nan	nan	nan	nan	nan
384	c	0	459311	0	nan	41315	4	459311	0	3762716	0	nan	150500	1096	3762586	0	0	0	nan	0	0	0	nan	nan	nan	nan	nan	nan
385	a	0	459311	0	nan	40869	4	459311	0	3762689	0	nan	150498	1096	3762586	0	0	0	nan	0	0	0	nan	nan	nan	nan	nan	nan
386	a	0	459311	0	nan	40621	4	459311	0	3762621	0	nan	149891	1094	3762584	0	0	0	nan	0	0	0	nan	nan	nan	nan	nan	nan
387	g	0	459311	0	nan	40616	4	459311	0	3762588	0	nan	149886	1094	3762583	0	0	0	nan	0	0	0	nan	nan	nan	nan	nan	nan
388	u	0	459311	0	nan	40605	4	459311	0	3762583	0	nan	149881	1093	3762583	0	0	0	nan	0	0	0	nan	nan	nan	nan	nan	nan
389	u	0	459150	0	nan	40604	4	459150	0	3762552	0	nan	149881	1093	3762552	0	0	0	nan	0	0	0	nan	nan	nan	nan	nan	nan
390	a	0	459141	0	nan	40604	4	459141	0	3762495	0	nan	149881	1093	3762495	0	0	0	nan	0	0	0	nan	nan	nan	nan	nan	nan
391	a	0	459062	0	nan	40603	4	459062	0	3762463	0	nan	149881	1093	3762463	0	0	0	nan	0	0	0	nan	nan	nan	nan	nan	nan
392	c	0	458802	0	nan	40597	4	458802	0	3762414	0	nan	149879	1091	3762414	0	0	0	nan	0	0	0	nan	nan	nan	nan	nan	nan
393	a	0	458628	0	nan	40573	4	458628	0	3762405	0	nan	149878	1090	3762405	0	0	0	nan	0	0	0	nan	nan	nan	nan	nan	nan
394	a	0	458550	0	nan	40573	4	458550	0	3762343	0	nan	149878	1088	3762343	0	0	0	nan	0	0	0	nan	nan	nan	nan	nan	nan
395	c	0	458358	0	nan	40566	4	458358	0	3762161	0	nan	149874	1087	3762161	0	0	0	nan	0	0	0	nan	nan	nan	nan	nan	nan
396	a	0	458331	0	nan	40564	4	458331	0	3762079	0	nan	149870	1087	3762079	0	0	0	nan	0	0	0	nan	nan	nan	nan	nan	nan
397	a	0	457931	0	nan	40526	4	457931	0	3760301	0	nan	149789	1084	3760301	0	0	0	nan	0	0	0	nan	nan	nan	nan	nan	nan
398	c	0	457060	0	nan	40427	4	457060	0	3754988	0	nan	149609	1081	3754988	0	0	0	nan	0	0	0	nan	nan	nan	nan	nan	nan