983	Window=3	Metric=PAIRMAPPER	
i	j	Sig.	Class	Zij	Zi	Zj	Mod_Depth	Mod_Comuts	Unt_Depth	Unt_Comuts
144	155	1886.82	1	11.87	12.16	11.57	948658	3181	1162455	105
167	199	666.84	1	3.40	1.91	4.89	960014	2395	1156962	107
168	198	160.78	1	5.56	10.85	0.27	957314	473	1152491	22
169	197	318.94	1	5.35	9.75	0.95	955193	900	1148872	71
170	196	686.52	1	4.57	4.62	4.51	958059	1208	1153563	39
468	478	169.72	1	8.25	7.15	9.34	469638	607	856570	98
44	83	112.20	2	2.72	4.44	1.01	966253	3132	1191044	21
45	82	177.85	2	2.96	2.57	3.35	979317	3569	1191656	59
48	79	42.16	2	2.12	0.47	3.77	967533	1269	1199183	8
63	81	240.23	2	4.52	2.58	6.47	954432	2436	1177948	98
70	87	255.66	2	5.80	10.53	1.06	955676	5991	1183215	76
87	111	79.21	2	3.79	0.26	7.33	979635	1820	1182459	62
87	136	104.63	2	3.66	0.38	6.94	975263	2301	1178856	75
88	135	70.13	2	2.00	0.67	3.33	977076	1667	1174455	48
89	107	70.95	2	3.57	6.42	0.72	963549	3468	1179576	20
95	147	104.28	2	2.87	3.41	2.34	955128	2623	1164383	7
97	108	65.95	2	2.05	3.74	0.36	972906	2853	1181845	14
98	107	94.47	2	8.12	15.27	0.98	963890	3149	1185175	15
108	136	91.03	2	3.27	0.52	6.03	970472	3145	1174395	9
113	128	158.33	2	3.32	3.96	2.67	975007	1246	1175296	83
114	127	466.03	2	5.60	7.44	3.77	977253	1877	1180451	76
114	139	41.49	2	2.68	0.62	4.74	980123	1109	1174147	67
115	126	781.77	2	8.29	10.46	6.13	965424	1743	1175698	43
116	125	1132.59	2	9.47	10.20	8.74	965579	2122	1179999	18
143	156	109.00	2	3.43	6.24	0.62	948636	1088	1163972	42
162	204	483.84	2	5.65	5.65	5.65	954013	2017	1166987	14
163	203	678.70	2	5.82	4.70	6.95	956775	1877	1159224	10
164	201	220.40	2	5.53	1.95	9.11	937507	3964	1126055	47
164	205	242.73	2	3.84	2.16	5.53	956701	2421	1160340	22
170	205	161.78	2	2.36	1.05	3.67	951755	803	1156322	15
171	191	291.15	2	5.13	0.71	9.54	958360	1553	1153359	17
177	187	175.10	2	4.38	0.71	8.06	952748	823	1155077	199
177	188	446.79	2	5.02	1.88	8.16	956551	2362	1153845	163
178	187	191.50	2	4.74	0.66	8.81	959522	745	1159418	163
178	190	288.57	2	3.97	1.02	6.92	961382	2147	1153742	195
179	189	238.39	2	3.11	1.63	4.59	943884	1916	1145372	150
179	190	230.73	2	3.55	1.58	5.53	953115	1997	1153772	198
187	197	120.34	2	2.92	5.52	0.33	961039	643	1151516	115
216	234	365.83	2	6.53	5.83	7.22	955234	3165	1142012	37
217	233	609.16	2	9.88	11.20	8.55	956505	2295	1149422	59
220	230	69.30	2	3.94	6.53	1.35	951640	1515	1136943	43
233	256	368.15	2	6.81	5.15	8.48	936333	2934	1125853	57
256	269	89.74	2	2.00	2.00	2.01	927544	4620	1122033	59
256	296	130.66	2	2.36	2.95	1.76	927790	3760	1066802	46
265	296	83.17	2	4.21	7.33	1.10	921981	1783	1055024	26
274	290	595.33	2	10.55	12.97	8.13	926354	7060	1114810	14
278	287	949.83	2	10.56	8.22	12.90	920790	3040	1127737	18
306	317	69.04	2	2.24	1.09	3.38	895675	2977	1066569	16
306	331	93.03	2	2.82	1.49	4.16	878284	1572	1053714	11
307	330	156.52	2	4.73	2.55	6.90	894492	3191	1068491	13
308	329	238.21	2	6.51	5.13	7.88	905767	2762	1071270	10
351	370	57.13	2	3.16	6.04	0.28	943607	1376	1104258	23
352	369	102.39	2	3.41	6.26	0.56	944317	1194	1116383	20
353	371	119.37	2	4.03	7.44	0.62	948056	737	1125856	15
354	366	116.84	2	2.77	2.74	2.79	956336	808	1129997	20
358	416	77.37	2	2.22	0.21	4.23	962156	1622	1130163	28
360	415	339.20	2	3.33	1.74	4.93	966869	3046	1136579	27
361	414	300.97	2	5.18	8.26	2.10	975169	1914	1143631	20
362	371	142.71	2	2.76	4.77	0.75	953756	905	1128470	12
363	373	69.81	2	3.33	3.36	3.29	949002	1151	1137140	18
368	386	444.78	2	7.30	12.03	2.56	944094	1855	1120832	21
369	382	148.50	2	2.44	0.83	4.04	938575	1304	1103146	33
369	385	737.08	2	6.47	4.32	8.63	941626	2128	1113004	17
370	384	1054.76	2	8.14	6.01	10.26	955848	1746	1128571	12
371	383	298.90	2	5.39	1.62	9.17	936820	783	1107237	9
372	385	642.66	2	6.88	6.25	7.52	934616	1011	1108375	20
373	384	95.24	2	2.71	4.51	0.90	953407	1680	1142858	8
390	399	461.17	2	9.23	5.85	12.61	924418	3761	1150273	62
398	419	58.13	2	4.17	1.34	7.01	955626	997	1154623	35
411	426	97.58	2	2.03	1.27	2.78	1443279	2756	2038916	34
415	425	834.88	2	9.50	12.17	6.83	1448180	3302	2023343	84
425	449	64.13	2	2.05	0.51	3.60	473315	1680	865129	45
426	435	77.67	2	3.84	2.21	5.47	470847	962	871169	22
426	444	58.06	2	2.86	1.65	4.07	473937	1051	870969	21
433	488	49.53	2	2.03	3.54	0.53	448152	2522	853704	9
434	487	31.79	2	2.35	1.41	3.29	458734	2480	851577	12
452	478	66.31	2	2.99	2.33	3.65	468263	595	856702	45
453	477	44.60	2	2.35	2.75	1.95	467168	703	853765	17
510	566	75.53	2	2.71	2.70	2.73	466315	946	842504	29
510	567	172.24	2	4.69	6.15	3.24	468275	1555	842876	21
511	566	163.79	2	4.83	3.74	5.91	465526	1569	842041	22
512	565	84.19	2	4.20	1.16	7.25	461814	1270	841604	18
513	564	72.65	2	3.31	1.47	5.15	463814	987	843888	26
514	563	124.13	2	4.30	5.18	3.42	454603	1418	847243	91
514	568	137.18	2	4.23	5.72	2.73	455196	1816	844051	53
515	537	48.12	2	2.41	1.25	3.57	451570	1937	844116	237
515	562	91.51	2	2.69	2.37	3.01	457072	1618	846123	137
533	556	84.41	2	5.24	6.24	4.25	444282	2371	831077	85
553	568	91.98	2	5.12	8.40	1.83	464244	1981	842813	48
556	570	30.70	2	2.90	1.55	4.25	452879	2574	830493	55
568	583	85.36	2	4.18	1.70	6.66	467168	2301	844734	24
593	673	269.93	2	2.04	2.96	1.12	1718831	7440	2098695	216
595	631	364.38	2	2.76	4.19	1.33	1713113	6853	2101396	117
600	659	350.05	2	2.63	3.36	1.90	1730308	4534	2093679	236
601	619	384.40	2	3.06	2.70	3.43	1735769	2307	2124623	263
602	631	471.36	2	2.22	2.73	1.72	1729716	3804	2097985	86
603	620	274.55	2	2.33	3.15	1.51	1743016	1435	2122271	122
603	630	540.57	2	3.89	6.21	1.56	1762951	3153	2122018	46
604	629	556.25	2	6.35	11.49	1.22	1755150	3709	2111663	40
605	655	218.17	2	3.43	4.81	2.04	1724652	9119	2101514	92
609	647	96.56	2	2.51	0.31	4.71	1727114	3834	2117821	27
611	620	2713.58	2	11.10	7.38	14.83	1692062	5506	2122615	262
655	672	271.50	2	2.29	2.54	2.04	1706040	8528	2092590	96
672	684	432.97	2	2.36	3.26	1.46	1672061	10524	2094386	330
679	704	488.87	2	3.60	4.19	3.01	1665846	6718	2071565	132
680	703	280.38	2	3.12	1.74	4.51	1663007	5353	2059212	76
682	729	422.26	2	3.62	3.45	3.78	1644214	7396	2072009	155
686	722	242.51	2	5.85	6.50	5.19	1602131	3702	2066412	96
686	724	111.19	2	3.02	2.98	3.05	1609137	6184	2067613	398
687	723	439.67	2	7.94	3.77	12.11	1601138	5490	2080120	34
696	724	128.88	2	3.02	2.52	3.53	1709284	2425	2071968	606
697	717	257.22	2	3.23	5.05	1.41	1704422	3097	2087309	382
697	721	86.91	2	2.53	1.72	3.34	1686344	1181	2067566	146
698	716	248.38	2	2.51	3.94	1.09	1698001	2928	2082251	278
702	713	930.84	2	9.16	16.00	2.31	1659389	3707	2075185	23
702	717	208.39	2	2.37	3.59	1.15	1679284	1843	2078143	116
707	717	839.44	2	8.81	13.02	4.60	1620001	9646	2085590	310
708	719	559.04	2	6.99	6.27	7.70	1611573	8114	2064864	923
719	730	250.39	2	2.94	3.45	2.43	1686107	12404	2074378	471
760	822	1333.94	2	4.52	5.67	3.38	1237343	8292	1202177	39
761	821	619.87	2	3.22	2.78	3.66	1233321	5464	1197170	43
762	820	303.84	2	4.20	7.48	0.92	1217950	3211	1181362	33
763	819	188.94	2	3.36	5.90	0.83	1236442	2566	1191862	37
764	818	164.32	2	3.52	6.25	0.79	1242458	1734	1194033	20
765	783	64.66	2	2.74	2.79	2.68	1245578	3100	1215100	40
776	798	938.84	2	6.64	9.64	3.65	1240610	2934	1205923	31
777	797	806.57	2	5.98	3.97	7.99	1243783	2364	1207539	99
781	794	1149.25	2	6.97	4.83	9.11	1231585	4124	1203235	30
782	793	499.93	2	4.70	4.33	5.07	1234980	2933	1209354	26
804	843	1450.85	2	4.91	3.03	6.79	1240590	8023	1189728	13
805	842	972.38	2	4.57	5.55	3.58	1245424	4189	1194783	8
806	841	225.94	2	3.86	6.83	0.89	1252910	2239	1209293	26
806	843	177.43	2	3.16	5.38	0.94	1238434	1757	1191113	62
807	840	771.52	2	5.20	4.56	5.83	1248594	2644	1213868	31
808	839	1118.25	2	6.57	5.44	7.70	1257431	3448	1219019	35
809	838	1292.35	2	7.00	6.73	7.27	1257770	3409	1222195	46
810	837	1297.23	2	7.18	5.26	9.10	1266406	4572	1221746	115
28	37	82.20	0	5.41	8.92	1.90	940294	2091	1173606	39
28	42	49.45	0	3.92	5.34	2.51	969864	5546	1190023	24
29	101	56.11	0	1.51	2.60	0.43	950637	5566	1167816	9
29	102	33.17	0	0.92	1.51	0.34	960805	4557	1190956	30
30	100	113.40	0	2.21	3.12	1.30	956570	5686	1197405	14
31	99	59.64	0	2.03	1.92	2.13	963558	2547	1194395	17
36	93	105.93	0	1.95	1.40	2.51	961221	4168	1183239	8
37	46	93.90	0	1.78	2.18	1.38	943198	2164	1172610	30
37	92	71.82	0	1.35	1.65	1.05	941837	4230	1148818	6
38	84	47.36	0	1.78	3.01	0.54	947993	2996	1182239	21
43	84	301.92	0	4.36	4.85	3.87	969220	8275	1195632	36
44	100	45.04	0	1.12	1.75	0.48	959674	2853	1194760	10
45	99	40.84	0	1.00	0.55	1.44	972439	2095	1191996	20
46	76	39.52	0	1.16	0.55	1.77	968481	3955	1189832	43
66	88	173.41	0	2.62	3.41	1.82	956863	5197	1182183	91
67	87	387.42	0	4.79	7.91	1.66	942471	8303	1187616	106
70	233	26.48	0	0.68	1.04	0.32	937677	2885	1155035	55
78	102	97.85	0	2.71	4.31	1.10	965790	5760	1186656	31
79	100	58.71	0	2.96	5.28	0.64	965284	2107	1195165	12
84	245	44.28	0	2.07	0.50	3.64	952036	6673	1127915	23
85	244	73.35	0	5.24	4.32	6.15	950886	5622	1122277	26
86	243	24.09	0	1.06	0.02	2.10	954284	4087	1133695	31
88	156	75.75	0	0.58	0.73	0.42	957030	2541	1166955	50
88	167	42.89	0	0.22	0.37	0.06	960574	1694	1172080	38
93	149	167.88	0	4.13	4.02	4.24	952110	5461	1171659	5
94	148	111.34	0	3.33	4.51	2.16	964926	3753	1178121	10
94	152	38.30	0	1.35	1.51	1.18	970872	3190	1177614	7
95	151	40.21	0	1.43	1.28	1.58	959424	2538	1177309	7
96	146	66.00	0	1.32	1.96	0.68	960949	2310	1172231	18
96	149	44.41	0	1.19	1.30	1.07	952391	3280	1175792	20
104	144	127.00	0	1.66	2.54	0.78	946490	1536	1169442	88
110	133	60.91	0	3.51	1.20	5.82	984672	4618	1181688	12
112	121	170.59	0	9.87	10.31	9.42	953829	2922	1184433	34
112	129	82.68	0	3.31	4.97	1.65	974422	1101	1175665	50
113	147	25.59	0	0.56	0.60	0.52	954169	1982	1163654	35
113	151	37.03	0	1.17	0.89	1.45	957990	2086	1176083	27
114	150	27.06	0	1.04	0.39	1.69	954386	2113	1179294	34
133	145	43.77	0	2.21	4.16	0.25	969989	2614	1173957	36
135	146	38.63	0	1.09	1.81	0.38	963027	2321	1169251	22
135	149	83.30	0	3.02	3.96	2.07	953853	3545	1172355	12
157	167	172.44	0	1.70	2.95	0.45	930452	1196	1169338	68
157	225	31.03	0	0.54	0.49	0.58	927739	4293	1146779	52
157	251	29.32	0	0.47	0.46	0.47	921853	1839	1125692	52
165	191	73.29	0	1.28	0.20	2.36	963321	2496	1156413	20
166	187	35.42	0	0.83	0.07	1.59	964702	894	1162516	18
166	190	103.00	0	1.39	0.33	2.44	966540	2941	1156295	27
167	217	28.68	0	0.25	0.02	0.49	954296	1143	1154683	28
167	256	33.83	0	0.37	0.04	0.70	936621	1721	1120814	34
169	202	64.27	0	1.23	1.92	0.53	953490	357	1138349	13
173	203	127.85	0	1.40	1.54	1.27	969050	2905	1155682	14
180	199	48.25	0	1.02	1.73	0.31	957812	1064	1153794	96
188	197	185.99	0	1.95	3.37	0.53	965100	1723	1151100	85
188	214	24.14	0	0.54	0.40	0.69	956822	3952	1145710	23
231	253	35.01	0	1.14	1.05	1.22	906269	4460	1106232	50
242	307	24.74	0	0.64	0.92	0.37	900433	1719	1042550	24
243	282	25.99	0	1.89	2.28	1.50	923966	9127	1107998	39
248	278	61.04	0	1.76	3.03	0.50	927122	2515	1114056	15
248	314	32.87	0	1.49	1.58	1.39	913834	1687	1047057	85
255	297	32.95	0	0.74	0.70	0.77	927531	2833	1063063	56
255	361	61.12	0	1.50	1.38	1.62	948116	1227	1070449	42
255	423	46.00	0	0.64	1.01	0.26	953441	3169	1072027	95
256	425	47.35	0	0.69	1.01	0.37	941482	2249	1074426	45
257	268	27.44	0	1.43	2.20	0.65	935147	2580	1120968	69
264	297	54.56	0	2.83	4.35	1.31	926765	3931	1070176	20
266	295	53.66	0	1.99	3.36	0.62	920383	1590	1086186	62
274	287	60.66	0	1.05	1.30	0.80	919981	2226	1114146	26
278	306	71.10	0	0.86	0.59	1.13	893765	1917	1063231	17
287	314	35.42	0	0.98	0.45	1.50	904445	1348	1075524	66
288	309	57.84	0	4.80	0.58	9.01	913197	7046	1064137	16
296	313	60.30	0	1.23	0.78	1.68	899623	2555	1052507	61
297	312	27.37	0	0.66	0.63	0.69	907059	1960	1058606	48
297	323	25.17	0	1.32	0.57	2.06	919818	4429	1074422	92
305	318	131.77	0	5.23	8.32	2.13	905716	2494	1076551	56
312	354	66.67	0	1.65	1.77	1.53	914676	830	1070013	38
312	361	38.94	0	1.01	1.01	1.00	922925	832	1072292	39
313	425	57.74	0	1.03	1.60	0.45	909207	1613	1069494	68
315	361	41.47	0	1.61	2.14	1.07	928505	702	1102409	42
342	380	55.92	0	4.87	6.78	2.96	912332	7428	1117979	55
350	371	54.93	0	3.87	7.48	0.26	941597	1447	1108937	20
351	373	24.32	0	1.82	2.53	1.11	940312	2186	1114949	27
351	378	26.99	0	2.85	2.81	2.90	927257	3109	1114600	17
353	390	28.49	0	1.02	1.72	0.33	937125	630	1130437	23
353	392	32.18	0	1.05	1.95	0.15	943203	1807	1133328	9
353	400	48.94	0	1.74	3.00	0.48	939933	1732	1136671	15
353	402	26.05	0	0.84	1.56	0.11	949715	2146	1136917	16
353	421	24.78	0	0.81	1.48	0.14	968008	1142	1138050	3
354	391	41.91	0	0.62	0.94	0.31	932562	1623	1131821	29
354	399	42.56	0	1.04	0.95	1.13	934383	1298	1137986	42
354	401	80.72	0	1.17	1.87	0.47	942684	2850	1136724	9
354	414	112.87	0	1.71	2.65	0.77	966468	1582	1137739	26
354	422	119.68	0	1.74	2.81	0.67	962535	1642	1135959	24
355	421	292.80	0	4.48	7.07	1.88	965054	4450	1134834	8
357	382	52.05	0	0.79	0.21	1.38	936580	1484	1099409	20
359	416	62.47	0	1.81	0.22	3.41	968180	1404	1137000	27
360	397	40.29	0	1.48	0.16	2.79	944984	1738	1136993	31
361	422	110.45	0	1.80	2.98	0.61	971062	1730	1141714	24
362	390	85.77	0	1.95	2.84	1.06	942433	842	1134410	28
362	392	47.52	0	0.89	1.54	0.25	948048	2208	1136955	13
362	400	52.63	0	1.12	1.71	0.52	944021	2076	1140495	15
362	402	36.96	0	0.67	1.18	0.16	953448	2614	1140567	15
362	421	40.11	0	0.76	1.28	0.24	971211	1421	1141897	3
362	423	72.91	0	1.41	2.40	0.43	964767	1016	1137263	30
363	378	49.98	0	3.90	2.38	5.42	935881	1548	1137135	8
363	404	54.12	0	1.74	2.59	0.89	951487	1107	1144226	30
363	411	27.49	0	0.81	1.27	0.34	956274	679	1145253	13
363	425	29.03	0	0.78	1.35	0.22	954256	578	1134957	20
364	387	55.17	0	0.96	1.46	0.45	959734	3078	1136469	27
365	410	336.61	0	5.79	8.30	3.29	948777	3883	1124460	13
370	405	34.72	0	1.71	0.15	3.27	942483	1128	1132907	13
372	382	78.82	0	1.42	0.72	2.12	931733	518	1098332	22
382	393	27.07	0	0.42	0.69	0.15	926869	2047	1125711	14
382	403	39.78	0	0.71	1.04	0.37	948692	1913	1124477	20
382	410	49.40	0	0.89	1.31	0.47	941400	1679	1115438	15
383	392	104.19	0	1.87	3.16	0.59	932231	1684	1116710	10
383	400	38.81	0	0.76	1.14	0.38	927645	1449	1120568	8
383	402	39.26	0	0.66	1.16	0.17	937076	1855	1120738	10
383	421	49.45	0	0.89	1.47	0.30	954561	1027	1121767	8
383	423	53.63	0	0.96	1.60	0.31	948378	713	1117628	37
393	418	27.81	0	1.81	0.16	3.47	947517	2221	1153557	16
394	405	25.53	0	1.44	0.48	2.40	939447	3128	1151031	7
422	453	43.86	0	1.47	0.23	2.70	477474	1539	861664	33
426	465	28.56	0	0.68	0.80	0.57	472711	1263	859317	34
432	489	40.74	0	1.15	1.74	0.56	456183	2623	855509	6
449	468	28.54	0	1.41	1.61	1.21	475310	1357	855408	67
449	492	69.51	0	2.59	3.90	1.28	440631	3107	853253	41
465	475	25.40	0	1.47	0.50	2.44	463978	2947	853227	20
491	586	33.93	0	0.36	0.41	0.30	460094	3482	837092	12
545	647	26.01	0	1.40	1.52	1.28	457367	1520	797205	27
561	606	28.47	0	0.83	1.11	0.56	472948	1857	812698	66
565	574	58.39	0	5.37	5.03	5.70	459838	2569	845209	22
576	596	26.66	0	1.60	2.17	1.03	446727	1789	810757	19
591	707	50.48	0	1.15	1.51	0.79	1618555	17371	2046556	108
596	628	47.87	0	1.01	1.85	0.17	1701628	2137	2112894	63
600	673	70.28	0	0.49	0.67	0.30	1737155	4002	2093691	206
608	625	207.47	0	1.32	1.06	1.59	1730871	3996	2116672	37
608	635	56.83	0	2.78	0.29	5.27	1705588	4212	2105531	54
608	636	674.02	0	2.55	3.43	1.67	1721800	12350	2110600	49
614	623	231.44	0	12.18	11.38	12.97	1730668	25015	2116743	51
615	644	26.64	0	0.74	1.12	0.36	1731670	14540	2091885	57
619	659	217.18	0	1.56	1.94	1.18	1707786	4361	2096842	226
619	673	81.68	0	0.54	0.73	0.34	1714702	4062	2097411	184
621	648	39.17	0	0.95	0.61	1.28	1732989	2646	2107143	38
634	644	28.04	0	0.57	0.76	0.38	1719099	9224	2084695	410
634	651	58.13	0	1.15	1.59	0.72	1689286	15643	2100781	267
634	657	192.17	0	3.18	5.27	1.09	1704411	17174	2096871	529
635	650	37.38	0	1.95	3.46	0.44	1699885	6325	2097824	47
636	650	73.01	0	0.51	0.18	0.85	1716144	16552	2102171	48
636	653	203.89	0	1.71	0.50	2.92	1691165	15482	2088774	134
649	721	56.57	0	1.54	0.91	2.18	1716353	2209	2036585	34
649	728	44.02	0	0.53	0.71	0.35	1716449	9154	2052093	30
650	727	159.54	0	1.78	1.84	1.72	1684596	10828	2038420	21
651	720	207.19	0	2.86	2.54	3.17	1670333	14826	2015819	143
651	726	112.00	0	1.40	1.38	1.42	1676299	9995	2041633	153
655	683	116.57	0	0.71	1.09	0.33	1672437	14893	2052909	115
655	724	65.58	0	1.21	0.62	1.80	1718371	6910	2044189	294
656	671	23.95	0	1.05	0.12	1.97	1706145	7988	2091035	35
657	720	113.72	0	1.20	0.65	1.74	1685748	15371	2015926	280
657	726	196.87	0	1.80	1.12	2.48	1692090	10841	2042034	252
658	719	137.93	0	1.56	1.21	1.90	1705569	11794	2039969	562
658	725	141.63	0	1.79	1.25	2.34	1705257	6814	2032612	438
658	731	210.00	0	1.83	1.84	1.81	1677221	7821	2045698	168
672	709	165.64	0	1.33	1.25	1.41	1630846	11435	2077672	200
673	708	168.90	0	1.30	0.70	1.90	1617996	6115	2080963	242
678	688	104.52	0	4.25	7.86	0.64	1595245	7515	2092095	34
683	709	979.47	0	5.55	2.76	8.34	1606475	23071	2072073	254
688	722	386.29	0	5.31	2.36	8.26	1601074	5940	2076914	14
698	711	128.31	0	2.25	2.04	2.45	1670670	10577	2081817	127
703	727	59.08	0	0.80	0.96	0.64	1640868	4151	2056652	46
708	725	126.61	0	1.76	1.43	2.09	1608113	4184	2056524	677
732	861	34.66	0	0.97	0.28	1.65	1210751	10131	1216090	81
733	754	29.23	0	0.67	0.84	0.49	1200417	5300	1290129	51
733	834	27.14	0	0.93	0.78	1.08	1209677	9441	1254866	39
743	755	31.75	0	0.96	1.68	0.25	1204394	7526	1279424	33
754	833	67.40	0	1.48	0.97	2.00	1228716	5460	1268153	18
755	807	140.22	0	0.79	0.69	0.90	1246691	5286	1203730	37
758	795	141.77	0	1.14	1.02	1.26	1230696	4056	1210195	151
758	824	593.33	0	3.63	3.92	3.35	1216037	8386	1202733	179
759	823	665.46	0	3.65	1.78	5.52	1229626	10020	1208143	72
764	797	28.17	0	0.75	1.17	0.34	1243801	646	1202948	61
765	817	52.40	0	1.53	2.28	0.77	1253216	1427	1201282	35
767	789	68.84	0	4.73	7.64	1.81	1207553	7443	1216197	19
769	813	179.66	0	3.48	3.69	3.26	1252993	8642	1211160	50
769	824	35.77	0	0.58	0.85	0.30	1225790	7377	1209372	104
771	809	30.79	0	0.55	0.84	0.25	1263480	4002	1220701	38
776	815	24.92	0	0.44	0.37	0.52	1248343	1851	1201755	41
778	793	79.41	0	1.03	1.14	0.92	1251860	2667	1211545	43
782	817	31.95	0	0.43	0.35	0.51	1231197	1757	1201387	23
794	820	139.83	0	0.85	1.23	0.48	1224295	5302	1203053	47
795	821	48.64	0	0.45	0.52	0.38	1217512	3187	1210841	188
801	814	90.25	0	1.93	0.53	3.33	1238255	6959	1213608	63
816	834	246.91	0	8.59	8.27	8.90	1246673	4858	1213950	22
843	854	114.38	0	4.47	0.65	8.29	1206761	10533	1273283	22
845	855	38.87	0	3.70	4.10	3.31	1190767	11486	1293267	20
847	856	29.94	0	2.33	0.95	3.71	1185460	5692	1292124	11
863	872	279.58	0	8.92	7.24	10.59	1154958	8428	1248839	20
875	919	34.93	0	3.33	1.68	4.98	1128573	6127	1256720	9
884	906	25.61	0	1.04	1.69	0.39	1180352	15178	1249836	18
895	907	150.31	0	9.73	5.01	14.45	1186193	3116	1255113	7
896	907	36.89	0	2.87	2.11	3.62	1194740	3042	1255674	10
903	912	31.80	0	3.52	4.71	2.33	1154000	9567	1267724	57
911	933	46.96	0	3.59	3.53	3.65	1190207	8459	1273888	28
923	939	31.89	0	2.69	2.11	3.27	1231254	6691	1276197	14
928	940	204.56	0	10.62	10.37	10.87	1237750	7073	1273749	69
