452	Window=3	Metric=PAIRMAPPER	
i	j	Statistic	Class	Zij	Zi	Zj	Mod_Depth	Mod_Comuts	Unt_Depth	Unt_Comuts
167	199	624.7	1	3.26	1.86	4.67	954985	2376	1067058	98
168	198	153.91	1	5.41	10.51	0.3	952297	470	1062990	16
169	197	314.15	1	5.35	9.71	0.99	950181	897	1059712	66
170	196	658.35	1	4.49	4.54	4.44	953055	1195	1064068	36
468	478	168.08	1	8.53	7.42	9.64	469609	607	856223	97
807	840	677.02	1	5.23	4.55	5.91	1058190	2232	1167329	30
44	83	108.02	2	2.68	4.35	1.01	961194	3118	1098462	17
45	82	173.95	2	2.92	2.56	3.29	974183	3557	1098997	54
48	79	39.96	2	2.08	0.5	3.66	962459	1259	1105911	8
63	81	236.23	2	4.44	2.57	6.31	949423	2428	1086498	89
70	87	240.55	2	5.62	10.18	1.06	950655	5953	1091237	71
87	111	74.85	2	3.65	0.32	6.98	974514	1811	1090635	57
87	136	98.79	2	3.49	0.43	6.55	970153	2292	1087212	69
89	107	71.77	2	3.57	6.36	0.78	958494	3460	1087903	18
95	147	101.42	2	2.86	3.39	2.33	950112	2606	1073932	6
97	108	63.68	2	2.06	3.71	0.4	967805	2836	1089928	12
98	107	91.67	2	7.89	14.8	0.99	958851	3129	1093017	13
108	136	90.03	2	3.27	0.56	5.97	965400	3134	1083065	8
113	128	154.59	2	3.3	3.93	2.67	969928	1238	1084024	79
114	127	455.86	2	5.54	7.34	3.74	972153	1865	1088800	73
114	139	39.38	2	2.57	0.63	4.5	974986	1100	1082904	61
115	126	781.84	2	8.31	10.46	6.15	960400	1741	1084446	42
116	125	1123.14	2	9.42	10.17	8.68	960553	2116	1088434	17
143	156	105.74	2	3.39	6.13	0.65	943674	1081	1073520	35
144	155	1856.28	2	11.83	12.12	11.53	943718	3161	1072171	99
162	204	477.22	2	5.69	5.68	5.69	949021	2010	1076311	13
163	203	668.41	2	5.85	4.72	6.98	951774	1870	1068969	9
164	201	218.23	2	5.54	2.0	9.08	932599	3948	1038428	42
164	205	237.84	2	3.85	2.18	5.53	951698	2411	1070101	18
170	205	154.8	2	2.33	1.06	3.6	946785	797	1066448	12
171	191	280.15	2	5.01	0.73	9.29	953366	1543	1063834	15
177	187	171.19	2	4.39	0.74	8.04	947746	819	1065595	181
177	188	435.05	2	5.02	1.89	8.14	951542	2348	1064420	152
178	187	186.5	2	4.73	0.69	8.76	954491	741	1069617	150
178	190	283.79	2	3.99	1.06	6.92	956351	2140	1064244	178
179	189	233.34	2	3.14	1.66	4.62	938959	1907	1056188	143
179	190	228.56	2	3.6	1.63	5.58	948147	1990	1064267	181
187	197	116.2	2	2.91	5.46	0.36	956007	641	1062270	102
216	234	357.95	2	6.4	5.72	7.08	950248	3144	1053466	35
217	233	602.53	2	9.79	11.08	8.51	951505	2283	1060466	59
220	230	70.1	2	3.97	6.54	1.4	946643	1511	1048841	38
233	256	364.61	2	6.77	5.15	8.4	931431	2923	1038700	54
254	268	142.88	2	4.45	5.27	3.63	930140	9112	1028906	75
256	296	125.26	2	2.31	2.89	1.73	922889	3744	984011	44
265	296	85.1	2	4.23	7.28	1.18	917103	1782	973142	22
274	290	586.35	2	10.4	12.83	7.97	921476	7017	1028364	14
278	287	943.49	2	10.49	8.16	12.83	915978	3024	1040289	18
306	317	66.89	2	2.22	1.1	3.33	890941	2963	983801	13
306	331	89.14	2	2.74	1.47	4.01	873677	1561	972074	10
307	330	152.87	2	4.66	2.53	6.8	889802	3176	985654	12
308	329	236.56	2	6.48	5.13	7.82	900987	2752	988308	10
352	369	101.17	2	3.43	6.25	0.61	939417	1191	1029775	16
353	371	115.53	2	3.97	7.29	0.65	943121	733	1038579	14
354	366	114.76	2	2.83	2.83	2.83	951379	804	1042299	19
360	415	307.32	2	2.72	1.68	3.75	961819	3029	1048444	25
361	414	283.45	2	4.89	8.09	1.69	970072	1902	1054966	20
362	371	132.08	2	2.68	4.62	0.75	948777	894	1041012	10
363	373	70.41	2	3.46	3.49	3.43	944042	1147	1049016	16
368	386	436.56	2	7.28	11.99	2.58	939185	1843	1033907	20
369	382	140.72	2	2.39	0.84	3.94	933707	1295	1017884	32
369	385	727.28	2	6.48	4.36	8.6	936725	2118	1027029	15
370	384	1039.66	2	8.13	6.05	10.22	950887	1737	1041609	12
371	383	290.4	2	5.37	1.64	9.11	931960	778	1022338	9
372	385	640.51	2	6.95	6.33	7.57	929712	1008	1023870	18
373	384	93.2	2	2.73	4.55	0.92	948437	1671	1055957	8
390	399	455.3	2	9.26	5.92	12.6	919579	3739	1065264	58
415	425	671.56	2	6.52	8.2	4.84	966710	2259	1066262	19
422	453	48.19	2	2.05	0.88	3.23	477444	1539	859229	28
425	449	65.83	2	2.98	1.89	4.07	473285	1680	859639	45
426	435	76.52	2	5.0	4.22	5.78	470812	962	865386	22
426	444	57.21	2	3.71	3.16	4.27	473903	1051	865549	21
452	478	63.76	2	3.05	2.44	3.66	468234	595	856349	45
453	477	42.36	2	2.39	2.84	1.93	467141	702	853409	17
510	566	73.26	2	2.74	2.72	2.76	466285	946	842385	29
510	567	168.4	2	4.76	6.25	3.27	468244	1555	842761	21
511	566	160.55	2	4.94	3.82	6.05	465497	1569	841923	22
512	565	82.6	2	4.37	1.18	7.55	461783	1273	841489	17
513	564	71.7	2	3.44	1.51	5.38	463783	990	843770	26
514	563	122.75	2	4.47	5.42	3.52	454570	1421	847127	91
514	568	133.39	2	4.32	5.89	2.75	455165	1816	843941	53
515	537	45.33	2	2.42	1.26	3.59	451539	1937	844007	237
533	556	82.49	2	5.44	6.5	4.38	444259	2370	830963	84
553	568	90.37	2	5.28	8.68	1.87	464212	1981	842699	48
556	570	30.03	2	3.01	1.6	4.43	452854	2575	830424	55
568	583	83.33	2	4.34	1.72	6.96	467137	2302	859375	25
593	673	94.59	2	2.32	3.4	1.24	464333	2141	803101	94
595	631	106.62	2	2.38	3.6	1.16	461161	1896	811748	61
600	659	216.88	2	2.08	2.59	1.56	1066065	2858	1173170	125
601	619	82.96	2	2.35	2.23	2.46	472596	598	825730	110
603	630	107.65	2	2.7	4.5	0.9	478033	808	821934	24
604	629	154.93	2	5.18	9.3	1.07	472861	1036	815534	20
605	655	57.31	2	2.58	3.67	1.49	468779	2305	812405	41
611	620	751.62	2	9.92	6.54	13.29	460673	1512	826575	110
679	704	136.38	2	2.73	3.05	2.4	446887	1707	783943	38
680	703	109.77	2	3.5	1.77	5.22	445809	1414	778372	21
682	729	89.67	2	2.27	1.96	2.57	444498	1677	793726	57
686	722	51.44	2	3.31	3.66	2.97	442536	914	792625	30
687	723	285.03	2	7.15	3.38	10.91	976273	3468	1167549	18
696	724	58.7	2	3.68	2.86	4.5	462181	699	797975	155
697	717	46.62	2	2.1	3.57	0.62	464187	1181	806383	224
698	716	202.69	2	2.2	3.17	1.24	1044628	1552	1169009	94
702	713	264.62	2	6.71	11.54	1.88	448652	967	792980	4
702	717	129.97	2	2.06	3.09	1.02	1034389	1169	1170846	63
707	717	287.47	2	7.56	11.23	3.9	444063	2537	807916	92
708	719	116.73	2	4.12	3.6	4.64	436834	1854	790232	309
719	730	99.15	2	3.09	3.94	2.24	456273	3012	800425	166
609	647	70.1	2	2.8	0.3	5.31	1066386	2461	1190188	14
686	724	73.97	2	2.79	2.69	2.89	987418	3925	1170047	278
697	721	93.35	2	3.33	1.9	4.76	1038791	673	1167954	66
760	822	1204.47	2	4.71	6.03	3.4	1048265	6946	1156678	36
761	821	604.48	2	3.55	3.1	4.01	1044763	4649	1152003	38
762	820	283.9	2	4.47	8.08	0.87	1031570	2733	1136914	30
763	819	168.09	2	3.33	5.93	0.74	1047637	2180	1146835	35
764	818	135.27	2	3.43	6.22	0.64	1052763	1455	1148910	20
765	783	58.45	2	2.85	2.82	2.89	1055692	2637	1169143	38
776	798	821.94	2	6.79	9.81	3.76	1051315	2508	1160209	29
777	797	702.13	2	6.07	3.95	8.19	1054067	2027	1161935	94
781	794	1035.39	2	7.22	5.07	9.37	1043728	3518	1157727	29
782	793	445.06	2	4.85	4.59	5.1	1046719	2500	1163483	23
804	843	1341.36	2	5.15	3.09	7.2	1051527	6709	1143964	12
805	842	885.5	2	4.67	5.66	3.69	1055674	3517	1148825	7
806	841	201.05	2	3.93	7.05	0.8	1061962	1879	1162844	25
806	843	156.5	2	3.16	5.49	0.84	1049723	1472	1145272	60
808	839	988.83	2	6.66	5.49	7.84	1065749	2927	1172185	35
809	838	1151.68	2	7.12	6.87	7.36	1066140	2904	1175236	45
810	837	1210.06	2	7.57	5.54	9.6	1073399	3940	1174773	109
28	37	81.17	0	5.27	8.63	1.92	935351	2080	1082388	35
28	42	49.5	0	3.91	5.26	2.55	964787	5524	1097494	21
29	101	53.22	0	1.48	2.51	0.46	945669	5544	1077063	6
29	102	30.47	0	0.9	1.44	0.36	955767	4536	1098375	28
30	100	109.75	0	2.2	3.09	1.31	951564	5661	1104243	9
31	99	58.9	0	2.05	1.95	2.15	958516	2537	1101547	12
36	93	100.55	0	1.89	1.37	2.41	956189	4142	1091173	7
37	46	88.13	0	1.71	2.08	1.34	938239	2147	1081431	25
37	92	72.28	0	1.4	1.71	1.1	936898	4217	1059556	5
38	49	113.13	0	5.49	7.18	3.79	941292	3851	1095087	21
38	84	47.2	0	1.8	3.0	0.59	943021	2986	1090295	18
43	84	299.23	0	4.37	4.89	3.84	964151	8246	1102633	32
44	100	43.82	0	1.14	1.77	0.52	954642	2844	1101814	10
45	99	40.42	0	1.04	0.6	1.48	967343	2092	1099297	19
66	88	163.94	0	2.53	3.29	1.77	951834	5171	1090293	83
67	87	366.2	0	4.59	7.56	1.62	937530	8262	1095293	96
78	102	94.99	0	2.67	4.21	1.13	960737	5731	1094398	27
79	100	55.73	0	2.88	5.1	0.66	960226	2092	1102202	11
80	93	35.87	0	1.22	1.59	0.85	968703	1163	1089783	26
84	245	42.77	0	2.05	0.54	3.57	947055	6646	1040432	22
85	244	72.67	0	5.21	4.32	6.1	945919	5598	1035214	25
88	135	67.45	0	1.98	0.72	3.24	971954	1662	1083096	44
88	156	53.84	0	0.45	0.57	0.33	952020	2522	1076261	47
93	149	161.23	0	3.97	3.87	4.08	947114	5425	1080624	3
94	148	108.97	0	3.3	4.45	2.15	959865	3729	1086635	7
94	152	36.6	0	1.33	1.49	1.18	965793	3168	1086170	6
95	151	39.92	0	1.48	1.33	1.63	954404	2526	1085803	6
96	146	63.52	0	1.34	1.96	0.72	955888	2296	1081206	17
96	149	43.05	0	1.21	1.33	1.09	947390	3260	1084482	19
104	144	118.01	0	1.6	2.42	0.77	941530	1525	1078569	81
110	133	58.96	0	3.47	1.23	5.72	979517	4590	1089855	10
112	121	171.07	0	9.94	10.4	9.49	948827	2913	1092526	29
112	129	81.56	0	3.33	4.96	1.7	969331	1096	1084382	46
113	151	34.62	0	1.14	0.88	1.41	952988	2072	1084690	25
114	150	25.95	0	1.04	0.42	1.65	949401	2103	1087639	33
133	145	38.81	0	2.02	3.77	0.27	964898	2592	1082778	33
135	146	35.48	0	1.05	1.71	0.4	957962	2307	1078320	21
135	149	84.11	0	3.08	4.04	2.12	948851	3535	1081180	10
157	167	155.39	0	1.59	2.74	0.45	925579	1185	1078499	61
157	225	28.94	0	0.54	0.5	0.58	922866	4267	1057776	49
157	251	25.82	0	0.46	0.45	0.46	917048	1827	1038476	48
165	191	65.67	0	1.2	0.22	2.17	958299	2484	1066623	20
166	187	31.37	0	0.79	0.1	1.48	959656	891	1072406	17
166	190	92.88	0	1.3	0.35	2.26	961496	2925	1066516	26
169	202	61.66	0	1.23	1.89	0.56	948492	355	1049842	13
173	203	117.67	0	1.34	1.46	1.22	963967	2882	1065840	14
180	199	45.7	0	1.02	1.7	0.33	952804	1058	1064263	84
188	197	176.21	0	1.93	3.3	0.55	960063	1717	1061848	75
231	253	34.54	0	1.17	1.09	1.25	901535	4442	1020516	46
248	278	57.36	0	1.69	2.89	0.5	922266	2498	1027740	15
248	314	31.47	0	1.51	1.59	1.43	909027	1678	965878	78
255	297	31.09	0	0.76	0.75	0.78	922640	2824	980635	53
255	361	57.3	0	1.5	1.37	1.63	943178	1218	987474	39
256	269	89.59	0	2.06	2.07	2.05	922702	4607	1035085	49
256	425	26.3	0	0.4	0.61	0.19	936520	2241	991059	41
257	268	27.43	0	1.45	2.2	0.7	930262	2570	1034049	66
264	297	54.85	0	2.88	4.38	1.37	921864	3916	987221	18
266	295	52.88	0	2.0	3.32	0.67	915511	1587	1001806	54
274	287	61.35	0	1.09	1.35	0.84	915151	2219	1027711	23
278	306	67.36	0	0.85	0.59	1.11	889057	1908	980842	17
287	314	30.85	0	0.91	0.42	1.4	899685	1333	992081	61
288	309	56.74	0	4.69	0.6	8.78	908368	7010	981672	16
296	313	55.08	0	1.17	0.76	1.58	894858	2539	970736	55
297	312	25.17	0	0.66	0.63	0.69	902256	1950	976510	43
297	323	23.94	0	1.34	0.6	2.08	914943	4406	991185	86
305	318	131.53	0	5.21	8.2	2.23	900926	2486	993032	51
312	354	64.02	0	1.66	1.75	1.57	909887	825	987009	38
312	361	36.55	0	1.02	1.0	1.03	918084	826	989137	34
313	425	43.49	0	0.78	1.25	0.31	904392	1603	986419	61
315	361	38.39	0	1.59	2.09	1.08	923625	695	1016901	41
342	380	56.22	0	4.89	6.78	3.01	907558	7397	1031145	51
350	371	55.21	0	3.85	7.38	0.31	936685	1443	1022908	17
351	370	57.81	0	3.18	6.03	0.34	938710	1374	1018511	20
351	378	27.31	0	2.89	2.84	2.94	922434	3095	1028098	16
353	390	26.37	0	1.0	1.66	0.34	932258	625	1042795	19
353	392	28.72	0	0.99	1.8	0.18	938322	1795	1045413	8
353	400	43.23	0	1.54	2.72	0.35	935041	1722	1048521	13
354	391	39.09	0	0.64	0.96	0.33	927709	1617	1044054	24
354	399	40.94	0	1.07	1.0	1.13	929501	1290	1049734	35
354	401	56.72	0	0.85	1.39	0.3	937777	2835	1048546	9
354	414	91.78	0	1.4	2.26	0.55	961424	1571	1049522	26
354	422	99.28	0	1.48	2.45	0.51	957499	1634	1047796	22
355	421	277.66	0	4.27	6.94	1.61	960024	4428	1046779	8
357	382	44.25	0	0.73	0.22	1.24	931710	1475	1014217	20
358	416	58.23	0	1.31	0.2	2.42	957113	1617	1042587	27
359	416	48.27	0	1.11	0.21	2.01	963115	1401	1049004	26
360	397	35.68	0	1.34	0.19	2.49	940061	1723	1048806	28
361	422	94.27	0	1.59	2.68	0.49	965981	1721	1053113	23
362	390	81.7	0	1.96	2.85	1.06	937528	834	1046546	26
362	392	45.46	0	0.93	1.58	0.28	943121	2198	1048844	13
362	400	42.87	0	0.92	1.49	0.35	939089	2061	1052124	14
362	421	29.11	0	0.59	1.01	0.17	966125	1415	1053377	3
362	423	61.45	0	1.24	2.14	0.34	959712	1012	1049062	28
363	378	49.94	0	3.93	2.47	5.38	930989	1541	1049054	8
363	389	40.68	0	1.22	2.01	0.44	934752	1176	1049822	29
364	387	53.66	0	0.99	1.5	0.48	954746	3064	1048467	25
365	410	331.62	0	5.77	8.36	3.18	943850	3872	1037194	11
370	405	28.55	0	1.13	0.17	2.09	937590	1126	1045590	11
372	382	73.97	0	1.4	0.73	2.07	926867	514	1014578	18
382	393	24.75	0	0.44	0.7	0.18	922055	2041	1042041	12
382	403	29.0	0	0.53	0.81	0.25	943772	1906	1040734	17
382	410	39.01	0	0.73	1.09	0.37	936508	1669	1032216	14
383	392	101.38	0	1.9	3.18	0.63	927415	1679	1033364	9
383	400	31.22	0	0.62	0.98	0.26	922830	1445	1037177	8
383	421	37.56	0	0.7	1.18	0.21	949593	1023	1038337	7
383	423	41.64	0	0.77	1.31	0.23	943444	711	1034277	33
393	418	26.62	0	1.5	0.19	2.82	942557	2213	1068655	14
394	405	24.79	0	1.16	0.51	1.81	934549	3119	1066239	5
398	419	55.89	0	3.82	1.36	6.29	950613	989	1069467	33
411	426	55.21	0	1.11	0.76	1.46	962311	1920	1078047	13
426	465	26.99	0	1.02	1.49	0.55	472676	1263	858969	34
432	489	39.21	0	2.39	4.2	0.57	456153	2623	855175	5
433	488	47.12	0	2.11	3.7	0.51	448124	2523	853372	7
434	487	30.64	0	2.43	1.47	3.38	458704	2481	851250	10
449	468	26.2	0	1.4	1.63	1.17	475283	1357	855064	66
449	492	64.41	0	2.62	3.98	1.25	440610	3106	852947	39
465	475	24.15	0	1.45	0.49	2.41	463950	2946	852891	20
491	586	38.68	0	1.49	0.49	2.49	460061	3482	836993	12
515	562	87.34	0	2.72	2.41	3.03	457040	1618	846002	135
516	561	71.73	0	2.52	2.12	2.93	450857	1825	845015	116
545	647	24.16	0	1.95	1.52	2.37	457339	1520	797088	27
561	606	28.56	0	1.38	1.17	1.58	472920	1857	813690	66
565	574	57.27	0	5.62	5.24	6.01	459808	2568	850336	26
576	596	26.32	0	2.48	2.32	2.65	446704	1790	825268	18
597	659	31.34	0	0.33	0.1	0.56	461919	5534	809905	126
597	716	32.43	0	0.24	0.1	0.37	462530	3828	767073	88
599	717	35.87	0	0.3	0.12	0.48	470072	4034	767935	86
601	658	54.14	0	1.4	1.45	1.35	471799	1228	812629	90
602	631	93.88	0	1.51	2.0	1.02	468335	980	813053	42
603	620	49.15	0	1.45	2.04	0.87	473987	373	824972	57
608	625	63.47	0	1.22	1.01	1.43	467416	989	820492	12
608	636	173.31	0	1.95	2.76	1.14	464958	3070	817335	19
614	623	89.05	0	11.14	10.5	11.78	467020	6349	821337	12
634	645	33.54	0	1.71	2.03	1.38	468447	2790	814091	262
636	653	66.55	0	1.75	0.43	3.07	453072	4115	801869	65
649	733	29.72	0	1.39	1.24	1.53	454452	1675	768852	9
650	727	45.65	0	1.45	1.36	1.55	447698	2451	760846	6
651	720	39.8	0	1.55	1.29	1.82	451098	3457	742653	57
655	672	108.33	0	2.65	2.84	2.46	465101	2220	807038	36
657	726	64.42	0	1.73	1.09	2.37	454926	2619	766816	56
658	719	52.79	0	1.7	1.32	2.09	461182	2893	765816	186
658	725	33.89	0	1.15	0.84	1.46	465160	1628	769536	111
658	731	70.92	0	1.6	1.77	1.42	453340	1975	773576	50
672	684	65.78	0	1.05	1.49	0.61	458650	2863	804794	120
672	709	91.56	0	2.02	2.07	1.96	447706	3162	798673	81
673	708	28.85	0	0.63	0.37	0.89	441972	1555	799927	90
678	688	41.96	0	2.73	4.81	0.65	437677	2049	800325	8
683	709	293.74	0	4.31	2.31	6.31	439397	6087	792723	86
688	722	118.84	0	4.36	1.85	6.86	443522	1516	802586	3
695	725	30.83	0	1.17	1.0	1.33	459021	936	792599	93
696	722	27.04	0	1.44	1.32	1.56	463063	363	801194	42
702	738	29.22	0	3.0	1.28	4.73	439098	750	796747	13
592	648	33.99	0	1.64	1.63	1.66	1061657	1408	1190802	35
593	647	30.72	0	1.39	0.45	2.33	1066435	1558	1190601	75
596	628	29.93	0	0.85	1.56	0.13	1051416	1349	1185304	30
604	639	62.59	0	1.08	1.81	0.35	1081040	1717	1182371	82
608	635	28.85	0	1.96	0.19	3.72	1053503	2702	1180317	30
619	659	136.62	0	1.27	1.56	0.98	1050805	2723	1175296	119
619	673	44.03	0	0.37	0.5	0.24	1055523	2496	1182241	88
620	672	90.56	0	0.78	0.64	0.91	1052293	2055	1175860	97
631	648	60.92	0	1.63	0.29	2.98	1060544	1485	1176674	36
634	651	34.23	0	1.0	1.38	0.62	1041436	9957	1181266	144
634	657	122.71	0	2.98	5.0	0.95	1051174	11000	1176989	282
636	650	32.23	0	0.32	0.11	0.54	1058224	10612	1181037	32
649	721	42.07	0	1.58	1.01	2.14	1057611	1496	1167125	21
651	726	57.88	0	1.05	1.04	1.05	1036954	6436	1169579	99
655	683	41.09	0	0.35	0.55	0.16	1030574	9475	1176256	73
655	724	24.25	0	0.63	0.32	0.95	1058871	4494	1167015	197
657	720	53.68	0	0.77	0.41	1.14	1041534	10024	1162141	165
698	711	151.22	0	3.15	2.36	3.95	1028719	5453	1172465	33
708	725	78.05	0	1.58	1.21	1.94	988447	2747	1156293	443
732	861	27.24	0	0.97	0.32	1.61	1024470	8552	1105815	71
733	754	24.25	0	0.72	1.1	0.35	1015639	4460	1168153	45
743	755	35.02	0	1.38	2.6	0.15	1018984	6327	1157213	28
743	840	48.24	0	2.0	3.58	0.42	1009479	2465	1136072	34
754	833	58.46	0	1.43	0.86	1.99	1039628	4607	1152129	18
755	807	228.82	0	1.31	1.09	1.53	1056419	4511	1158319	33
758	795	142.06	0	1.18	1.07	1.29	1043055	3392	1164522	143
758	824	540.65	0	3.76	4.12	3.39	1030241	7079	1157317	175
759	823	588.29	0	3.66	1.77	5.55	1041651	8387	1162419	71
765	817	49.8	0	1.55	2.4	0.7	1061883	1218	1155819	35
767	789	67.33	0	5.23	8.42	2.05	1023396	6331	1170161	18
769	813	151.48	0	3.32	3.54	3.11	1061657	7332	1165241	47
769	824	38.88	0	0.57	0.91	0.23	1038410	6225	1163509	99
771	809	31.01	0	0.51	0.85	0.17	1070708	3383	1174403	38
776	815	26.62	0	0.4	0.32	0.49	1057717	1577	1156192	39
777	814	28.06	0	0.63	0.16	1.1	1058609	1668	1158122	47
778	793	78.88	0	1.06	1.21	0.9	1061030	2276	1165796	42
782	817	31.98	0	0.39	0.33	0.44	1043140	1486	1155772	24
794	820	210.39	0	1.27	1.9	0.64	1037134	4500	1157138	46
795	821	91.73	0	0.71	0.83	0.59	1031446	2716	1164557	185
801	814	101.97	0	2.3	0.53	4.07	1049265	5982	1167280	64
816	834	203.15	0	8.49	8.0	8.99	1056433	4144	1167351	22
843	854	98.88	0	4.76	0.53	8.99	1021572	8847	1153663	17
845	855	31.34	0	3.78	4.27	3.29	1008186	9693	1172219	17
847	856	25.5	0	2.44	0.92	3.97	1003618	4819	1170794	10
863	872	255.28	0	9.76	7.77	11.74	977704	7213	1128919	17
875	919	29.03	0	3.46	1.8	5.12	955543	5126	1137486	7
895	907	118.5	0	9.68	4.96	14.4	1004022	2648	1136006	6
896	907	35.54	0	3.42	2.51	4.33	1011259	2622	1136550	9
903	912	29.28	0	4.28	5.78	2.78	977210	8167	1147364	50
911	933	39.78	0	3.65	3.86	3.45	1007756	7139	1152773	26
928	940	160.38	0	11.02	10.36	11.68	1047951	5958	1152509	59
