414	Window=3	Metric=PAIRMAPPER	
i	j	Sig.	Class	Zij	Zi	Zj	Mod_Depth	Mod_Comuts	Unt_Depth	Unt_Comuts
31	46	88.22	2	2.02	1.40	2.63	994329	2095	1176322	16
35	45	331.78	2	7.73	10.85	4.62	997015	2679	1172396	46
38	54	30.22	2	3.04	4.87	1.22	986315	1887	1160641	23
45	65	78.85	2	2.37	1.10	3.64	951040	2583	1170499	19
46	55	67.41	2	3.40	2.01	4.80	983798	2011	1168792	15
72	98	95.56	2	3.41	3.06	3.76	977378	1605	1155392	61
73	97	139.55	2	5.08	5.55	4.60	980656	1810	1152527	28
88	98	211.92	2	7.31	6.30	8.33	990910	1732	1154628	82
130	186	95.06	2	2.54	2.69	2.38	957245	2041	1135181	27
130	187	174.15	2	3.51	4.93	2.08	964910	3184	1135489	25
131	186	238.93	2	4.96	3.93	5.98	956989	3288	1134856	16
132	185	82.93	2	3.33	0.74	5.92	946840	2744	1134983	23
133	184	106.20	2	3.56	1.44	5.67	951839	2166	1137661	28
153	176	144.63	2	5.38	5.48	5.28	886149	5620	1120330	78
173	183	153.43	2	4.06	5.12	3.01	955049	3796	1136544	85
173	188	310.93	2	7.03	10.37	3.70	958726	5366	1133680	39
188	203	148.12	2	4.33	1.77	6.89	970828	4810	1138278	21
215	251	132.68	2	2.05	3.36	0.75	947939	3998	1082267	71
221	239	155.97	2	2.88	2.96	2.80	975395	1671	1108132	104
222	251	207.49	2	2.06	2.94	1.18	966182	2335	1087318	45
223	250	240.85	2	3.49	5.94	1.03	989733	2016	1104363	20
224	249	253.13	2	4.34	7.80	0.88	973125	2486	1090869	16
231	240	1172.59	2	9.59	7.01	12.17	940022	3542	1116821	98
299	328	121.56	2	2.17	2.40	1.94	880649	3197	1048829	80
302	349	258.58	2	3.32	3.39	3.25	906528	4306	1041934	50
316	342	43.14	2	2.13	1.60	2.66	957708	919	1078496	35
316	344	51.15	2	2.60	1.90	3.30	956702	1727	1070732	175
317	337	137.24	2	2.68	4.08	1.27	943986	2054	1077649	69
317	341	55.28	2	3.51	1.65	5.38	949146	695	1081231	21
318	336	189.49	2	2.74	4.34	1.14	938589	1931	1077473	55
322	333	420.60	2	7.04	12.57	1.52	920472	2574	1072422	13
373	386	160.07	2	10.70	8.68	12.72	977326	1158	1097365	78
374	385	34.26	2	2.88	1.53	4.22	984624	745	1105515	20
375	384	89.38	2	6.47	2.67	10.28	988338	596	1102081	8
23	38	31.54	0	2.72	0.36	5.08	1002429	1866	1170279	18
42	73	52.83	0	1.25	0.40	2.11	994384	3587	1161611	33
45	69	94.52	0	3.21	1.32	5.10	986396	3761	1161173	58
46	64	156.04	0	5.77	4.65	6.90	987095	2520	1169729	12
52	109	61.96	0	2.96	5.41	0.51	969731	5540	1154411	14
53	108	57.39	0	1.87	3.43	0.31	957155	5731	1149419	11
64	95	43.74	0	1.93	1.94	1.93	985238	5516	1155998	7
65	88	36.06	0	1.37	1.67	1.08	958576	2432	1163853	28
65	94	38.66	0	1.59	1.79	1.38	955550	4777	1162308	13
69	112	43.89	0	1.43	2.38	0.48	935552	6578	1152095	35
90	110	42.52	0	1.06	1.90	0.22	976603	4298	1149575	28
111	206	30.04	0	1.07	0.21	1.92	956229	7767	1123187	9
112	129	33.04	0	2.49	0.36	4.61	921757	1913	1153297	18
127	151	26.79	0	1.47	2.35	0.58	927797	4893	1144988	19
134	183	189.11	0	4.20	4.70	3.71	931178	3325	1140934	87
134	188	273.69	0	5.03	6.79	3.26	935175	4542	1137485	46
135	157	151.49	0	5.10	2.36	7.84	917885	4950	1138229	304
135	182	67.08	0	1.26	1.05	1.48	935942	3795	1139967	119
154	175	96.05	0	3.67	2.59	4.76	925338	5282	1124507	107
154	182	72.20	0	1.77	1.95	1.59	942624	6954	1127818	70
154	185	25.86	0	1.28	0.70	1.85	934193	3391	1122658	83
155	184	30.95	0	1.46	1.27	1.66	946647	2107	1128469	88
169	219	84.31	0	1.38	2.59	0.17	952235	12343	1101832	57
176	205	25.82	0	1.62	0.95	2.29	922055	5303	1111376	54
185	194	100.19	0	8.16	7.15	9.17	951156	6440	1139614	41
203	215	44.38	0	1.59	2.07	1.10	950314	3374	1105458	26
203	222	28.31	0	0.85	1.33	0.38	966225	1805	1104830	23
212	268	27.03	0	1.40	1.07	1.73	956577	1389	1086440	32
213	293	109.66	0	1.66	2.27	1.06	949897	5148	1066061	80
216	237	86.67	0	4.07	5.04	3.11	936942	4592	1100743	46
216	248	34.77	0	1.15	2.00	0.30	939684	1403	1090770	33
217	253	174.06	0	2.36	0.35	4.38	946109	15796	1080165	582
219	237	42.99	0	0.81	0.08	1.54	975492	22142	1113767	43
220	279	103.46	0	1.59	2.24	0.94	969610	3448	1086561	113
223	232	28.55	0	1.24	0.68	1.79	953799	2152	1113747	42
223	240	56.25	0	0.98	1.37	0.59	978008	924	1110064	52
224	259	73.56	0	1.44	2.25	0.62	973604	2316	1088721	71
225	275	52.01	0	1.32	1.79	0.85	958660	5047	1085487	41
228	245	134.06	0	1.54	1.03	2.05	968547	2415	1108823	58
228	256	307.86	0	1.86	2.37	1.35	958038	7449	1103366	72
229	267	37.99	0	1.59	0.19	2.99	962851	2324	1106430	10
239	279	91.24	0	1.23	1.64	0.82	958406	3350	1094012	87
239	282	34.54	0	0.60	0.62	0.58	952553	3456	1082389	303
240	259	147.24	0	1.40	1.53	1.26	974382	3421	1104941	117
241	268	28.09	0	1.26	0.72	1.80	968857	1452	1098828	13
243	267	26.23	0	2.17	2.28	2.06	979527	3595	1102165	17
247	264	31.98	0	0.46	0.22	0.70	953416	2174	1081807	15
251	268	36.00	0	1.25	0.19	2.31	958359	1526	1091131	27
254	265	54.22	0	1.42	1.72	1.12	966720	6844	1099355	299
254	277	38.15	0	0.80	1.21	0.39	947225	9452	1092502	236
255	270	27.67	0	1.54	2.67	0.42	948158	3892	1095874	18
255	273	46.11	0	2.81	4.46	1.16	920309	4017	1057508	61
256	270	25.79	0	0.24	0.10	0.39	960907	9800	1096762	16
256	273	167.45	0	2.50	0.73	4.27	932611	10325	1058777	57
266	293	37.11	0	1.94	3.52	0.35	973166	2423	1089300	43
267	350	41.61	0	1.93	3.27	0.58	967325	2210	1036875	13
269	348	57.30	0	1.03	1.40	0.65	977706	4934	1034433	3
270	347	77.28	0	1.25	1.19	1.31	963137	5734	1023967	3
271	340	109.98	0	2.08	1.92	2.24	933312	8975	1013712	75
271	346	53.59	0	1.00	0.93	1.07	944383	5472	1011457	45
275	292	158.36	0	2.41	2.62	2.19	955445	5198	1087605	51
277	340	77.26	0	1.19	0.82	1.57	944562	8812	1025277	125
277	346	113.46	0	1.74	1.22	2.26	955937	5635	1022279	66
278	339	46.16	0	0.69	0.69	0.69	944694	7658	1029799	239
279	318	27.60	0	0.43	0.23	0.64	942841	2570	1040157	46
286	298	29.09	0	1.67	0.48	2.86	938869	2743	1056707	17
292	304	152.38	0	1.40	2.11	0.69	927214	7248	1059823	116
293	328	72.75	0	0.93	0.70	1.16	904791	4553	1071106	78
294	368	35.30	0	1.00	0.39	1.62	952551	6983	1058565	15
298	308	68.99	0	3.70	6.80	0.61	870367	4956	1050819	6
299	324	94.18	0	1.37	1.85	0.88	890607	3433	1025193	42
300	323	85.43	0	1.67	1.02	2.31	913939	3181	1043422	20
303	329	786.78	0	6.41	2.95	9.87	887056	13434	1058257	92
306	342	53.94	0	2.42	1.52	3.33	887833	2225	1050689	18
307	343	71.95	0	2.34	0.69	3.99	868949	3467	1054760	9
308	342	94.62	0	3.34	0.84	5.85	885408	3317	1068677	3
316	338	60.26	0	1.92	2.23	1.61	949299	3985	1068655	267
318	331	144.46	0	3.14	3.31	2.96	931289	6481	1078710	22
323	347	38.97	0	0.86	1.06	0.66	924249	2463	1057662	13
327	337	513.73	0	7.33	9.88	4.79	902743	6804	1083124	113
328	339	404.36	0	6.31	6.48	6.13	891743	6128	1065908	410
328	351	64.35	0	0.86	1.02	0.69	888937	3178	1071037	69
339	350	247.87	0	3.61	3.76	3.46	946736	8095	1066171	176
341	366	29.31	0	2.16	2.85	1.47	960731	2684	1086954	9
343	356	66.46	0	5.79	3.69	7.90	918925	3846	1073565	24
353	374	26.30	0	1.27	1.36	1.18	939542	2584	1100955	17
370	394	39.95	0	2.75	0.96	4.54	988840	3210	1085364	130
