513	Window=3	Metric=PAIRMAPPER	
i	j	Sig.	Class	Zij	Zi	Zj	Mod_Depth	Mod_Comuts	Unt_Depth	Unt_Comuts
176	187	224.20	1	8.00	12.59	3.42	498677	660	753856	40
177	186	437.60	1	8.95	11.04	6.85	498260	612	754138	7
205	216	103.04	1	4.95	7.98	1.92	491671	755	744932	67
224	264	225.80	1	8.88	7.03	10.72	485641	544	683439	8
228	260	74.03	1	2.65	1.72	3.59	488600	379	679183	71
231	257	61.61	1	3.82	3.64	3.99	480484	218	655826	35
66	126	37.34	2	3.01	3.53	2.49	467598	2643	766648	17
68	80	24.92	2	2.22	3.81	0.63	482735	1354	779889	30
69	79	39.28	2	3.14	5.05	1.22	483738	1452	780040	24
79	90	94.24	2	4.20	2.93	5.46	494028	2412	766677	19
81	114	142.41	2	5.09	3.64	6.55	495079	1897	771648	19
81	121	26.34	2	3.13	0.67	5.59	500076	811	770877	35
81	128	63.26	2	2.54	1.62	3.47	494438	1942	769306	56
82	113	153.72	2	7.07	6.64	7.49	497658	1954	770418	36
87	129	24.13	2	2.36	3.72	1.00	490422	2374	753537	36
88	131	32.01	2	3.44	5.11	1.78	485051	2133	758990	25
121	140	23.99	2	5.53	5.10	5.96	501887	446	764222	17
129	138	265.58	2	12.46	10.95	13.97	500297	3098	753593	75
148	197	27.30	2	2.05	1.20	2.90	501574	604	747594	37
154	210	160.83	2	6.44	4.44	8.45	495426	3361	752549	5
155	171	56.32	2	3.08	2.73	3.44	506143	795	765775	9
156	208	45.85	2	2.51	2.87	2.15	494855	1131	741726	1
157	210	45.36	2	2.82	3.25	2.38	493732	1555	751497	8
174	212	28.35	2	2.67	2.54	2.80	495546	1233	747036	40
175	188	80.53	2	3.04	4.91	1.18	504731	724	755145	78
175	200	24.97	2	3.45	1.52	5.37	502861	565	738218	72
175	211	27.49	2	2.19	1.68	2.70	494720	1199	746771	36
177	200	27.23	2	3.27	0.69	5.86	499044	394	736165	19
196	210	51.30	2	4.70	6.71	2.69	497028	1589	745867	7
223	265	165.71	2	8.75	8.75	8.75	489253	617	700053	10
225	266	42.11	2	3.18	1.73	4.64	486752	766	692905	5
229	259	52.13	2	5.14	9.51	0.77	487080	121	676953	10
232	252	35.68	2	3.43	0.92	5.95	467858	331	634772	10
238	248	40.75	2	4.66	1.69	7.63	484851	282	687207	104
238	249	93.99	2	7.54	3.89	11.20	480657	742	657641	77
239	248	50.07	2	5.59	1.80	9.37	488270	238	688629	69
239	251	55.67	2	4.13	2.00	6.25	467685	634	642749	82
240	250	36.08	2	3.99	2.47	5.50	450434	597	616342	54
240	251	59.65	2	5.39	4.09	6.70	462221	679	642667	88
248	258	57.28	2	6.25	10.72	1.78	477713	208	651795	56
277	295	86.60	2	6.35	6.71	5.99	434058	837	401064	10
294	317	164.85	2	10.70	9.61	11.79	435449	801	451922	24
309	318	24.15	2	5.06	4.90	5.21	347414	400	443845	29
335	351	248.83	2	9.94	12.95	6.94	417774	2484	545668	3
339	348	481.72	2	12.68	8.34	17.01	461545	1262	635453	10
367	392	64.55	2	4.77	3.82	5.72	464630	717	655590	7
368	391	101.67	2	6.39	5.61	7.16	471640	1459	661495	3
369	390	97.72	2	7.33	6.02	8.64	476749	1192	659756	4
376	422	28.17	2	3.04	3.65	2.42	485481	362	686088	20
414	432	53.20	2	4.00	7.03	0.96	493018	339	709861	10
415	427	42.10	2	2.69	2.88	2.50	496808	346	714897	12
415	483	84.97	2	3.37	5.82	0.92	499600	812	722353	13
421	476	199.55	2	3.87	1.72	6.02	501221	1652	718599	21
422	475	107.01	2	5.34	9.24	1.44	504786	889	724387	15
423	451	47.82	2	3.44	5.60	1.28	489950	402	712286	14
424	434	41.07	2	5.96	4.71	7.21	492309	588	718085	8
429	447	190.39	2	6.74	10.36	3.13	491154	854	706846	14
430	446	208.32	2	6.21	3.46	8.95	490991	837	698424	11
431	445	304.81	2	7.90	5.48	10.32	497725	641	716179	5
432	444	54.68	2	3.83	0.99	6.68	486235	271	701006	7
433	446	217.51	2	8.71	8.08	9.35	484044	389	687737	11
434	445	27.69	2	2.90	4.86	0.94	494435	749	725798	9
451	460	247.78	2	10.52	6.67	14.36	479168	1842	734224	43
467	480	24.58	2	5.10	3.95	6.25	496130	405	745970	24
476	486	238.37	2	5.66	7.19	4.13	501542	1024	735144	15
39	60	42.11	0	6.66	9.68	3.65	480810	910	783410	9
53	66	23.95	0	1.89	1.52	2.26	465680	4328	775624	14
54	65	44.56	0	4.96	6.22	3.70	484028	2869	778714	9
63	77	39.86	0	2.93	0.89	4.98	489130	2104	777764	4
64	76	87.64	0	4.69	3.77	5.61	487734	1857	777334	2
81	118	42.02	0	3.06	1.07	5.04	502832	2460	780151	17
81	131	33.40	0	1.35	0.85	1.85	492433	1844	762212	45
82	120	37.03	0	4.93	1.60	8.25	503468	895	772116	22
95	105	55.56	0	9.57	5.16	13.99	476815	1297	772887	31
129	220	70.28	0	2.08	2.90	1.27	491757	5919	734355	106
138	315	50.50	0	3.00	2.66	3.34	429609	2743	372224	19
144	307	40.22	0	2.93	0.85	5.00	393161	1479	346845	5
145	306	74.23	0	3.60	1.65	5.54	370618	2319	325163	4
150	182	37.48	0	4.09	4.04	4.14	487959	2549	760971	14
154	214	25.14	0	1.33	0.69	1.97	499774	2806	746825	7
155	206	27.09	0	1.75	1.31	2.19	499662	378	758135	15
155	209	109.69	0	4.53	5.31	3.76	500235	2014	752653	3
159	168	29.20	0	4.99	9.45	0.53	491664	1917	752904	14
171	194	39.42	0	6.28	2.41	10.14	507750	2040	760628	8
173	182	128.51	0	14.56	14.92	14.21	492309	1679	757337	18
218	286	26.15	0	1.70	2.12	1.28	461645	2349	630002	30
218	312	26.72	0	1.60	2.17	1.04	373022	729	343720	11
225	262	28.23	0	1.63	1.16	2.10	461664	1378	641350	40
292	314	35.39	0	1.92	1.73	2.11	301071	1420	324951	9
296	306	33.39	0	3.55	4.62	2.49	298363	1019	282372	12
317	357	29.14	0	1.57	2.09	1.06	453017	1284	582615	28
317	486	28.68	0	1.27	2.05	0.49	460550	940	587062	22
349	370	42.59	0	4.62	0.87	8.36	474588	3374	645037	11
366	379	34.21	0	4.20	6.51	1.90	477386	1160	668773	40
375	485	43.81	0	1.26	1.73	0.79	478965	942	673136	55
376	484	26.39	0	1.88	3.42	0.34	487796	948	692237	38
403	441	26.74	0	3.56	4.73	2.38	470331	3655	700767	34
412	439	25.34	0	4.64	5.41	3.87	482079	1763	698720	14
413	430	27.25	0	1.74	3.04	0.45	492809	553	705585	12
416	482	272.32	0	7.76	12.20	3.32	501072	2477	719901	8
422	483	40.84	0	1.98	3.52	0.44	504151	833	725319	10
424	439	45.29	0	6.06	5.19	6.92	484779	807	714090	7
426	471	217.87	0	8.49	12.91	4.07	491165	2075	710629	5
430	443	27.17	0	1.12	0.45	1.78	489262	553	702496	11
444	453	46.46	0	3.09	5.67	0.50	483286	801	712356	12
458	481	24.93	0	1.55	2.33	0.76	495478	987	743718	18
