Nucleotide	Sequence	Modified_mutations	Modified_read_depth	Modified_effective_depth	Modified_rate	Modified_off_target_mapped_depth	Modified_low_mapq_mapped_depth	Modified_primer_pair_1_mapped_depth	Untreated_mutations	Untreated_read_depth	Untreated_effective_depth	Untreated_rate	Untreated_off_target_mapped_depth	Untreated_low_mapq_mapped_depth	Untreated_primer_pair_1_mapped_depth	Denatured_mutations	Denatured_read_depth	Denatured_effective_depth	Denatured_rate	Denatured_off_target_mapped_depth	Denatured_low_mapq_mapped_depth	Denatured_primer_pair_1_mapped_depth	Reactivity_profile	Std_err	HQ_profile	HQ_stderr	Norm_profile	Norm_stderr
1	c	0	513718	0	nan	267010	1417	513718	0	815666	0	nan	248169	826	815666	0	0	0	nan	0	0	0	nan	nan	nan	nan	nan	nan
2	a	0	516009	0	nan	268140	1426	516009	0	817050	0	nan	248560	829	817050	0	0	0	nan	0	0	0	nan	nan	nan	nan	nan	nan
3	g	0	516978	0	nan	268524	1427	516978	0	817938	0	nan	248799	830	817938	0	0	0	nan	0	0	0	nan	nan	nan	nan	nan	nan
4	a	0	517338	0	nan	268584	1428	517338	0	818110	0	nan	248832	830	818110	0	0	0	nan	0	0	0	nan	nan	nan	nan	nan	nan
5	u	0	517683	0	nan	268704	1429	517683	0	818338	0	nan	248879	830	818338	0	0	0	nan	0	0	0	nan	nan	nan	nan	nan	nan
6	c	0	518009	0	nan	268757	1429	518009	0	818360	0	nan	248886	830	818360	0	0	0	nan	0	0	0	nan	nan	nan	nan	nan	nan
7	a	0	518167	0	nan	268777	1429	518167	0	818370	0	nan	248887	830	818370	0	0	0	nan	0	0	0	nan	nan	nan	nan	nan	nan
8	c	0	518280	0	nan	268790	1429	518280	0	818381	0	nan	248890	830	818381	0	0	0	nan	0	0	0	nan	nan	nan	nan	nan	nan
9	u	0	518373	0	nan	268803	1429	518373	0	818392	0	nan	248894	830	818392	0	0	0	nan	0	0	0	nan	nan	nan	nan	nan	nan
10	a	0	518509	0	nan	268817	1429	518509	0	818402	0	nan	248896	830	818402	0	0	0	nan	0	0	0	nan	nan	nan	nan	nan	nan
11	g	0	518638	0	nan	268827	1429	518638	0	818409	0	nan	248896	830	818409	0	0	0	nan	0	0	0	nan	nan	nan	nan	nan	nan
12	a	0	518638	0	nan	268965	1429	518638	0	818414	0	nan	248900	830	818409	0	0	0	nan	0	0	0	nan	nan	nan	nan	nan	nan
13	a	0	518638	0	nan	269197	1429	518638	0	818421	0	nan	248905	830	818409	0	0	0	nan	0	0	0	nan	nan	nan	nan	nan	nan
14	g	0	518638	0	nan	269302	1429	518638	0	818440	0	nan	248916	830	818409	0	0	0	nan	0	0	0	nan	nan	nan	nan	nan	nan
15	c	0	518638	0	nan	269442	1429	518638	0	818472	0	nan	248924	830	818409	0	0	0	nan	0	0	0	nan	nan	nan	nan	nan	nan
16	u	0	518638	0	nan	269522	1429	518638	0	818480	0	nan	248924	830	818409	0	0	0	nan	0	0	0	nan	nan	nan	nan	nan	nan
17	u	0	518638	0	nan	269627	1429	518638	0	818486	0	nan	248924	830	818409	0	0	0	nan	0	0	0	nan	nan	nan	nan	nan	nan
18	u	0	518638	0	nan	269779	1429	518638	0	818495	0	nan	248924	830	818409	0	0	0	nan	0	0	0	nan	nan	nan	nan	nan	nan
19	a	0	518638	0	nan	269933	1429	518638	0	818500	0	nan	248925	830	818409	0	0	0	nan	0	0	0	nan	nan	nan	nan	nan	nan
20	u	0	518638	0	nan	270074	1429	518638	0	818500	0	nan	248925	830	818409	0	0	0	nan	0	0	0	nan	nan	nan	nan	nan	nan
21	u	0	518638	0	nan	270209	1429	518638	0	818509	0	nan	248925	830	818409	0	0	0	nan	0	0	0	nan	nan	nan	nan	nan	nan
22	g	0	518638	0	nan	270476	1429	518638	0	818515	0	nan	248926	830	818409	0	0	0	nan	0	0	0	nan	nan	nan	nan	nan	nan
23	c	0	518638	0	nan	270569	1429	518638	0	818518	0	nan	248926	830	818409	0	0	0	nan	0	0	0	nan	nan	nan	nan	nan	nan
24	g	0	518638	0	nan	270732	1430	518638	0	817650	0	nan	248926	829	817537	0	0	0	nan	0	0	0	nan	nan	nan	nan	nan	nan
25	g	0	518638	0	nan	270815	1430	518638	0	817593	0	nan	248926	829	817472	0	0	0	nan	0	0	0	nan	nan	nan	nan	nan	nan
26	U	0	518638	495787	0.000000	270837	1430	518638	3	817549	796089	0.000004	248910	829	817411	0	0	0	nan	0	0	0	-0.000004	0.000002	-0.000004	0.000002	-0.000073	0.000036
27	A	17525	518638	486824	0.035999	270851	1430	518638	486	817495	798881	0.000608	248901	829	817351	0	0	0	nan	0	0	0	0.035390	0.000273	0.035390	0.000273	0.645387	0.004979
28	G	9227	518638	491653	0.018767	270926	1430	518638	2022	817459	797268	0.002536	248899	829	817311	0	0	0	nan	0	0	0	0.016231	0.000203	0.016231	0.000203	0.295995	0.003702
29	U	9143	518638	504512	0.018122	271025	1430	518638	2196	817417	798194	0.002751	248895	829	817261	0	0	0	nan	0	0	0	0.015371	0.000198	0.015371	0.000198	0.280312	0.003611
30	U	9448	518638	502363	0.018807	271066	1430	518638	657	817332	800785	0.000820	248893	829	817170	0	0	0	nan	0	0	0	0.017987	0.000196	0.017987	0.000196	0.328018	0.003574
31	U	7814	518638	499516	0.015643	271110	1430	518638	497	817215	801070	0.000620	248893	829	817050	0	0	0	nan	0	0	0	0.015023	0.000179	0.015023	0.000179	0.273966	0.003264
32	A	16596	518638	490984	0.033802	271047	1430	518638	445	817109	801766	0.000555	248891	828	816942	0	0	0	nan	0	0	0	0.033246	0.000264	0.033246	0.000264	0.606288	0.004814
33	U	7902	518638	489504	0.016143	271084	1430	518638	1036	817038	802807	0.001290	248886	828	816870	0	0	0	nan	0	0	0	0.014852	0.000186	0.014852	0.000186	0.270847	0.003392
34	C	28821	518638	479869	0.060060	271060	1430	518638	455	816939	802797	0.000567	248872	828	816771	0	0	0	nan	0	0	0	0.059493	0.000355	0.059493	0.000355	1.084939	0.006474
35	A	36352	518638	500047	0.072697	271079	1430	518638	621	816871	802933	0.000773	248863	825	816703	0	0	0	nan	0	0	0	0.071924	0.000383	0.071924	0.000383	1.311636	0.006985
36	C	33359	518638	503855	0.066208	271058	1430	518638	399	816786	799977	0.000499	248832	816	816613	0	0	0	nan	0	0	0	0.065709	0.000363	0.065709	0.000363	1.198296	0.006620
37	A	13032	518638	498543	0.026140	271090	1430	518638	593	816705	777192	0.000763	248818	814	816518	0	0	0	nan	0	0	0	0.025377	0.000231	0.025377	0.000231	0.462785	0.004213
38	G	3236	518638	500381	0.006467	271070	1430	518638	1927	816593	777033	0.002480	248811	814	816393	0	0	0	nan	0	0	0	0.003987	0.000127	0.003987	0.000127	0.072709	0.002316
39	U	2304	518638	503110	0.004580	271081	1430	518638	2244	816497	777371	0.002887	248881	812	816286	0	0	0	nan	0	0	0	0.001693	0.000113	0.001693	0.000113	0.030874	0.002061
40	U	930	518638	511332	0.001819	270946	1430	518638	659	815990	785827	0.000839	248858	812	815765	0	0	0	nan	0	0	0	0.000980	0.000068	0.000980	0.000068	0.017872	0.001240
41	U	1608	518638	515232	0.003121	270410	1430	518638	1540	814757	792659	0.001943	246438	791	814532	0	0	0	nan	0	0	0	0.001178	0.000092	0.001178	0.000092	0.021482	0.001678
42	C	1630	518638	515026	0.003165	270268	1430	518638	415	814411	792311	0.000524	246435	774	814184	0	0	0	nan	0	0	0	0.002641	0.000082	0.002641	0.000082	0.048162	0.001495
43	U	899	518638	513358	0.001751	270135	1431	518638	403	813926	787098	0.000512	246405	763	813698	0	0	0	nan	0	0	0	0.001239	0.000064	0.001239	0.000064	0.022595	0.001167
44	A	4980	518638	503240	0.009896	269824	1431	518638	779	812422	777882	0.001001	246396	762	812193	0	0	0	nan	0	0	0	0.008894	0.000145	0.008894	0.000145	0.162195	0.002644
45	G	2032	518638	500860	0.004057	269613	1431	518638	1266	811836	773903	0.001636	246394	762	811602	0	0	0	nan	0	0	0	0.002421	0.000101	0.002421	0.000101	0.044150	0.001842
46	G	3804	518638	499088	0.007622	269359	1431	518638	3536	811493	776971	0.004551	246388	762	811251	0	0	0	nan	0	0	0	0.003071	0.000145	0.003071	0.000145	0.056004	0.002644
47	C	30403	518638	501723	0.060597	269194	1430	518638	1356	811307	779068	0.001741	246414	762	811057	0	0	0	nan	0	0	0	0.058857	0.000351	0.058857	0.000351	1.073341	0.006401
48	G	2441	518638	509694	0.004789	269109	1430	518638	885	811133	780548	0.001134	246537	762	810866	0	0	0	nan	0	0	0	0.003655	0.000104	0.003655	0.000104	0.066654	0.001897
49	A	3817	518638	509599	0.007490	269077	1430	518638	431	811020	775351	0.000556	246547	762	810743	0	0	0	nan	0	0	0	0.006934	0.000124	0.006934	0.000124	0.126451	0.002261
50	U	1981	518638	508159	0.003898	269005	1430	518638	2185	810836	780312	0.002800	246600	759	810553	0	0	0	nan	0	0	0	0.001098	0.000106	0.001098	0.000106	0.020024	0.001933
51	C	1593	518638	507275	0.003140	268988	1430	518638	531	810721	782973	0.000678	246599	759	810425	0	0	0	nan	0	0	0	0.002462	0.000084	0.002462	0.000084	0.044898	0.001532
52	G	3928	518638	506505	0.007755	268877	1431	518638	3109	810513	790414	0.003933	246600	758	810212	0	0	0	nan	0	0	0	0.003822	0.000142	0.003822	0.000142	0.069700	0.002590
53	C	37603	518638	500209	0.075175	268705	1431	518638	1164	810122	785309	0.001482	245973	758	809812	0	0	0	nan	0	0	0	0.073692	0.000390	0.073692	0.000390	1.343878	0.007112
54	U	7850	518638	499510	0.015715	268473	1432	518638	1218	809332	784200	0.001553	245973	756	809017	0	0	0	nan	0	0	0	0.014162	0.000183	0.014162	0.000183	0.258264	0.003337
55	C	33150	518638	487606	0.067985	268213	1432	518638	912	808783	779050	0.001171	245970	756	808460	0	0	0	nan	0	0	0	0.066815	0.000375	0.066815	0.000375	1.218466	0.006839
56	G	2444	518638	457278	0.005345	267938	1432	518638	1076	808110	779009	0.001381	245961	755	807773	0	0	0	nan	0	0	0	0.003963	0.000116	0.003963	0.000116	0.072271	0.002115
57	A	38533	518638	481109	0.080092	267793	1432	518638	655	807772	778076	0.000842	245957	753	807428	0	0	0	nan	0	0	0	0.079250	0.000409	0.079250	0.000409	1.445236	0.007459
58	G	6920	518638	454556	0.015224	267651	1435	518638	1157	807038	776376	0.001490	238189	751	806700	0	0	0	nan	0	0	0	0.013733	0.000188	0.013733	0.000188	0.250441	0.003428
59	A	7768	518638	441817	0.017582	267545	1435	518638	560	806860	776230	0.000721	238165	750	806499	0	0	0	nan	0	0	0	0.016861	0.000202	0.016861	0.000202	0.307484	0.003684
60	A	26364	518638	454255	0.058038	267375	1433	518638	348	806291	776860	0.000448	232250	747	805928	0	0	0	nan	0	0	0	0.057590	0.000358	0.057590	0.000358	1.050235	0.006529
61	A	24528	518638	462679	0.053013	267212	1433	518638	265	806169	778871	0.000340	232123	746	805752	0	0	0	nan	0	0	0	0.052673	0.000339	0.052673	0.000339	0.960567	0.006182
62	A	28768	518638	468966	0.061343	267028	1433	518638	483	806040	782017	0.000618	232084	745	805590	0	0	0	nan	0	0	0	0.060726	0.000363	0.060726	0.000363	1.107424	0.006620
63	C	32434	518638	475941	0.068147	266781	1432	518638	931	805720	778445	0.001196	231950	742	805234	0	0	0	nan	0	0	0	0.066951	0.000380	0.066951	0.000380	1.220946	0.006930
64	A	26224	518638	486302	0.053925	266670	1428	518638	392	805558	775948	0.000505	231842	711	805060	0	0	0	nan	0	0	0	0.053420	0.000334	0.053420	0.000334	0.974189	0.006091
65	U	6008	518638	486330	0.012354	266549	1426	518638	545	804640	772164	0.000706	231786	443	804139	0	0	0	nan	0	0	0	0.011648	0.000162	0.011648	0.000162	0.212418	0.002954
66	G	1587	518638	462751	0.003429	266328	1427	518638	819	804399	772297	0.001060	231734	379	803895	0	0	0	nan	0	0	0	0.002369	0.000094	0.002369	0.000094	0.043202	0.001714
67	A	22334	518638	459598	0.048595	266059	1426	518638	1110	804190	776085	0.001430	231720	306	803684	0	0	0	nan	0	0	0	0.047164	0.000328	0.047164	0.000328	0.860102	0.005982
68	G	1990	518638	457505	0.004350	266026	1426	518638	1175	804095	777311	0.001512	231355	296	803586	0	0	0	nan	0	0	0	0.002838	0.000107	0.002838	0.000107	0.051755	0.001951
69	G	1616	518638	470847	0.003432	265884	1426	518638	789	803944	777026	0.001015	231347	292	803434	0	0	0	nan	0	0	0	0.002417	0.000093	0.002417	0.000093	0.044077	0.001696
70	A	21620	518638	471947	0.045810	265817	1424	518638	488	803865	773592	0.000631	231337	288	803353	0	0	0	nan	0	0	0	0.045179	0.000313	0.045179	0.000313	0.823903	0.005708
71	U	5656	518638	472750	0.011964	265761	1424	518638	1121	803751	768543	0.001459	231309	287	803237	0	0	0	nan	0	0	0	0.010505	0.000165	0.010505	0.000165	0.191574	0.003009
72	C	32827	518638	471327	0.069648	265705	1423	518638	773	803624	771973	0.001001	231265	286	803108	0	0	0	nan	0	0	0	0.068647	0.000386	0.068647	0.000386	1.251875	0.007039
73	A	45471	518638	479387	0.094852	265627	1423	518638	598	803481	772142	0.000774	223722	283	802961	0	0	0	nan	0	0	0	0.094078	0.000446	0.094078	0.000446	1.715645	0.008133
74	C	26109	518638	486040	0.053718	265588	1423	518638	1957	803363	773131	0.002531	223712	282	802840	0	0	0	nan	0	0	0	0.051187	0.000337	0.051187	0.000337	0.933467	0.006146
75	C	17767	518638	496114	0.035812	265468	1420	518638	643	803108	773468	0.000831	223696	276	802579	0	0	0	nan	0	0	0	0.034981	0.000271	0.034981	0.000271	0.637928	0.004942
76	C	9991	518638	498594	0.020038	265368	1420	518638	629	803005	775434	0.000811	223689	270	802473	0	0	0	nan	0	0	0	0.019227	0.000203	0.019227	0.000203	0.350631	0.003702
77	A	9491	518638	501852	0.018912	265274	1420	518638	377	802937	779817	0.000483	223685	265	802404	0	0	0	nan	0	0	0	0.018429	0.000196	0.018429	0.000196	0.336079	0.003574
78	U	3210	518638	502964	0.006382	265233	1420	518638	901	802883	778211	0.001158	223678	262	802349	0	0	0	nan	0	0	0	0.005224	0.000119	0.005224	0.000119	0.095267	0.002170
79	G	1818	518638	504928	0.003601	265132	1418	518638	618	802771	781816	0.000790	223668	262	802236	0	0	0	nan	0	0	0	0.002810	0.000090	0.002810	0.000090	0.051244	0.001641
80	U	4823	518638	503748	0.009574	265083	1418	518638	4442	802702	780620	0.005690	223660	257	802167	0	0	0	nan	0	0	0	0.003884	0.000162	0.003884	0.000162	0.070830	0.002954
81	C	15160	518638	504685	0.030039	264967	1418	518638	550	802591	786526	0.000699	223660	257	802053	0	0	0	nan	0	0	0	0.029339	0.000246	0.029339	0.000246	0.535038	0.004486
82	U	4025	518638	504411	0.007980	264861	1418	518638	788	802448	779571	0.001011	223618	255	801908	0	0	0	nan	0	0	0	0.006969	0.000131	0.006969	0.000131	0.127090	0.002389
83	G	4613	518638	502075	0.009188	264682	1418	518638	2690	802216	778864	0.003454	223618	250	801675	0	0	0	nan	0	0	0	0.005734	0.000151	0.005734	0.000151	0.104568	0.002754
84	C	14255	518638	496286	0.028723	264593	1418	518638	733	802149	777688	0.000943	223609	248	801603	0	0	0	nan	0	0	0	0.027781	0.000243	0.027781	0.000243	0.506626	0.004431
85	A	37080	518638	495349	0.074856	264465	1418	518638	527	802062	776496	0.000679	223608	243	801511	0	0	0	nan	0	0	0	0.074178	0.000390	0.074178	0.000390	1.352741	0.007112
86	G	3410	518638	493603	0.006908	264373	1418	518638	1768	801918	772696	0.002288	223603	240	801363	0	0	0	nan	0	0	0	0.004620	0.000130	0.004620	0.000130	0.084252	0.002371
87	G	3350	518638	493509	0.006788	264110	1418	518638	3572	801543	771659	0.004629	223593	238	800983	0	0	0	nan	0	0	0	0.002159	0.000141	0.002159	0.000141	0.039372	0.002571
88	U	5324	518638	488825	0.010891	263936	1418	518638	1367	801210	773823	0.001767	223536	231	800650	0	0	0	nan	0	0	0	0.009125	0.000157	0.009125	0.000157	0.166407	0.002863
89	C	20751	518638	492184	0.042161	263732	1418	518638	539	800958	778278	0.000693	223532	224	800393	0	0	0	nan	0	0	0	0.041469	0.000294	0.041469	0.000294	0.756246	0.005362
90	G	2119	518638	485454	0.004365	263552	1418	518638	822	800717	763256	0.001077	223496	222	800149	0	0	0	nan	0	0	0	0.003288	0.000102	0.003288	0.000102	0.059961	0.001860
91	A	21431	518638	486968	0.044009	263314	1418	518638	412	800363	762443	0.000540	223483	222	799788	0	0	0	nan	0	0	0	0.043469	0.000302	0.043469	0.000302	0.792719	0.005507
92	C	23168	518638	484766	0.047792	263221	1418	518638	329	800221	752971	0.000437	223304	222	799645	0	0	0	nan	0	0	0	0.047355	0.000315	0.047355	0.000315	0.863585	0.005744
93	U	8063	518638	487826	0.016528	263094	1417	518638	2613	799998	765335	0.003414	223060	219	799420	0	0	0	nan	0	0	0	0.013114	0.000196	0.013114	0.000196	0.239152	0.003574
94	C	20500	518638	485833	0.042196	263202	1417	518638	3872	799844	767195	0.005047	24208	205	799265	0	0	0	nan	0	0	0	0.037149	0.000306	0.037149	0.000306	0.677464	0.005580
95	U	5195	518638	477178	0.010887	263109	1417	518638	553	799701	775308	0.000713	24191	204	799118	0	0	0	nan	0	0	0	0.010174	0.000154	0.010174	0.000154	0.185537	0.002808
96	A	19547	518638	475242	0.041131	262363	1417	518638	922	795853	770912	0.001196	21342	192	795681	0	0	0	nan	0	0	0	0.039935	0.000297	0.039935	0.000297	0.728271	0.005416
97	G	11795	518638	470317	0.025079	262302	1417	518638	1867	795737	770119	0.002424	21187	189	795554	0	0	0	nan	0	0	0	0.022655	0.000238	0.022655	0.000238	0.413146	0.004340
98	A	6472	518638	462246	0.014001	262250	1416	518638	593	795657	772452	0.000768	21180	185	795468	0	0	0	nan	0	0	0	0.013234	0.000177	0.013234	0.000177	0.241341	0.003228
99	A	22213	518638	463573	0.047917	262222	1415	518638	376	795594	772389	0.000487	21166	183	795404	0	0	0	nan	0	0	0	0.047430	0.000322	0.047430	0.000322	0.864953	0.005872
100	A	19584	518638	459154	0.042652	262181	1414	518638	2392	795473	775253	0.003085	21161	181	795280	0	0	0	nan	0	0	0	0.039567	0.000311	0.039567	0.000311	0.721560	0.005672
101	U	30627	518638	465155	0.065843	262259	1422	518638	1006	795414	755926	0.001331	21186	181	795221	0	0	0	nan	0	0	0	0.064512	0.000379	0.064512	0.000379	1.176467	0.006912
102	A	9108	518638	462051	0.019712	262228	1422	518638	1055	795347	757884	0.001392	21180	181	795149	0	0	0	nan	0	0	0	0.018320	0.000211	0.018320	0.000211	0.334091	0.003848
103	A	21864	518638	474336	0.046094	262141	1422	518638	818	795263	757837	0.001079	21178	179	795062	0	0	0	nan	0	0	0	0.045015	0.000314	0.045015	0.000314	0.820912	0.005726
104	A	32741	518638	488853	0.066975	262077	1422	518638	742	795131	776023	0.000956	21178	177	794928	0	0	0	nan	0	0	0	0.066019	0.000372	0.066019	0.000372	1.203950	0.006784
105	U	6220	518638	496699	0.012523	261985	1423	518638	666	795019	776026	0.000858	21177	175	794815	0	0	0	nan	0	0	0	0.011664	0.000162	0.011664	0.000162	0.212710	0.002954
106	U	5330	518638	497305	0.010718	261922	1423	518638	526	794957	776233	0.000678	21175	172	794748	0	0	0	nan	0	0	0	0.010040	0.000150	0.010040	0.000150	0.183094	0.002735
107	G	3214	518638	496835	0.006469	261857	1423	518638	2385	794897	774554	0.003079	21170	170	794684	0	0	0	nan	0	0	0	0.003390	0.000130	0.003390	0.000130	0.061821	0.002371
108	C	20470	518638	497282	0.041164	261815	1423	518638	767	794863	775444	0.000989	21165	170	794646	0	0	0	nan	0	0	0	0.040175	0.000290	0.040175	0.000290	0.732648	0.005289
109	U	4793	518638	490392	0.009774	261730	1423	518638	363	794820	780841	0.000465	21152	170	794601	0	0	0	nan	0	0	0	0.009309	0.000143	0.009309	0.000143	0.169763	0.002608
110	A	3404	518638	481565	0.007069	261614	1423	518638	688	794750	778742	0.000883	21148	170	794528	0	0	0	nan	0	0	0	0.006185	0.000126	0.006185	0.000126	0.112792	0.002298
111	A	37550	518638	489175	0.076762	261460	1423	518638	1311	794554	777454	0.001686	21148	169	794325	0	0	0	nan	0	0	0	0.075076	0.000399	0.075076	0.000399	1.369117	0.007276
112	C	40570	518638	492117	0.082440	261289	1423	518638	407	794394	774364	0.000526	21139	169	794159	0	0	0	nan	0	0	0	0.081914	0.000410	0.081914	0.000410	1.493817	0.007477
113	G	3924	518638	496718	0.007900	261189	1423	518638	1896	794287	772969	0.002453	21135	168	794047	0	0	0	nan	0	0	0	0.005447	0.000138	0.005447	0.000138	0.099334	0.002517
114	C	10940	518638	493745	0.022157	261057	1423	518638	1544	794208	770035	0.002005	21130	168	793961	0	0	0	nan	0	0	0	0.020152	0.000218	0.020152	0.000218	0.367500	0.003976
115	A	18642	518638	499233	0.037341	260917	1423	518638	511	794142	764892	0.000668	21105	165	793888	0	0	0	nan	0	0	0	0.036673	0.000275	0.036673	0.000275	0.668784	0.005015
116	G	1976	518638	499891	0.003953	260738	1423	518638	516	794049	764028	0.000675	21101	165	793790	0	0	0	nan	0	0	0	0.003277	0.000094	0.003277	0.000094	0.059761	0.001714
117	U	9420	518638	503045	0.018726	260643	1423	518638	1627	794001	765372	0.002126	21091	164	793736	0	0	0	nan	0	0	0	0.016600	0.000200	0.016600	0.000200	0.302724	0.003647
118	C	21079	518638	503857	0.041835	260524	1422	518638	495	793965	776033	0.000638	21089	163	793696	0	0	0	nan	0	0	0	0.041197	0.000290	0.041197	0.000290	0.751285	0.005289
119	A	21367	518638	507476	0.042104	260349	1422	518638	799	793698	772439	0.001034	21081	163	793428	0	0	0	nan	0	0	0	0.041070	0.000290	0.041070	0.000290	0.748969	0.005289
120	G	4710	518638	508624	0.009260	260087	1422	518638	588	793058	774660	0.000759	21068	162	792779	0	0	0	nan	0	0	0	0.008501	0.000139	0.008501	0.000139	0.155028	0.002535
121	U	7350	518638	507466	0.014484	259896	1422	518638	675	792804	769987	0.000877	21053	159	792518	0	0	0	nan	0	0	0	0.013607	0.000172	0.013607	0.000172	0.248143	0.003137
122	G	4455	518638	505756	0.008809	259735	1420	518638	1804	792533	757203	0.002382	21046	158	792237	0	0	0	nan	0	0	0	0.006426	0.000143	0.006426	0.000143	0.117187	0.002608
123	G	2918	518638	504397	0.005785	259572	1420	518638	1618	792239	746432	0.002168	21038	154	791935	0	0	0	nan	0	0	0	0.003617	0.000120	0.003617	0.000120	0.065961	0.002188
124	G	4662	518638	502555	0.009277	259462	1418	518638	5297	792084	747506	0.007086	21031	152	791773	0	0	0	nan	0	0	0	0.002190	0.000167	0.002190	0.000167	0.039938	0.003045
125	C	7226	518638	503885	0.014341	259383	1418	518638	3165	792009	758033	0.004175	21027	150	791695	0	0	0	nan	0	0	0	0.010165	0.000184	0.010165	0.000184	0.185373	0.003355
126	C	15540	518638	504448	0.030806	259271	1418	518638	718	791807	769281	0.000933	21020	150	791491	0	0	0	nan	0	0	0	0.029873	0.000250	0.029873	0.000250	0.544776	0.004559
127	U	4762	518638	502615	0.009474	259097	1418	518638	1514	791556	770582	0.001965	21013	147	791238	0	0	0	nan	0	0	0	0.007510	0.000146	0.007510	0.000146	0.136955	0.002663
128	C	26999	518638	501030	0.053887	258958	1418	518638	1323	791352	767502	0.001724	21012	146	791028	0	0	0	nan	0	0	0	0.052163	0.000331	0.052163	0.000331	0.951266	0.006036
129	G	4324	518638	499202	0.008662	258652	1418	518638	2003	790770	753041	0.002660	21003	144	790440	0	0	0	nan	0	0	0	0.006002	0.000145	0.006002	0.000145	0.109455	0.002644
130	G	4652	518638	499123	0.009320	258441	1418	518638	3758	790410	751213	0.005003	21002	139	790073	0	0	0	nan	0	0	0	0.004318	0.000159	0.004318	0.000159	0.078745	0.002900
131	C	28968	518638	496408	0.058355	258305	1417	518638	1407	790261	748306	0.001880	20997	134	789920	0	0	0	nan	0	0	0	0.056475	0.000347	0.056475	0.000347	1.029901	0.006328
132	G	1934	518638	499104	0.003875	258214	1416	518638	1566	790098	753335	0.002079	20988	134	789749	0	0	0	nan	0	0	0	0.001796	0.000103	0.001796	0.000103	0.032753	0.001878
133	G	4112	518638	495379	0.008301	258101	1416	518638	3449	789926	753799	0.004575	20977	133	789573	0	0	0	nan	0	0	0	0.003725	0.000151	0.003725	0.000151	0.067931	0.002754
134	C	6544	518638	493869	0.013250	258031	1416	518638	2013	789865	755841	0.002663	20970	133	789511	0	0	0	nan	0	0	0	0.010587	0.000174	0.010587	0.000174	0.193069	0.003173
135	C	11618	518638	492269	0.023601	257953	1415	518638	670	789794	761883	0.000879	20932	133	789433	0	0	0	nan	0	0	0	0.022722	0.000222	0.022722	0.000222	0.414368	0.004048
136	A	27535	518638	491376	0.056037	257995	1414	518638	378	789715	759252	0.000498	20914	132	789350	0	0	0	nan	0	0	0	0.055539	0.000339	0.055539	0.000339	1.012832	0.006182
137	A	39557	518638	500389	0.079052	257946	1414	518638	531	789603	760974	0.000698	20901	131	789238	0	0	0	nan	0	0	0	0.078355	0.000399	0.078355	0.000399	1.428914	0.007276
138	G	3998	518638	503361	0.007943	257903	1413	518638	1951	789544	764856	0.002551	20892	127	789176	0	0	0	nan	0	0	0	0.005392	0.000138	0.005392	0.000138	0.098331	0.002517
139	C	22893	518638	505026	0.045330	257833	1413	518638	1330	789409	764849	0.001739	20888	126	789038	0	0	0	nan	0	0	0	0.043591	0.000303	0.043591	0.000303	0.794943	0.005526
140	U	5114	518638	506266	0.010101	257767	1413	518638	500	789273	765067	0.000654	20882	126	788898	0	0	0	nan	0	0	0	0.009448	0.000144	0.009448	0.000144	0.172298	0.002626
141	U	4611	518638	504404	0.009141	257679	1413	518638	641	789163	760674	0.000843	20879	125	788784	0	0	0	nan	0	0	0	0.008299	0.000139	0.008299	0.000139	0.151344	0.002535
142	G	2702	518638	503620	0.005365	257570	1413	518638	1352	789023	758569	0.001782	20868	119	788642	0	0	0	nan	0	0	0	0.003583	0.000114	0.003583	0.000114	0.065341	0.002079
143	G	8082	518638	503944	0.016037	257453	1412	518638	4118	788812	758418	0.005430	20854	118	788430	0	0	0	nan	0	0	0	0.010608	0.000197	0.010608	0.000197	0.193452	0.003593
144	C	13920	518638	501511	0.027756	257361	1412	518638	2930	788680	756866	0.003871	20849	116	788296	0	0	0	nan	0	0	0	0.023885	0.000246	0.023885	0.000246	0.435577	0.004486
145	A	19424	518638	502886	0.038625	257303	1407	518638	302	788588	756617	0.000399	20844	114	788200	0	0	0	nan	0	0	0	0.038226	0.000278	0.038226	0.000278	0.697105	0.005070
146	A	27717	518638	507495	0.054615	257212	1407	518638	612	788476	753677	0.000812	20841	113	788084	0	0	0	nan	0	0	0	0.053803	0.000330	0.053803	0.000330	0.981174	0.006018
147	U	4915	518638	507457	0.009686	257114	1405	518638	1959	788344	755706	0.002592	20838	111	787952	0	0	0	nan	0	0	0	0.007093	0.000150	0.007093	0.000150	0.129351	0.002735
148	C	8367	518638	508483	0.016455	257047	1404	518638	495	788292	760232	0.000651	20833	112	787898	0	0	0	nan	0	0	0	0.015804	0.000182	0.015804	0.000182	0.288208	0.003319
149	C	6109	518638	507837	0.012029	256940	1404	518638	600	788211	763080	0.000786	20817	110	787806	0	0	0	nan	0	0	0	0.011243	0.000157	0.011243	0.000157	0.205032	0.002863
150	G	5665	518638	505660	0.011203	256846	1363	518638	3280	788120	762406	0.004302	20813	109	787710	0	0	0	nan	0	0	0	0.006901	0.000167	0.006901	0.000167	0.125849	0.003045
151	G	2341	518638	503921	0.004646	256734	1359	518638	1106	788043	762671	0.001450	20806	107	787627	0	0	0	nan	0	0	0	0.003195	0.000105	0.003195	0.000105	0.058265	0.001915
152	U	5672	518638	499559	0.011354	256624	1334	518638	811	787954	761475	0.001065	20799	105	787537	0	0	0	nan	0	0	0	0.010289	0.000155	0.010289	0.000155	0.187634	0.002827
153	A	22905	518638	501176	0.045703	256570	1212	518638	611	787899	764561	0.000799	20797	104	787481	0	0	0	nan	0	0	0	0.044903	0.000304	0.044903	0.000304	0.818870	0.005544
154	C	20376	518638	508304	0.040086	256513	1195	518638	440	787851	765202	0.000575	20790	103	787430	0	0	0	nan	0	0	0	0.039511	0.000282	0.039511	0.000282	0.720539	0.005143
155	U	4044	518638	507467	0.007969	256487	1181	518638	406	787816	767323	0.000529	20786	102	787394	0	0	0	nan	0	0	0	0.007440	0.000128	0.007440	0.000128	0.135679	0.002334
156	G	3466	518638	506558	0.006842	256436	1173	518638	674	787743	768077	0.000878	20778	102	787319	0	0	0	nan	0	0	0	0.005965	0.000121	0.005965	0.000121	0.108780	0.002207
157	U	4287	518638	505806	0.008476	256380	1077	518638	664	787676	767639	0.000865	20772	101	787249	0	0	0	nan	0	0	0	0.007611	0.000134	0.007611	0.000134	0.138797	0.002444
158	U	3319	518638	499699	0.006642	256312	1065	518638	519	787629	746266	0.000695	20771	99	787199	0	0	0	nan	0	0	0	0.005947	0.000119	0.005947	0.000119	0.108452	0.002170
159	G	5788	518638	494619	0.011702	256216	1062	518638	2678	787556	740685	0.003616	20755	97	787123	0	0	0	nan	0	0	0	0.008086	0.000169	0.008086	0.000169	0.147460	0.003082
160	G	3415	518638	494040	0.006912	256109	1048	518638	736	787516	740213	0.000994	20741	96	787080	0	0	0	nan	0	0	0	0.005918	0.000124	0.005918	0.000124	0.107923	0.002261
161	U	7097	518638	480775	0.014762	255983	983	518638	626	787464	753971	0.000830	20731	95	787026	0	0	0	nan	0	0	0	0.013931	0.000178	0.013931	0.000178	0.254051	0.003246
162	A	18988	518638	465946	0.040752	255782	850	518638	979	787387	766727	0.001277	20723	95	786946	0	0	0	nan	0	0	0	0.039475	0.000299	0.039475	0.000299	0.719882	0.005453
163	A	39778	518638	482983	0.082359	255667	837	518638	618	787323	765252	0.000808	20719	95	786882	0	0	0	nan	0	0	0	0.081551	0.000414	0.081551	0.000414	1.487198	0.007550
164	A	30464	518638	488524	0.062359	255551	826	518638	719	787208	760462	0.000945	20716	93	786765	0	0	0	nan	0	0	0	0.061414	0.000359	0.061414	0.000359	1.119971	0.006547
165	G	4312	518638	493076	0.008745	255489	788	518638	2408	787148	760285	0.003167	20716	91	786705	0	0	0	nan	0	0	0	0.005578	0.000148	0.005578	0.000148	0.101723	0.002699
166	C	5735	518638	490695	0.011688	255436	779	518638	1863	787098	759334	0.002453	20707	91	786655	0	0	0	nan	0	0	0	0.009234	0.000164	0.009234	0.000164	0.168395	0.002991
167	C	3965	518638	489362	0.008102	255376	778	518638	460	786990	763550	0.000602	20706	91	786544	0	0	0	nan	0	0	0	0.007500	0.000132	0.007500	0.000132	0.136773	0.002407
168	A	27879	518638	498457	0.055931	255282	772	518638	626	786930	765869	0.000817	20656	88	786483	0	0	0	nan	0	0	0	0.055113	0.000337	0.055113	0.000337	1.005063	0.006146
169	C	13965	518638	501581	0.027842	255233	745	518638	531	786864	766420	0.000693	20647	87	786411	0	0	0	nan	0	0	0	0.027149	0.000238	0.027149	0.000238	0.495100	0.004340
170	C	11374	518638	503375	0.022595	255080	742	518638	423	786696	765247	0.000553	20645	87	786239	0	0	0	nan	0	0	0	0.022043	0.000214	0.022043	0.000214	0.401985	0.003903
171	A	18815	518638	505047	0.037254	254940	735	518638	393	786589	762670	0.000515	20636	85	786128	0	0	0	nan	0	0	0	0.036739	0.000273	0.036739	0.000273	0.669988	0.004979
172	U	4853	518638	507572	0.009561	254832	731	518638	499	786447	758342	0.000658	20629	84	785985	0	0	0	nan	0	0	0	0.008903	0.000140	0.008903	0.000140	0.162359	0.002553
173	G	2907	518638	507625	0.005727	254747	727	518638	1740	786369	754363	0.002307	20616	84	785906	0	0	0	nan	0	0	0	0.003420	0.000120	0.003420	0.000120	0.062369	0.002188
174	G	2669	518638	506542	0.005269	254633	724	518638	1393	786229	752830	0.001850	20594	80	785762	0	0	0	nan	0	0	0	0.003419	0.000113	0.003419	0.000113	0.062350	0.002061
175	U	2137	518638	506012	0.004223	254087	703	518638	1724	785373	754433	0.002285	15951	18	784913	0	0	0	nan	0	0	0	0.001938	0.000107	0.001938	0.000107	0.035342	0.001951
176	C	6694	518638	505300	0.013248	253994	703	518638	10652	785313	762750	0.013965	15950	15	784853	0	0	0	nan	0	0	0	-0.000718	0.000211	-0.000718	0.000211	-0.013094	0.003848
177	U	1427	518638	505378	0.002824	253944	685	518638	1069	785255	760697	0.001405	15944	13	784793	0	0	0	nan	0	0	0	0.001418	0.000086	0.001418	0.000086	0.025859	0.001568
178	U	1691	518638	485282	0.003485	253873	678	518638	1439	785150	762897	0.001886	15946	13	784688	0	0	0	nan	0	0	0	0.001598	0.000098	0.001598	0.000098	0.029142	0.001787
179	C	3605	518638	472166	0.007635	253781	678	518638	421	785072	761839	0.000553	15946	12	784608	0	0	0	nan	0	0	0	0.007082	0.000130	0.007082	0.000130	0.129150	0.002371
180	A	34037	518638	471580	0.072177	253657	677	518638	536	784939	765364	0.000700	15946	12	784472	0	0	0	nan	0	0	0	0.071476	0.000392	0.071476	0.000392	1.303466	0.007149
181	C	51839	518638	467013	0.111001	253555	669	518638	411	784859	767567	0.000535	15948	12	784390	0	0	0	nan	0	0	0	0.110466	0.000488	0.110466	0.000488	2.014503	0.008899
182	A	31119	518638	471757	0.065964	253447	668	518638	347	784761	765430	0.000453	15942	12	784287	0	0	0	nan	0	0	0	0.065511	0.000375	0.065511	0.000375	1.194686	0.006839
183	C	44047	518638	476071	0.092522	253428	667	518638	310	784640	756388	0.000410	15942	11	784165	0	0	0	nan	0	0	0	0.092112	0.000441	0.092112	0.000441	1.679792	0.008042
184	U	10816	518638	489882	0.022079	253280	666	518638	787	784509	755988	0.001041	15943	11	784034	0	0	0	nan	0	0	0	0.021038	0.000216	0.021038	0.000216	0.383658	0.003939
185	C	41586	518638	501220	0.082970	253156	665	518638	839	784408	753626	0.001113	15921	3	783932	0	0	0	nan	0	0	0	0.081856	0.000409	0.081856	0.000409	1.492760	0.007459
186	G	1335	518638	498708	0.002677	253010	662	518638	555	784182	758672	0.000732	15921	3	783707	0	0	0	nan	0	0	0	0.001945	0.000080	0.001945	0.000080	0.035470	0.001459
187	A	7488	518638	497933	0.015038	252795	662	518638	402	783993	748813	0.000537	15921	3	783517	0	0	0	nan	0	0	0	0.014501	0.000176	0.014501	0.000176	0.264446	0.003210
188	A	9122	518638	501379	0.018194	252603	650	518638	945	783825	746967	0.001265	15918	3	783348	0	0	0	nan	0	0	0	0.016929	0.000195	0.016929	0.000195	0.308724	0.003556
189	G	1834	518638	500706	0.003663	252452	645	518638	526	783756	745747	0.000705	15914	3	783279	0	0	0	nan	0	0	0	0.002957	0.000091	0.002957	0.000091	0.053925	0.001660
190	A	14526	518638	502631	0.028900	252255	643	518638	1697	783661	749690	0.002264	15913	3	783183	0	0	0	nan	0	0	0	0.026636	0.000246	0.026636	0.000246	0.485745	0.004486
191	U	3490	518638	502243	0.006949	250924	445	518638	1051	783554	748146	0.001405	15900	3	783076	0	0	0	nan	0	0	0	0.005544	0.000125	0.005544	0.000125	0.101103	0.002280
192	U	7281	518638	503759	0.014453	250822	441	518638	508	783445	753062	0.000675	15887	3	782967	0	0	0	nan	0	0	0	0.013779	0.000172	0.013779	0.000172	0.251280	0.003137
193	U	9226	518638	502518	0.018360	250696	429	518638	953	783368	754677	0.001263	15887	3	782887	0	0	0	nan	0	0	0	0.017097	0.000195	0.017097	0.000195	0.311788	0.003556
194	C	24456	518638	504319	0.048493	249227	308	518638	567	783267	761570	0.000745	15886	1	782783	0	0	0	nan	0	0	0	0.047749	0.000312	0.047749	0.000312	0.870770	0.005690
195	G	6254	518638	507925	0.012313	249066	307	518638	756	783099	753798	0.001003	15886	1	782611	0	0	0	nan	0	0	0	0.011310	0.000160	0.011310	0.000160	0.206254	0.002918
196	U	4012	518638	508437	0.007891	248824	303	518638	566	782701	752421	0.000752	15860	1	782211	0	0	0	nan	0	0	0	0.007139	0.000129	0.007139	0.000129	0.130190	0.002352
197	U	3934	518638	503078	0.007820	248462	303	518638	361	782107	742533	0.000486	15860	1	781618	0	0	0	nan	0	0	0	0.007334	0.000127	0.007334	0.000127	0.133746	0.002316
198	G	5733	518638	499736	0.011472	247823	296	518638	2759	781080	733995	0.003759	15853	1	780593	0	0	0	nan	0	0	0	0.007713	0.000168	0.007713	0.000168	0.140657	0.003064
199	G	2706	518638	497472	0.005440	247434	293	518638	1546	780494	721911	0.002142	15849	1	780007	0	0	0	nan	0	0	0	0.003298	0.000118	0.003298	0.000118	0.060144	0.002152
200	G	1639	518638	499307	0.003283	247030	279	518638	1129	780000	718692	0.001571	15846	1	779514	0	0	0	nan	0	0	0	0.001712	0.000094	0.001712	0.000094	0.031221	0.001714
201	G	1730	518638	495838	0.003489	246561	253	518638	767	779725	715114	0.001073	15843	1	779239	0	0	0	nan	0	0	0	0.002416	0.000092	0.002416	0.000092	0.044059	0.001678
202	A	19667	518638	498973	0.039415	244942	151	518638	953	779532	724630	0.001315	15843	1	779046	0	0	0	nan	0	0	0	0.038100	0.000284	0.038100	0.000284	0.694807	0.005179
203	C	32279	518638	501874	0.064317	244207	120	518638	377	779433	730292	0.000516	15840	1	778945	0	0	0	nan	0	0	0	0.063801	0.000359	0.063801	0.000359	1.163501	0.006547
204	U	3721	518638	503486	0.007390	244065	114	518638	580	779331	749417	0.000774	15838	1	778839	0	0	0	nan	0	0	0	0.006617	0.000125	0.006617	0.000125	0.120670	0.002280
205	G	2088	518638	500633	0.004171	243753	113	518638	1224	779104	751306	0.001629	15837	1	778608	0	0	0	nan	0	0	0	0.002542	0.000102	0.002542	0.000102	0.046357	0.001860
206	G	4284	518638	498934	0.008586	243322	104	518638	3623	778686	753946	0.004805	15835	1	778184	0	0	0	nan	0	0	0	0.003781	0.000154	0.003781	0.000154	0.068952	0.002808
207	C	6193	518638	495805	0.012491	243008	100	518638	904	778281	749505	0.001206	15834	1	777778	0	0	0	nan	0	0	0	0.011285	0.000164	0.011285	0.000164	0.205798	0.002991
208	G	1961	518638	492819	0.003979	242644	97	518638	733	777806	738045	0.000993	15834	1	777301	0	0	0	nan	0	0	0	0.002986	0.000097	0.002986	0.000097	0.054454	0.001769
209	A	21995	518638	492259	0.044682	242194	97	518638	503	777313	737418	0.000682	15834	1	776806	0	0	0	nan	0	0	0	0.044000	0.000303	0.044000	0.000303	0.802402	0.005526
210	C	19428	518638	488651	0.039758	242005	93	518638	393	777126	736774	0.000533	15833	1	776618	0	0	0	nan	0	0	0	0.039225	0.000287	0.039225	0.000287	0.715323	0.005234
211	A	29550	518638	492551	0.059994	241672	55	518638	632	776772	741545	0.000852	15827	1	776264	0	0	0	nan	0	0	0	0.059142	0.000351	0.059142	0.000351	1.078538	0.006401
212	G	2125	518638	490316	0.004334	241434	54	518638	588	776392	740952	0.000794	15826	1	775884	0	0	0	nan	0	0	0	0.003540	0.000100	0.003540	0.000100	0.064557	0.001824
213	A	21029	518638	489392	0.042970	241175	52	518638	448	776155	741206	0.000604	15825	1	775647	0	0	0	nan	0	0	0	0.042365	0.000298	0.042365	0.000298	0.772586	0.005434
214	C	24887	518638	491946	0.050589	240935	32	518638	486	775907	739234	0.000657	15824	1	775399	0	0	0	nan	0	0	0	0.049931	0.000322	0.049931	0.000322	0.910562	0.005872
215	A	19747	518638	495527	0.039851	240700	27	518638	508	775654	737273	0.000689	15822	1	775144	0	0	0	nan	0	0	0	0.039161	0.000285	0.039161	0.000285	0.714156	0.005197
216	G	2877	518638	494052	0.005823	240472	26	518638	2907	775424	735399	0.003953	15820	1	774912	0	0	0	nan	0	0	0	0.001870	0.000131	0.001870	0.000131	0.034102	0.002389
217	C	10422	518638	492948	0.021142	240158	26	518638	1083	775198	736037	0.001471	15817	1	774686	0	0	0	nan	0	0	0	0.019671	0.000212	0.019671	0.000212	0.358728	0.003866
218	C	7848	518638	484147	0.016210	239880	26	518638	756	774943	739534	0.001022	15817	1	774430	0	0	0	nan	0	0	0	0.015188	0.000187	0.015188	0.000187	0.276975	0.003410
219	G	2707	518638	478926	0.005652	239517	26	518638	1471	774823	735547	0.002000	15816	1	774310	0	0	0	nan	0	0	0	0.003652	0.000121	0.003652	0.000121	0.066599	0.002207
220	G	6074	518638	476359	0.012751	239148	26	518638	5554	774557	737712	0.007529	15816	1	774042	0	0	0	nan	0	0	0	0.005222	0.000192	0.005222	0.000192	0.095231	0.003501
221	C	61768	518638	480523	0.128543	238909	26	518638	1728	774312	738558	0.002340	15810	1	773794	0	0	0	nan	0	0	0	0.126204	0.000520	0.126204	0.000520	2.301508	0.009483
222	U	4384	518638	481161	0.009111	238656	24	518638	515	774088	726841	0.000709	15809	1	773568	0	0	0	nan	0	0	0	0.008403	0.000141	0.008403	0.000141	0.153241	0.002571
223	A	12502	518638	484238	0.025818	238381	24	518638	577	773738	730778	0.000790	15810	1	773217	0	0	0	nan	0	0	0	0.025028	0.000233	0.025028	0.000233	0.456421	0.004249
224	C	5167	518638	485544	0.010642	238275	25	518638	360	773518	730907	0.000493	15811	1	772995	0	0	0	nan	0	0	0	0.010149	0.000150	0.010149	0.000150	0.185081	0.002735
225	A	6705	518638	490812	0.013661	238032	25	518638	310	773241	741936	0.000418	15811	1	772719	0	0	0	nan	0	0	0	0.013243	0.000169	0.013243	0.000169	0.241505	0.003082
226	A	9188	518638	495177	0.018555	237722	25	518638	597	772899	735553	0.000812	15809	1	772375	0	0	0	nan	0	0	0	0.017743	0.000196	0.017743	0.000196	0.323569	0.003574
227	C	15718	518638	500233	0.031421	237444	23	518638	502	772535	730646	0.000687	15809	1	772010	0	0	0	nan	0	0	0	0.030734	0.000252	0.030734	0.000252	0.560478	0.004596
228	C	3204	518638	500423	0.006403	237026	23	518638	402	771928	732981	0.000548	15812	1	771403	0	0	0	nan	0	0	0	0.005854	0.000116	0.005854	0.000116	0.106756	0.002115
229	U	1032	518638	497807	0.002073	236640	23	518638	696	771585	730707	0.000953	15813	1	771059	0	0	0	nan	0	0	0	0.001121	0.000074	0.001121	0.000074	0.020443	0.001349
230	G	1499	518638	493449	0.003038	236279	23	518638	1191	771179	721476	0.001651	15815	1	770651	0	0	0	nan	0	0	0	0.001387	0.000092	0.001387	0.000092	0.025294	0.001678
231	G	1485	518638	490194	0.003029	235861	23	518638	978	770704	706362	0.001385	15812	1	770173	0	0	0	nan	0	0	0	0.001645	0.000090	0.001645	0.000090	0.029999	0.001641
232	A	3930	518638	490910	0.008006	235459	23	518638	515	770197	707347	0.000728	15808	1	769665	0	0	0	nan	0	0	0	0.007277	0.000132	0.007277	0.000132	0.132706	0.002407
233	C	1485	518638	493232	0.003011	235242	24	518638	391	769841	711521	0.000550	15807	1	769309	0	0	0	nan	0	0	0	0.002461	0.000083	0.002461	0.000083	0.044880	0.001514
234	C	4033	518638	495024	0.008147	234643	24	518638	362	769356	724204	0.000500	15805	1	768822	0	0	0	nan	0	0	0	0.007647	0.000131	0.007647	0.000131	0.139454	0.002389
235	A	22845	518638	486028	0.047003	234021	24	518638	359	768896	707151	0.000508	15805	1	768358	0	0	0	nan	0	0	0	0.046496	0.000312	0.046496	0.000312	0.847920	0.005690
236	A	33011	518638	486636	0.067835	233559	23	518638	617	768489	697745	0.000884	15806	1	767948	0	0	0	nan	0	0	0	0.066951	0.000375	0.066951	0.000375	1.220946	0.006839
237	G	1316	518638	479104	0.002747	233249	23	518638	431	768216	695030	0.000620	15806	1	767672	0	0	0	nan	0	0	0	0.002127	0.000081	0.002127	0.000081	0.038789	0.001477
238	U	5009	518638	482907	0.010373	232991	23	518638	4758	767983	707128	0.006729	15805	1	767440	0	0	0	nan	0	0	0	0.003644	0.000176	0.003644	0.000176	0.066453	0.003210
239	C	1475	518638	486346	0.003033	232779	23	518638	476	767788	721849	0.000659	15802	1	767244	0	0	0	nan	0	0	0	0.002373	0.000085	0.002373	0.000085	0.043275	0.001550
240	C	9377	518638	491570	0.019076	232540	20	518638	10217	767579	728216	0.014030	15802	1	767034	0	0	0	nan	0	0	0	0.005045	0.000241	0.005045	0.000241	0.092003	0.004395
241	U	1307	518638	490262	0.002666	232232	20	518638	868	767390	726598	0.001195	15804	1	766843	0	0	0	nan	0	0	0	0.001471	0.000084	0.001471	0.000084	0.026826	0.001532
242	U	2402	518638	486892	0.004933	231830	20	518638	790	767105	726410	0.001088	15804	1	766554	0	0	0	nan	0	0	0	0.003846	0.000108	0.003846	0.000108	0.070137	0.001970
243	G	3549	518638	468456	0.007576	231272	20	518638	595	766640	720526	0.000826	15804	1	766079	0	0	0	nan	0	0	0	0.006750	0.000132	0.006750	0.000132	0.123096	0.002407
244	A	32361	518638	467463	0.069227	230924	20	518638	380	765910	721356	0.000527	15804	1	765346	0	0	0	nan	0	0	0	0.068700	0.000386	0.068700	0.000386	1.252842	0.007039
245	A	33986	518638	470304	0.072264	230416	20	518638	479	764899	718046	0.000667	15802	1	764331	0	0	0	nan	0	0	0	0.071597	0.000393	0.071597	0.000393	1.305672	0.007167
246	C	55469	518638	480341	0.115478	229724	20	518638	291	763273	710056	0.000410	15803	1	762704	0	0	0	nan	0	0	0	0.115069	0.000491	0.115069	0.000491	2.098446	0.008954
247	A	29244	518638	490247	0.059652	228563	20	518638	407	760356	703457	0.000579	15804	1	759788	0	0	0	nan	0	0	0	0.059073	0.000350	0.059073	0.000350	1.077280	0.006383
248	G	2522	518638	487232	0.005176	227475	21	518638	1716	757963	683196	0.002512	15804	1	757395	0	0	0	nan	0	0	0	0.002664	0.000120	0.002664	0.000120	0.048582	0.002188
249	G	2031	518638	478798	0.004242	225864	21	518638	1208	755020	651956	0.001853	15804	1	754451	0	0	0	nan	0	0	0	0.002389	0.000108	0.002389	0.000108	0.043567	0.001970
250	G	1609	518638	443565	0.003627	223096	21	518638	965	751319	593282	0.001627	15801	1	750747	0	0	0	nan	0	0	0	0.002001	0.000104	0.002001	0.000104	0.036491	0.001897
251	A	13174	518638	443157	0.029728	220747	22	518638	339	748835	588938	0.000576	15802	1	748259	0	0	0	nan	0	0	0	0.029152	0.000261	0.029152	0.000261	0.531628	0.004760
252	G	3502	518638	438737	0.007982	219515	22	518638	2386	747528	585011	0.004079	15805	1	746947	0	0	0	nan	0	0	0	0.003903	0.000159	0.003903	0.000159	0.071177	0.002900
253	G	3101	518638	429187	0.007225	218162	22	518638	1066	745889	578217	0.001844	15801	1	745305	0	0	0	nan	0	0	0	0.005382	0.000142	0.005382	0.000142	0.098148	0.002590
254	U	6128	518638	436770	0.014030	217036	24	518638	1161	744040	580323	0.002001	15832	1	743455	0	0	0	nan	0	0	0	0.012030	0.000189	0.012030	0.000189	0.219384	0.003447
255	G	1049	518638	435859	0.002407	216386	25	518638	504	743277	595615	0.000846	15829	1	742690	0	0	0	nan	0	0	0	0.001561	0.000083	0.001561	0.000083	0.028467	0.001514
256	U	13867	518638	463945	0.029889	214853	25	518638	1441	742381	633239	0.002276	14784	1	741807	0	0	0	nan	0	0	0	0.027614	0.000261	0.027614	0.000261	0.503580	0.004760
257	G	1313	518638	467250	0.002810	214301	26	518638	512	741620	646620	0.000792	14788	1	741046	0	0	0	nan	0	0	0	0.002018	0.000085	0.002018	0.000085	0.036801	0.001550
258	U	5688	518638	473082	0.012023	213814	27	518638	5864	741340	647881	0.009051	14827	1	740759	0	0	0	nan	0	0	0	0.002972	0.000198	0.002972	0.000198	0.054199	0.003611
259	C	2235	518638	473730	0.004718	212925	27	518638	1026	741049	645621	0.001589	14798	1	740466	0	0	0	nan	0	0	0	0.003129	0.000111	0.003129	0.000111	0.057062	0.002024
260	C	1917	518638	477749	0.004013	212614	35	518638	541	740809	655729	0.000825	14886	1	740222	0	0	0	nan	0	0	0	0.003188	0.000098	0.003188	0.000098	0.058138	0.001787
261	A	3256	518638	482014	0.006755	213416	36	518638	548	740788	658673	0.000832	14967	6	740196	0	0	0	nan	0	0	0	0.005923	0.000124	0.005923	0.000124	0.108014	0.002261
262	G	15922	518638	455348	0.034967	213070	36	518638	14334	740869	622677	0.023020	14976	7	740276	0	0	0	nan	0	0	0	0.011947	0.000337	0.011947	0.000337	0.217870	0.006146
263	U	1598	518638	452538	0.003531	213012	36	518638	1026	740677	622923	0.001647	15446	14	740073	0	0	0	nan	0	0	0	0.001884	0.000102	0.001884	0.000102	0.034357	0.001860
264	U	1781	518638	451024	0.003949	212747	32	518638	700	741030	621735	0.001126	15447	14	740424	0	0	0	nan	0	0	0	0.002823	0.000103	0.002823	0.000103	0.051481	0.001878
265	U	1677	518638	479722	0.003496	212590	32	518638	532	741166	663276	0.000802	15445	14	740557	0	0	0	nan	0	0	0	0.002694	0.000092	0.002694	0.000092	0.049129	0.001678
266	G	3250	518638	479374	0.006780	212400	32	518638	2306	741507	676051	0.003411	15450	14	740897	0	0	0	nan	0	0	0	0.003369	0.000139	0.003369	0.000139	0.061438	0.002535
267	U	2740	518638	483008	0.005673	212063	32	518638	1075	741365	688445	0.001561	15450	15	740754	0	0	0	nan	0	0	0	0.004111	0.000118	0.004111	0.000118	0.074970	0.002152
268	U	3876	518638	483113	0.008023	211810	32	518638	457	741469	677820	0.000674	15452	15	740857	0	0	0	nan	0	0	0	0.007349	0.000133	0.007349	0.000133	0.134019	0.002425
269	U	5785	518638	488624	0.011839	211412	32	518638	697	741174	677311	0.001029	15452	15	740557	0	0	0	nan	0	0	0	0.010810	0.000160	0.010810	0.000160	0.197136	0.002918
270	C	24315	518638	454101	0.053545	210705	32	518638	392	740669	663452	0.000591	15500	17	740049	0	0	0	nan	0	0	0	0.052955	0.000345	0.052955	0.000345	0.965709	0.006292
271	A	31960	518638	444659	0.071875	210215	32	518638	591	739905	658291	0.000898	15500	17	739285	0	0	0	nan	0	0	0	0.070978	0.000404	0.070978	0.000404	1.294384	0.007368
272	G	5108	518638	434792	0.011748	209664	32	518638	546	739764	638461	0.000855	15500	17	739143	0	0	0	nan	0	0	0	0.010893	0.000168	0.010893	0.000168	0.198649	0.003064
273	A	31808	518638	437052	0.072779	208584	32	518638	264	738371	633853	0.000417	15498	17	737750	0	0	0	nan	0	0	0	0.072362	0.000409	0.072362	0.000409	1.319623	0.007459
274	A	24724	518638	437876	0.056463	207798	32	518638	246	736802	621217	0.000396	15499	17	736178	0	0	0	nan	0	0	0	0.056067	0.000360	0.056067	0.000360	1.022461	0.006565
275	U	6565	518638	446436	0.014705	206990	32	518638	1655	735093	634879	0.002607	15499	17	734469	0	0	0	nan	0	0	0	0.012099	0.000192	0.012099	0.000192	0.220642	0.003501
276	C	34474	518638	438347	0.078645	206198	32	518638	445	734523	601738	0.000740	15501	17	733896	0	0	0	nan	0	0	0	0.077906	0.000425	0.077906	0.000425	1.420726	0.007750
277	U	3005	518638	449093	0.006691	205378	32	518638	502	733289	609260	0.000824	15500	17	732659	0	0	0	nan	0	0	0	0.005867	0.000127	0.005867	0.000127	0.106993	0.002316
278	C	5908	518638	443086	0.013334	204900	32	518638	658	733659	599511	0.001098	15501	17	733022	0	0	0	nan	0	0	0	0.012236	0.000179	0.012236	0.000179	0.223141	0.003264
279	G	5262	518638	447666	0.011754	204019	32	518638	2781	733545	622789	0.004465	15502	16	732905	0	0	0	nan	0	0	0	0.007289	0.000183	0.007289	0.000183	0.132925	0.003337
280	G	2590	518638	440067	0.005885	203013	32	518638	1552	732564	613623	0.002529	15502	16	731923	0	0	0	nan	0	0	0	0.003356	0.000132	0.003356	0.000132	0.061201	0.002407
281	G	1845	518638	434227	0.004249	201959	32	518638	1310	730240	600169	0.002183	15503	16	729595	0	0	0	nan	0	0	0	0.002066	0.000116	0.002066	0.000116	0.037676	0.002115
282	G	1731	518638	421385	0.004108	200876	32	518638	938	727978	568164	0.001651	15501	17	727333	0	0	0	nan	0	0	0	0.002457	0.000112	0.002457	0.000112	0.044807	0.002042
283	U	2474	518638	416775	0.005936	200059	33	518638	732	729558	557814	0.001312	15499	17	728910	0	0	0	nan	0	0	0	0.004624	0.000129	0.004624	0.000129	0.084325	0.002352
284	G	1999	518638	410205	0.004873	199497	33	518638	501	734360	548884	0.000913	15496	17	733706	0	0	0	nan	0	0	0	0.003960	0.000116	0.003960	0.000116	0.072216	0.002115
285	U	7534	518638	425520	0.017705	199004	34	518638	6952	738714	579550	0.011996	15495	17	738054	0	0	0	nan	0	0	0	0.005710	0.000250	0.005710	0.000250	0.104130	0.004559
286	C	26179	518638	434270	0.060283	198626	34	518638	524	744604	590579	0.000887	15497	17	743938	0	0	0	nan	0	0	0	0.059396	0.000375	0.059396	0.000375	1.083170	0.006839
287	C	36213	518638	462145	0.078359	198233	34	518638	670	753599	643151	0.001042	15498	17	752919	0	0	0	nan	0	0	0	0.077317	0.000414	0.077317	0.000414	1.409985	0.007550
288	G	2954	518638	463985	0.006367	197793	36	518638	889	767334	649787	0.001368	15507	17	766620	0	0	0	nan	0	0	0	0.004998	0.000126	0.004998	0.000126	0.091146	0.002298
289	U	6263	518638	464031	0.013497	197053	37	518638	501	771218	650630	0.000770	15513	17	770494	0	0	0	nan	0	0	0	0.012727	0.000174	0.012727	0.000174	0.232095	0.003173
290	A	14133	518638	447296	0.031597	196718	37	518638	303	775763	617896	0.000490	15514	17	775029	0	0	0	nan	0	0	0	0.031106	0.000267	0.031106	0.000267	0.567262	0.004869
291	A	19041	518638	441322	0.043145	196055	37	518638	268	778396	607710	0.000441	15518	17	777661	0	0	0	nan	0	0	0	0.042704	0.000314	0.042704	0.000314	0.778768	0.005726
292	C	15114	518638	430255	0.035128	195414	37	518638	236	781245	586763	0.000402	15518	17	780510	0	0	0	nan	0	0	0	0.034726	0.000287	0.034726	0.000287	0.633278	0.005234
293	U	3433	518638	435097	0.007890	193280	37	518638	2033	784353	597642	0.003402	15518	17	783617	0	0	0	nan	0	0	0	0.004488	0.000154	0.004488	0.000154	0.081845	0.002808
294	C	4772	518638	443648	0.010756	188713	37	518638	984	790969	610960	0.001611	15522	17	790230	0	0	0	nan	0	0	0	0.009146	0.000164	0.009146	0.000164	0.166790	0.002991
295	C	5148	518638	442355	0.011638	181600	37	518638	487	786706	450472	0.001081	15523	17	785964	0	0	0	nan	0	0	0	0.010557	0.000169	0.010557	0.000169	0.192522	0.003082
296	G	1662	518638	381399	0.004358	173563	37	518638	391	786908	353703	0.001105	15524	17	786159	0	0	0	nan	0	0	0	0.003252	0.000121	0.003252	0.000121	0.059305	0.002207
297	A	14756	518638	339571	0.043455	164716	37	518638	137	554006	300622	0.000456	15523	17	553265	0	0	0	nan	0	0	0	0.042999	0.000360	0.042999	0.000360	0.784147	0.006565
298	U	4962	518638	321232	0.015447	159003	37	518638	2468	560791	300356	0.008217	15524	17	560036	0	0	0	nan	0	0	0	0.007230	0.000275	0.007230	0.000275	0.131849	0.005015
299	C	20169	518638	333786	0.060425	153928	40	518638	279	569009	337324	0.000827	15527	17	568244	0	0	0	nan	0	0	0	0.059598	0.000428	0.059598	0.000428	1.086854	0.007805
300	C	22767	518638	371314	0.061315	148503	42	518638	719	577604	426289	0.001687	15528	17	576827	0	0	0	nan	0	0	0	0.059628	0.000411	0.059628	0.000411	1.087401	0.007495
301	A	20861	518638	370490	0.056307	143614	43	518638	349	583074	437286	0.000798	15527	17	582294	0	0	0	nan	0	0	0	0.055508	0.000392	0.055508	0.000392	1.012267	0.007149
302	A	21822	518638	384370	0.056773	137030	46	518638	177	588861	445434	0.000397	15520	17	588067	0	0	0	nan	0	0	0	0.056376	0.000385	0.056376	0.000385	1.028096	0.007021
303	A	10268	518638	364179	0.028195	130768	46	518638	188	595332	437595	0.000430	15522	17	594527	0	0	0	nan	0	0	0	0.027765	0.000280	0.027765	0.000280	0.506334	0.005106
304	G	1585	518638	358175	0.004425	125878	46	518638	448	600171	429542	0.001043	15525	17	599364	0	0	0	nan	0	0	0	0.003382	0.000122	0.003382	0.000122	0.061676	0.002225
305	G	1341	518638	339415	0.003951	120857	46	518638	349	604033	411757	0.000848	15527	17	603219	0	0	0	nan	0	0	0	0.003103	0.000117	0.003103	0.000117	0.056588	0.002134
306	A	10087	518638	322489	0.031279	112951	47	518638	288	607082	379306	0.000759	15527	17	606259	0	0	0	nan	0	0	0	0.030519	0.000315	0.030519	0.000315	0.556557	0.005744
307	U	4147	518638	314001	0.013207	107539	48	518638	366	609570	367941	0.000995	15530	17	608741	0	0	0	nan	0	0	0	0.012212	0.000212	0.012212	0.000212	0.222703	0.003866
308	U	5117	518638	322304	0.015876	104145	48	518638	280	613126	375264	0.000746	15531	17	612288	0	0	0	nan	0	0	0	0.015130	0.000226	0.015130	0.000226	0.275917	0.004121
309	G	1346	518638	326854	0.004118	100105	51	518638	245	616297	397830	0.000616	15536	17	615452	0	0	0	nan	0	0	0	0.003502	0.000119	0.003502	0.000119	0.063864	0.002170
310	U	4236	518638	308676	0.013723	95573	56	518638	1694	619092	391153	0.004331	15539	17	618244	0	0	0	nan	0	0	0	0.009392	0.000236	0.009392	0.000236	0.171276	0.004304
311	C	5449	518638	305119	0.017859	88896	112	518638	578	623413	398054	0.001452	15543	17	622564	0	0	0	nan	0	0	0	0.016407	0.000249	0.016407	0.000249	0.299205	0.004541
312	C	12920	518638	322648	0.040044	86030	112	518638	316	630396	398871	0.000792	15515	17	629546	0	0	0	nan	0	0	0	0.039251	0.000355	0.039251	0.000355	0.715797	0.006474
313	U	3639	518638	334082	0.010893	84004	123	518638	436	635401	401159	0.001087	15516	17	634547	0	0	0	nan	0	0	0	0.009806	0.000188	0.009806	0.000188	0.178826	0.003428
314	G	1458	518638	278089	0.005243	82928	125	518638	440	638994	338582	0.001300	15516	17	638137	0	0	0	nan	0	0	0	0.003943	0.000151	0.003943	0.000151	0.071906	0.002754
315	A	22474	518638	294118	0.076412	82377	146	518638	187	642576	362709	0.000516	15519	17	641716	0	0	0	nan	0	0	0	0.075896	0.000511	0.075896	0.000511	1.384071	0.009319
316	G	1969	518638	299205	0.006581	81976	164	518638	1372	649721	372993	0.003678	15522	17	648853	0	0	0	nan	0	0	0	0.002902	0.000178	0.002902	0.000178	0.052922	0.003246
317	C	14655	518638	406680	0.036036	81537	173	518638	694	655875	489986	0.001416	15523	17	654995	0	0	0	nan	0	0	0	0.034619	0.000302	0.034619	0.000302	0.631326	0.005507
318	G	5451	518638	427276	0.012758	81131	184	518638	2902	664957	529526	0.005480	15529	17	664075	0	0	0	nan	0	0	0	0.007277	0.000201	0.007277	0.000201	0.132706	0.003666
319	G	2343	518638	441418	0.005308	80753	190	518638	711	672287	564690	0.001259	15532	17	671405	0	0	0	nan	0	0	0	0.004049	0.000119	0.004049	0.000119	0.073839	0.002170
320	U	6194	518638	450553	0.013748	80161	193	518638	546	675398	589234	0.000927	15535	17	674515	0	0	0	nan	0	0	0	0.012821	0.000179	0.012821	0.000179	0.233809	0.003264
321	G	12317	518638	429173	0.028699	79604	198	518638	12292	677086	568302	0.021629	15538	17	676203	0	0	0	nan	0	0	0	0.007070	0.000324	0.007070	0.000324	0.128931	0.005909
322	A	15753	518638	418208	0.037668	78805	212	518638	470	678611	574990	0.000817	15544	17	677728	0	0	0	nan	0	0	0	0.036850	0.000302	0.036850	0.000302	0.672012	0.005507
323	A	17296	518638	417094	0.041468	78224	217	518638	274	679721	558703	0.000490	15541	17	678839	0	0	0	nan	0	0	0	0.040977	0.000317	0.040977	0.000317	0.747273	0.005781
324	A	10854	518638	418189	0.025955	77818	242	518638	174	680638	558600	0.000311	15542	17	679756	0	0	0	nan	0	0	0	0.025643	0.000250	0.025643	0.000250	0.467636	0.004559
325	A	23027	518638	421557	0.054624	77611	255	518638	266	681716	547506	0.000486	15542	17	680834	0	0	0	nan	0	0	0	0.054138	0.000361	0.054138	0.000361	0.987283	0.006583
326	U	5909	518638	428685	0.013784	77509	408	518638	223	682508	555099	0.000402	15544	17	681624	0	0	0	nan	0	0	0	0.013382	0.000181	0.013382	0.000181	0.244040	0.003301
327	G	3522	518638	424855	0.008290	77312	436	518638	1676	683749	548987	0.003053	15545	17	682865	0	0	0	nan	0	0	0	0.005237	0.000158	0.005237	0.000158	0.095504	0.002881
328	G	2753	518638	437493	0.006293	77020	447	518638	2814	685394	583568	0.004822	15542	17	684511	0	0	0	nan	0	0	0	0.001471	0.000150	0.001471	0.000150	0.026826	0.002735
329	G	3008	518638	440199	0.006833	76700	451	518638	2137	686956	587973	0.003635	15544	17	686074	0	0	0	nan	0	0	0	0.003199	0.000147	0.003199	0.000147	0.058338	0.002681
330	C	33071	518638	451969	0.073171	76225	451	518638	1431	687923	595690	0.002402	15559	17	687040	0	0	0	nan	0	0	0	0.070769	0.000407	0.070769	0.000407	1.290573	0.007422
331	U	4010	518638	452133	0.008869	75921	460	518638	501	688760	596237	0.000840	15574	19	687877	0	0	0	nan	0	0	0	0.008029	0.000145	0.008029	0.000145	0.146420	0.002644
332	G	1752	518638	440868	0.003974	75241	467	518638	370	689538	592883	0.000624	15577	19	688654	0	0	0	nan	0	0	0	0.003350	0.000100	0.003350	0.000100	0.061092	0.001824
333	A	18639	518638	435888	0.042761	74443	494	518638	284	690205	583776	0.000486	15578	19	689321	0	0	0	nan	0	0	0	0.042274	0.000315	0.042274	0.000315	0.770926	0.005744
334	A	24721	518638	438842	0.056332	74002	504	518638	307	690845	580544	0.000529	15580	19	689961	0	0	0	nan	0	0	0	0.055804	0.000360	0.055804	0.000360	1.017665	0.006565
335	G	1692	518638	414898	0.004078	73798	528	518638	287	691835	539745	0.000532	15581	19	690950	0	0	0	nan	0	0	0	0.003546	0.000104	0.003546	0.000104	0.064666	0.001897
336	A	18267	518638	407948	0.044778	73593	534	518638	245	692601	527964	0.000464	15583	19	691716	0	0	0	nan	0	0	0	0.044314	0.000333	0.044314	0.000333	0.808128	0.006073
337	U	3951	518638	403678	0.009788	73472	608	518638	619	693783	524216	0.001181	15585	21	692896	0	0	0	nan	0	0	0	0.008607	0.000163	0.008607	0.000163	0.156961	0.002973
338	C	29999	518638	436157	0.068780	73280	626	518638	389	695949	575207	0.000676	15586	21	695061	0	0	0	nan	0	0	0	0.068104	0.000399	0.068104	0.000399	1.241973	0.007276
339	G	2394	518638	460179	0.005202	73037	653	518638	795	698603	624741	0.001273	15588	21	697716	0	0	0	nan	0	0	0	0.003930	0.000116	0.003930	0.000116	0.071669	0.002115
340	A	11834	518638	460396	0.025704	72872	656	518638	317	700084	627430	0.000505	15594	21	699195	0	0	0	nan	0	0	0	0.025199	0.000238	0.025199	0.000238	0.459539	0.004340
341	C	9696	518638	452036	0.021450	72609	677	518638	270	701735	614896	0.000439	15575	22	700847	0	0	0	nan	0	0	0	0.021011	0.000219	0.021011	0.000219	0.383165	0.003994
342	A	19712	518638	437023	0.045105	31837	685	518638	255	702080	588981	0.000433	4268	7	701937	0	0	0	nan	0	0	0	0.044672	0.000322	0.044672	0.000322	0.814657	0.005872
343	U	6570	518638	434919	0.015106	31621	698	518638	3303	702900	591444	0.005585	4268	7	702757	0	0	0	nan	0	0	0	0.009522	0.000210	0.009522	0.000210	0.173647	0.003830
344	C	38342	518638	438969	0.087346	31444	709	518638	442	704189	600059	0.000737	4251	8	704046	0	0	0	nan	0	0	0	0.086609	0.000447	0.086609	0.000447	1.579437	0.008152
345	C	37705	518638	461109	0.081770	31338	711	518638	371	705714	639481	0.000580	4257	9	705572	0	0	0	nan	0	0	0	0.081190	0.000422	0.081190	0.000422	1.480614	0.007696
346	A	30231	518638	464948	0.065020	31263	712	518638	272	706972	631403	0.000431	4261	9	706830	0	0	0	nan	0	0	0	0.064589	0.000375	0.064589	0.000375	1.177872	0.006839
347	U	6675	518638	473822	0.014088	31212	759	518638	741	707882	638799	0.001160	4264	9	707741	0	0	0	nan	0	0	0	0.012928	0.000178	0.012928	0.000178	0.235760	0.003246
348	G	2104	518638	473407	0.004444	31141	764	518638	480	709252	640539	0.000749	4272	10	709111	0	0	0	nan	0	0	0	0.003695	0.000103	0.003695	0.000103	0.067384	0.001878
349	U	4385	518638	478420	0.009166	31077	765	518638	2266	709833	658877	0.003439	4271	10	709691	0	0	0	nan	0	0	0	0.005726	0.000156	0.005726	0.000156	0.104422	0.002845
350	C	7249	518638	471987	0.015358	30996	766	518638	366	710415	654495	0.000559	4277	10	710272	0	0	0	nan	0	0	0	0.014799	0.000183	0.014799	0.000183	0.269881	0.003337
351	A	27244	518638	473702	0.057513	30783	767	518638	338	710961	637963	0.000530	4279	11	710820	0	0	0	nan	0	0	0	0.056983	0.000350	0.056983	0.000350	1.039165	0.006383
352	U	3309	518638	472651	0.007001	30649	770	518638	900	711480	632647	0.001423	4278	12	711338	0	0	0	nan	0	0	0	0.005578	0.000131	0.005578	0.000131	0.101723	0.002389
353	C	7694	518638	464328	0.016570	30531	771	518638	356	711940	619840	0.000574	4281	12	711797	0	0	0	nan	0	0	0	0.015996	0.000191	0.015996	0.000191	0.291710	0.003483
354	A	14414	518638	451162	0.031949	30414	789	518638	252	712322	607231	0.000415	4280	12	712179	0	0	0	nan	0	0	0	0.031534	0.000267	0.031534	0.000267	0.575067	0.004869
355	U	4306	518638	446100	0.009653	30354	794	518638	1643	712780	599805	0.002739	4281	12	712637	0	0	0	nan	0	0	0	0.006913	0.000162	0.006913	0.000162	0.126068	0.002954
356	C	10809	518638	443251	0.024386	30292	799	518638	1463	713598	602161	0.002430	4281	12	713455	0	0	0	nan	0	0	0	0.021956	0.000243	0.021956	0.000243	0.400399	0.004431
357	C	8272	518638	469402	0.017622	30231	800	518638	536	714787	638086	0.000840	4283	13	714643	0	0	0	nan	0	0	0	0.016782	0.000197	0.016782	0.000197	0.306043	0.003593
358	C	14444	518638	476230	0.030330	30181	802	518638	1148	715859	656094	0.001750	4283	13	715714	0	0	0	nan	0	0	0	0.028580	0.000258	0.028580	0.000258	0.521197	0.004705
359	G	2199	518638	479229	0.004589	30104	803	518638	724	716710	667455	0.001085	4271	14	716566	0	0	0	nan	0	0	0	0.003504	0.000106	0.003504	0.000106	0.063900	0.001933
360	U	5441	518638	468908	0.011604	30030	803	518638	509	717468	669957	0.000760	4274	14	717321	0	0	0	nan	0	0	0	0.010844	0.000161	0.010844	0.000161	0.197756	0.002936
361	A	37449	518638	477385	0.078446	29933	803	518638	276	718065	667356	0.000414	4286	14	717917	0	0	0	nan	0	0	0	0.078033	0.000406	0.078033	0.000406	1.423042	0.007404
362	U	7467	518638	480210	0.015549	29844	808	518638	364	718435	672366	0.000541	4285	14	718287	0	0	0	nan	0	0	0	0.015008	0.000182	0.015008	0.000182	0.273692	0.003319
363	G	5012	518638	473846	0.010577	29774	810	518638	419	718673	664285	0.000631	4285	14	718525	0	0	0	nan	0	0	0	0.009947	0.000153	0.009947	0.000153	0.181398	0.002790
364	A	39271	518638	476262	0.082457	29577	808	518638	373	718943	661689	0.000564	4281	14	718796	0	0	0	nan	0	0	0	0.081893	0.000417	0.081893	0.000417	1.493434	0.007605
365	A	27662	518638	484167	0.057133	29471	811	518638	279	719411	666729	0.000418	4281	14	719264	0	0	0	nan	0	0	0	0.056715	0.000344	0.056715	0.000344	1.034278	0.006273
366	G	2838	518638	486223	0.005837	29365	812	518638	1127	719779	667478	0.001688	4286	15	719631	0	0	0	nan	0	0	0	0.004148	0.000121	0.004148	0.000121	0.075645	0.002207
367	G	1844	518638	478486	0.003854	29230	812	518638	767	720125	659368	0.001163	4289	18	719978	0	0	0	nan	0	0	0	0.002691	0.000099	0.002691	0.000099	0.049074	0.001805
368	U	3091	518638	471318	0.006558	28927	812	518638	1551	720476	646644	0.002399	4287	18	720330	0	0	0	nan	0	0	0	0.004160	0.000133	0.004160	0.000133	0.075863	0.002425
369	C	8210	518638	467638	0.017556	28717	812	518638	451	720976	638836	0.000706	4289	18	720830	0	0	0	nan	0	0	0	0.016850	0.000197	0.016850	0.000197	0.307284	0.003593
370	U	4037	518638	471931	0.008554	28527	812	518638	584	721472	642023	0.000910	4181	18	721336	0	0	0	nan	0	0	0	0.007645	0.000140	0.007645	0.000140	0.139417	0.002553
371	G	2204	518638	448709	0.004912	28326	812	518638	698	721861	617167	0.001131	4171	18	721725	0	0	0	nan	0	0	0	0.003781	0.000113	0.003781	0.000113	0.068952	0.002061
372	A	33762	518638	457032	0.073872	28217	812	518638	356	722293	623905	0.000571	4174	18	722157	0	0	0	nan	0	0	0	0.073302	0.000403	0.073302	0.000403	1.336765	0.007349
373	G	3252	518638	454355	0.007157	28190	813	518638	2598	723581	618400	0.004201	4178	18	723443	0	0	0	nan	0	0	0	0.002956	0.000150	0.002956	0.000150	0.053907	0.002735
374	C	10274	518638	472485	0.021745	28152	813	518638	1147	725090	644188	0.001781	4181	20	724951	0	0	0	nan	0	0	0	0.019964	0.000221	0.019964	0.000221	0.364072	0.004030
375	G	5254	518638	471015	0.011155	28099	814	518638	2163	726600	643504	0.003361	4185	26	726460	0	0	0	nan	0	0	0	0.007793	0.000170	0.007793	0.000170	0.142116	0.003100
376	G	3790	518638	470741	0.008051	28068	814	518638	3422	727978	652892	0.005241	4186	26	727837	0	0	0	nan	0	0	0	0.002810	0.000159	0.002810	0.000159	0.051244	0.002900
377	C	10431	518638	477135	0.021862	28020	815	518638	968	729427	673180	0.001438	4186	29	729288	0	0	0	nan	0	0	0	0.020424	0.000219	0.020424	0.000219	0.372460	0.003994
378	G	1650	518638	478705	0.003447	27939	816	518638	650	730109	679847	0.000956	4187	31	729970	0	0	0	nan	0	0	0	0.002491	0.000093	0.002491	0.000093	0.045427	0.001696
379	A	25048	518638	478474	0.052350	27878	816	518638	405	730598	680206	0.000595	4193	31	730459	0	0	0	nan	0	0	0	0.051754	0.000332	0.051754	0.000332	0.943807	0.006054
380	C	16797	518638	476571	0.035246	27770	819	518638	340	731082	676796	0.000502	4194	31	730944	0	0	0	nan	0	0	0	0.034743	0.000273	0.034743	0.000273	0.633588	0.004979
381	C	22930	518638	472184	0.048562	27700	819	518638	4066	731510	673225	0.006040	4194	32	731372	0	0	0	nan	0	0	0	0.042522	0.000334	0.042522	0.000334	0.775449	0.006091
382	A	7371	518638	459982	0.016025	27592	819	518638	470	731907	662116	0.000710	4208	34	731770	0	0	0	nan	0	0	0	0.015315	0.000189	0.015315	0.000189	0.279291	0.003447
383	A	23409	518638	469932	0.049814	27504	819	518638	615	732351	657591	0.000935	4210	34	732214	0	0	0	nan	0	0	0	0.048878	0.000328	0.048878	0.000328	0.891359	0.005982
384	A	35097	518638	478865	0.073292	27452	819	518638	11650	732699	655027	0.017786	4213	36	732562	0	0	0	nan	0	0	0	0.055507	0.000425	0.055507	0.000425	1.012249	0.007750
385	U	7133	518638	484133	0.014734	27375	821	518638	317	733056	667987	0.000475	4222	42	732918	0	0	0	nan	0	0	0	0.014259	0.000176	0.014259	0.000176	0.260033	0.003210
386	G	3927	518638	481990	0.008147	27337	821	518638	1293	733609	669334	0.001932	4234	43	733471	0	0	0	nan	0	0	0	0.006216	0.000141	0.006216	0.000141	0.113358	0.002571
387	G	2755	518638	483201	0.005702	27278	821	518638	1511	734259	680516	0.002220	4240	45	734122	0	0	0	nan	0	0	0	0.003481	0.000123	0.003481	0.000123	0.063481	0.002243
388	G	3597	518638	475566	0.007564	27244	821	518638	2429	734924	672518	0.003612	4250	52	734788	0	0	0	nan	0	0	0	0.003952	0.000146	0.003952	0.000146	0.072070	0.002663
389	C	14498	518638	479943	0.030208	27165	821	518638	1929	735424	677146	0.002849	4305	59	735288	0	0	0	nan	0	0	0	0.027359	0.000259	0.027359	0.000259	0.498930	0.004723
390	C	10907	518638	482227	0.022618	27105	827	518638	433	735986	679419	0.000637	4310	64	735850	0	0	0	nan	0	0	0	0.021981	0.000219	0.021981	0.000219	0.400855	0.003994
391	A	19862	518638	484175	0.041022	27046	827	518638	322	736514	688137	0.000468	4313	69	736379	0	0	0	nan	0	0	0	0.040554	0.000292	0.040554	0.000292	0.739559	0.005325
392	G	1564	518638	481208	0.003250	26999	827	518638	399	736960	686562	0.000581	4342	72	736826	0	0	0	nan	0	0	0	0.002669	0.000087	0.002669	0.000087	0.048673	0.001587
393	A	16491	518638	474701	0.034740	26947	826	518638	256	737208	675407	0.000379	4440	75	737074	0	0	0	nan	0	0	0	0.034361	0.000272	0.034361	0.000272	0.626621	0.004960
394	U	2640	518638	462913	0.005703	26961	827	518638	536	737845	666596	0.000804	4964	182	737709	0	0	0	nan	0	0	0	0.004899	0.000116	0.004899	0.000116	0.089340	0.002115
395	C	15542	518638	468816	0.033152	26923	827	518638	2700	738255	675257	0.003998	4965	185	738119	0	0	0	nan	0	0	0	0.029153	0.000277	0.029153	0.000277	0.531646	0.005051
396	G	70663	518638	469627	0.150466	26846	829	518638	108866	738817	688267	0.158174	5656	394	738680	0	0	0	nan	0	0	0	-0.007708	0.000742	nan	nan	nan	nan
397	A	21589	518638	440243	0.049039	26854	839	518638	2050	743131	696902	0.002942	40323	2941	742942	0	0	0	nan	0	0	0	0.046097	0.000340	0.046097	0.000340	0.840644	0.006200
398	A	36436	518638	472653	0.077088	23669	839	518638	372	744329	695820	0.000535	39145	2954	744242	0	0	0	nan	0	0	0	0.076554	0.000405	0.076554	0.000405	1.396070	0.007386
399	A	8699	518638	487360	0.017849	23536	839	518638	250	745008	704041	0.000355	39232	2972	744921	0	0	0	nan	0	0	0	0.017494	0.000193	0.017494	0.000193	0.319028	0.003520
400	A	3495	518638	486191	0.007189	23419	840	518638	230	745414	706922	0.000325	39241	2972	745327	0	0	0	nan	0	0	0	0.006863	0.000123	0.006863	0.000123	0.125156	0.002243
401	A	9234	518638	481104	0.019193	22840	840	518638	200	745683	712642	0.000281	39242	2973	745596	0	0	0	nan	0	0	0	0.018913	0.000201	0.018913	0.000201	0.344905	0.003666
402	A	34399	518638	470483	0.073114	22686	840	518638	2159	745956	677209	0.003188	39235	2976	745869	0	0	0	nan	0	0	0	0.069926	0.000400	0.069926	0.000400	1.275199	0.007295
403	U	13103	518638	454099	0.028855	22519	840	518638	3786	746131	668604	0.005663	39235	2983	746045	0	0	0	nan	0	0	0	0.023192	0.000268	0.023192	0.000268	0.422939	0.004887
404	U	7206	518638	451842	0.015948	22290	840	518638	1131	746367	662933	0.001706	39232	2986	746281	0	0	0	nan	0	0	0	0.014242	0.000195	0.014242	0.000195	0.259723	0.003556
405	U	6744	518638	463372	0.014554	22199	840	518638	418	746544	693915	0.000602	39229	2992	746459	0	0	0	nan	0	0	0	0.013952	0.000180	0.013952	0.000180	0.254434	0.003283
406	U	6675	518638	460934	0.014481	22040	841	518638	357	746822	706170	0.000506	39227	2995	746738	0	0	0	nan	0	0	0	0.013976	0.000179	0.013976	0.000179	0.254872	0.003264
407	U	6621	518638	462755	0.014308	21972	841	518638	276	747078	708224	0.000390	39229	3003	746994	0	0	0	nan	0	0	0	0.013918	0.000177	0.013918	0.000177	0.253814	0.003228
408	A	36291	518638	474645	0.076459	21863	841	518638	660	747554	705630	0.000935	39231	3004	747477	0	0	0	nan	0	0	0	0.075524	0.000403	0.075524	0.000403	1.377287	0.007349
409	A	30823	518638	492846	0.062541	21723	841	518638	1130	747856	698592	0.001618	39221	3012	747779	0	0	0	nan	0	0	0	0.060923	0.000359	0.060923	0.000359	1.111017	0.006547
410	G	4219	518638	496164	0.008503	21644	841	518638	2250	748075	702352	0.003204	39223	3016	748000	0	0	0	nan	0	0	0	0.005300	0.000147	0.005300	0.000147	0.096653	0.002681
411	G	3481	518638	493349	0.007056	21375	841	518638	673	748330	693114	0.000971	39224	3020	748255	0	0	0	nan	0	0	0	0.006085	0.000125	0.006085	0.000125	0.110969	0.002280
412	U	10118	518638	494179	0.020474	20767	843	518638	431	748545	689245	0.000625	39212	3022	748471	0	0	0	nan	0	0	0	0.019849	0.000206	0.019849	0.000206	0.361975	0.003757
413	G	3124	518638	492026	0.006349	20590	842	518638	2994	748824	688940	0.004346	39221	3022	748751	0	0	0	nan	0	0	0	0.002003	0.000139	0.002003	0.000139	0.036528	0.002535
414	G	2033	518638	495874	0.004100	20323	843	518638	924	749320	698350	0.001323	39218	3026	749247	0	0	0	nan	0	0	0	0.002777	0.000101	0.002777	0.000101	0.050643	0.001842
415	U	2978	518638	500141	0.005954	20211	843	518638	958	749888	710369	0.001349	39218	3034	749816	0	0	0	nan	0	0	0	0.004606	0.000117	0.004606	0.000117	0.083997	0.002134
416	G	1396	518638	498672	0.002799	20141	843	518638	501	750274	708467	0.000707	39219	3035	750202	0	0	0	nan	0	0	0	0.002092	0.000081	0.002092	0.000081	0.038151	0.001477
417	U	3330	518638	495417	0.006722	19999	843	518638	895	750777	709053	0.001262	39222	3039	750705	0	0	0	nan	0	0	0	0.005459	0.000124	0.005459	0.000124	0.099553	0.002261
418	A	17706	518638	490954	0.036064	19928	843	518638	357	751213	695658	0.000513	39230	3046	751141	0	0	0	nan	0	0	0	0.035551	0.000272	0.035551	0.000272	0.648323	0.004960
419	C	8674	518638	492837	0.017600	19868	844	518638	538	751691	693744	0.000776	39234	3052	751619	0	0	0	nan	0	0	0	0.016825	0.000192	0.016825	0.000192	0.306828	0.003501
420	C	9905	518638	493561	0.020068	19726	844	518638	713	752478	696556	0.001024	39245	3058	752406	0	0	0	nan	0	0	0	0.019045	0.000205	0.019045	0.000205	0.347312	0.003738
421	C	26146	518638	497793	0.052524	19650	844	518638	763	753057	706214	0.001080	39246	3063	752985	0	0	0	nan	0	0	0	0.051443	0.000327	0.051443	0.000327	0.938136	0.005963
422	U	3173	518638	500835	0.006335	19638	845	518638	832	753512	712675	0.001167	39254	3071	753440	0	0	0	nan	0	0	0	0.005168	0.000120	0.005168	0.000120	0.094246	0.002188
423	G	2973	518638	501839	0.005924	19619	846	518638	718	753963	708162	0.001014	39263	3073	753891	0	0	0	nan	0	0	0	0.004910	0.000115	0.004910	0.000115	0.089541	0.002097
424	U	2564	518638	500192	0.005126	19522	846	518638	864	754581	711365	0.001215	39263	3080	754509	0	0	0	nan	0	0	0	0.003911	0.000109	0.003911	0.000109	0.071323	0.001988
425	G	1759	518638	498573	0.003528	19494	846	518638	709	755046	709829	0.000999	39269	3090	754974	0	0	0	nan	0	0	0	0.002529	0.000092	0.002529	0.000092	0.046120	0.001678
426	G	1866	518638	495544	0.003766	19360	847	518638	758	755608	711254	0.001066	39270	3110	755536	0	0	0	nan	0	0	0	0.002700	0.000095	0.002700	0.000095	0.049238	0.001732
427	A	10775	518638	498493	0.021615	19315	847	518638	374	756295	714763	0.000523	39270	3134	756223	0	0	0	nan	0	0	0	0.021092	0.000210	0.021092	0.000210	0.384642	0.003830
428	U	3771	518638	501635	0.007517	19282	847	518638	663	756749	715071	0.000927	39274	3136	756677	0	0	0	nan	0	0	0	0.006590	0.000128	0.006590	0.000128	0.120178	0.002334
429	G	1507	518638	497985	0.003026	19203	848	518638	520	757315	718614	0.000724	39277	3138	757242	0	0	0	nan	0	0	0	0.002303	0.000084	0.002303	0.000084	0.041998	0.001532
430	A	10637	518638	493289	0.021563	19157	848	518638	348	757812	712056	0.000489	39294	3142	757739	0	0	0	nan	0	0	0	0.021075	0.000211	0.021075	0.000211	0.384332	0.003848
431	U	2423	518638	491614	0.004929	19126	848	518638	774	758205	708219	0.001093	39297	3142	758132	0	0	0	nan	0	0	0	0.003836	0.000108	0.003836	0.000108	0.069955	0.001970
432	C	13816	518638	494442	0.027943	19087	848	518638	493	758798	709901	0.000694	39297	3160	758725	0	0	0	nan	0	0	0	0.027248	0.000240	0.027248	0.000240	0.496906	0.004377
433	A	2044	518638	490197	0.004170	19068	848	518638	314	759334	698572	0.000449	39303	3163	759261	0	0	0	nan	0	0	0	0.003720	0.000096	0.003720	0.000096	0.067839	0.001751
434	U	1675	518638	487086	0.003439	19046	847	518638	933	759936	704475	0.001324	39304	3163	759863	0	0	0	nan	0	0	0	0.002114	0.000095	0.002114	0.000095	0.038552	0.001732
435	C	5516	518638	479416	0.011506	19020	847	518638	518	760586	709989	0.000730	39303	3197	760513	0	0	0	nan	0	0	0	0.010776	0.000158	0.010776	0.000158	0.196516	0.002881
436	A	30311	518638	486030	0.062364	18955	847	518638	318	761106	728972	0.000436	39306	3197	761032	0	0	0	nan	0	0	0	0.061928	0.000359	0.061928	0.000359	1.129345	0.006547
437	C	50261	518638	471568	0.106583	18921	849	518638	15538	761438	716241	0.021694	39314	3199	761363	0	0	0	nan	0	0	0	0.084889	0.000506	0.084889	0.000506	1.548071	0.009228
438	U	9543	518638	465295	0.020510	18914	850	518638	1919	761763	701528	0.002735	39328	3274	761687	0	0	0	nan	0	0	0	0.017774	0.000219	0.017774	0.000219	0.324134	0.003994
439	U	8516	518638	468804	0.018165	18871	850	518638	442	762259	699475	0.000632	39338	3276	762181	0	0	0	nan	0	0	0	0.017533	0.000199	0.017533	0.000199	0.319739	0.003629
440	U	7847	518638	469174	0.016725	18795	853	518638	294	762574	706270	0.000416	39365	3281	762495	0	0	0	nan	0	0	0	0.016309	0.000190	0.016309	0.000190	0.297418	0.003465
441	A	37272	518638	483894	0.077025	18452	853	518638	1305	762826	721334	0.001809	39395	3286	762743	0	0	0	nan	0	0	0	0.075216	0.000402	0.075216	0.000402	1.371670	0.007331
442	A	23405	518638	498308	0.046969	18444	853	518638	535	763466	726703	0.000736	39586	3292	763356	0	0	0	nan	0	0	0	0.046233	0.000309	0.046233	0.000309	0.843124	0.005635
443	G	4106	518638	495606	0.008285	18431	853	518638	2913	763781	718235	0.004056	39602	3294	763671	0	0	0	nan	0	0	0	0.004229	0.000150	0.004229	0.000150	0.077122	0.002735
444	G	2624	518638	493212	0.005320	18378	853	518638	1120	763998	712112	0.001573	39617	3302	763888	0	0	0	nan	0	0	0	0.003747	0.000114	0.003747	0.000114	0.068332	0.002079
445	U	1347	518638	492800	0.002733	18337	853	518638	584	764210	711343	0.000821	39620	3310	764100	0	0	0	nan	0	0	0	0.001912	0.000082	0.001912	0.000082	0.034868	0.001495
446	G	861	518638	485190	0.001775	18272	853	518638	560	764525	692297	0.000809	39619	3326	764415	0	0	0	nan	0	0	0	0.000966	0.000069	0.000966	0.000069	0.017616	0.001258
447	A	6418	518638	492253	0.013038	18244	853	518638	329	764752	702543	0.000468	39621	3354	764642	0	0	0	nan	0	0	0	0.012570	0.000165	0.012570	0.000165	0.229232	0.003009
448	U	2428	518638	490532	0.004950	18198	853	518638	1433	765168	695961	0.002059	39638	3378	765058	0	0	0	nan	0	0	0	0.002891	0.000114	0.002891	0.000114	0.052721	0.002079
449	C	9719	518638	492082	0.019751	18168	853	518638	1164	765418	711632	0.001636	39645	3385	765308	0	0	0	nan	0	0	0	0.018115	0.000206	0.018115	0.000206	0.330353	0.003757
450	C	33254	518638	491336	0.067681	18101	854	518638	768	765838	722105	0.001064	39674	3513	765728	0	0	0	nan	0	0	0	0.066617	0.000373	0.066617	0.000373	1.214855	0.006802
451	U	3158	518638	491259	0.006428	18063	854	518638	648	766156	724345	0.000895	39683	3540	766046	0	0	0	nan	0	0	0	0.005534	0.000120	0.005534	0.000120	0.100920	0.002188
452	G	2521	518638	485508	0.005192	18022	854	518638	2037	766659	725697	0.002807	39687	3545	766549	0	0	0	nan	0	0	0	0.002386	0.000121	0.002386	0.000121	0.043512	0.002207
453	C	14225	518638	483172	0.029441	17977	854	518638	730	767131	728214	0.001002	39695	3546	767021	0	0	0	nan	0	0	0	0.028438	0.000250	0.028438	0.000250	0.518607	0.004559
454	A	23384	518638	481625	0.048552	17936	854	518638	535	767887	732927	0.000730	39688	3550	767777	0	0	0	nan	0	0	0	0.047822	0.000319	0.047822	0.000319	0.872102	0.005817
455	C	27641	518638	484167	0.057090	17838	854	518638	392	768546	737855	0.000531	39675	3572	768436	0	0	0	nan	0	0	0	0.056559	0.000344	0.056559	0.000344	1.031433	0.006273
456	U	7547	518638	478813	0.015762	17825	854	518638	327	768959	743732	0.000440	39701	3573	768849	0	0	0	nan	0	0	0	0.015322	0.000183	0.015322	0.000183	0.279418	0.003337
457	A	31086	518638	495093	0.062788	17662	854	518638	474	769238	749395	0.000633	39693	3580	769128	0	0	0	nan	0	0	0	0.062156	0.000357	0.062156	0.000357	1.133502	0.006510
458	U	6984	518638	495835	0.014085	17656	854	518638	599	769386	749741	0.000799	39703	3592	769276	0	0	0	nan	0	0	0	0.013286	0.000172	0.013286	0.000172	0.242289	0.003137
459	G	2313	518638	496443	0.004659	17622	854	518638	993	769470	749394	0.001325	39727	3600	769360	0	0	0	nan	0	0	0	0.003334	0.000106	0.003334	0.000106	0.060800	0.001933
460	G	3821	518638	488527	0.007821	17532	854	518638	3398	769606	746044	0.004555	39723	3600	769497	0	0	0	nan	0	0	0	0.003267	0.000149	0.003267	0.000149	0.059578	0.002717
461	C	8512	518638	475470	0.017902	17524	854	518638	915	769701	748508	0.001222	39725	3604	769596	0	0	0	nan	0	0	0	0.016680	0.000198	0.016680	0.000198	0.304183	0.003611
462	A	20566	518638	488315	0.042116	17456	854	518638	576	769813	742971	0.000775	39724	3607	769709	0	0	0	nan	0	0	0	0.041341	0.000295	0.041341	0.000295	0.753912	0.005380
463	C	32192	518638	491291	0.065525	17426	854	518638	343	769893	745354	0.000460	39726	3608	769789	0	0	0	nan	0	0	0	0.065065	0.000366	0.065065	0.000366	1.186552	0.006675
464	A	20002	518638	493790	0.040507	17319	854	518638	349	770031	740789	0.000471	39645	3616	769928	0	0	0	nan	0	0	0	0.040036	0.000288	0.040036	0.000288	0.730113	0.005252
465	C	26926	518638	495109	0.054384	17294	854	518638	821	770140	746914	0.001099	39651	3623	770037	0	0	0	nan	0	0	0	0.053285	0.000334	0.053285	0.000334	0.971727	0.006091
466	U	5767	518638	497497	0.011592	17287	854	518638	482	770269	743778	0.000648	39652	3626	770167	0	0	0	nan	0	0	0	0.010944	0.000155	0.010944	0.000155	0.199579	0.002827
467	G	3811	518638	498101	0.007651	17247	854	518638	1858	770377	750473	0.002476	39193	3628	770276	0	0	0	nan	0	0	0	0.005175	0.000137	0.005175	0.000137	0.094373	0.002498
468	G	2519	518638	496009	0.005079	17156	854	518638	895	770620	741481	0.001207	39124	3635	770519	0	0	0	nan	0	0	0	0.003871	0.000109	0.003871	0.000109	0.070593	0.001988
469	U	6253	518638	491082	0.012733	17129	854	518638	706	770721	739328	0.000955	39124	3640	770621	0	0	0	nan	0	0	0	0.011778	0.000165	0.011778	0.000165	0.214788	0.003009
470	A	30725	518638	490854	0.062595	17085	854	518638	570	770945	733696	0.000777	39120	3645	770846	0	0	0	nan	0	0	0	0.061818	0.000359	0.061818	0.000359	1.127339	0.006547
471	A	25525	518638	494140	0.051655	16965	854	518638	439	771023	725702	0.000605	39104	3649	770951	0	0	0	nan	0	0	0	0.051050	0.000325	0.051050	0.000325	0.930969	0.005927
472	U	4639	518638	494941	0.009373	16952	854	518638	665	771149	731847	0.000909	39103	3649	771078	0	0	0	nan	0	0	0	0.008464	0.000142	0.008464	0.000142	0.154353	0.002590
473	C	17373	518638	493669	0.035192	16935	854	518638	404	771389	735797	0.000549	39102	3655	771320	0	0	0	nan	0	0	0	0.034643	0.000268	0.034643	0.000268	0.631764	0.004887
474	G	1731	518638	497786	0.003477	16926	854	518638	616	771603	755642	0.000815	39101	3653	771536	0	0	0	nan	0	0	0	0.002662	0.000090	0.002662	0.000090	0.048545	0.001641
475	A	20468	518638	503498	0.040652	16803	854	518638	301	771722	749316	0.000402	38777	3651	771657	0	0	0	nan	0	0	0	0.040250	0.000285	0.040250	0.000285	0.734016	0.005197
476	C	11839	518638	504723	0.023456	16793	854	518638	422	771866	745715	0.000566	38780	3652	771801	0	0	0	nan	0	0	0	0.022891	0.000217	0.022891	0.000217	0.417450	0.003957
477	G	4242	518638	507035	0.008366	16774	854	518638	1817	772107	738692	0.002460	38792	3652	772043	0	0	0	nan	0	0	0	0.005907	0.000141	0.005907	0.000141	0.107722	0.002571
478	G	2107	518638	507861	0.004149	16724	854	518638	1516	772268	739058	0.002051	38788	3654	772205	0	0	0	nan	0	0	0	0.002098	0.000105	0.002098	0.000105	0.038260	0.001915
479	G	1142	518638	508988	0.002244	16685	854	518638	1134	772448	741475	0.001529	38788	3656	772385	0	0	0	nan	0	0	0	0.000714	0.000080	0.000714	0.000080	0.013021	0.001459
480	G	2547	518638	508203	0.005012	16578	854	518638	1764	772537	741976	0.002377	38787	3651	772474	0	0	0	nan	0	0	0	0.002634	0.000114	0.002634	0.000114	0.048035	0.002079
481	U	4383	518638	507652	0.008634	16565	854	518638	669	772815	741239	0.000903	38787	3648	772755	0	0	0	nan	0	0	0	0.007731	0.000135	0.007731	0.000135	0.140986	0.002462
482	U	6111	518638	506309	0.012070	16351	854	518638	285	773171	742842	0.000384	38782	3648	773113	0	0	0	nan	0	0	0	0.011686	0.000156	0.011686	0.000156	0.213111	0.002845
483	A	22384	518638	508096	0.044055	16297	854	518638	381	773961	746830	0.000510	38782	3649	773903	0	0	0	nan	0	0	0	0.043545	0.000296	0.043545	0.000296	0.794105	0.005398
484	C	12484	518638	508581	0.024547	16263	854	518638	391	774349	752695	0.000519	38782	3648	774292	0	0	0	nan	0	0	0	0.024027	0.000221	0.024027	0.000221	0.438166	0.004030
485	G	3081	518638	501565	0.006143	16178	854	518638	2706	774827	736965	0.003672	38783	3646	774773	0	0	0	nan	0	0	0	0.002471	0.000131	0.002471	0.000131	0.045062	0.002389
486	C	9833	518638	497361	0.019770	16086	853	518638	1421	775025	725827	0.001958	38782	3645	774971	0	0	0	nan	0	0	0	0.017813	0.000206	0.017813	0.000206	0.324845	0.003757
487	C	6653	518638	498108	0.013357	15878	853	518638	903	775223	723814	0.001248	38777	3645	775170	0	0	0	nan	0	0	0	0.012109	0.000169	0.012109	0.000169	0.220825	0.003082
488	G	856	518638	501681	0.001706	15865	852	518638	575	775537	738849	0.000778	38777	3643	775487	0	0	0	nan	0	0	0	0.000928	0.000067	0.000928	0.000067	0.016923	0.001222
489	A	8030	518638	503748	0.015941	15842	852	518638	272	775915	754028	0.000361	38777	3642	775869	0	0	0	nan	0	0	0	0.015580	0.000179	0.015580	0.000179	0.284123	0.003264
490	A	27846	518638	504916	0.055150	15685	851	518638	397	776305	756006	0.000525	38775	3637	776267	0	0	0	nan	0	0	0	0.054625	0.000332	0.054625	0.000332	0.996164	0.006054
491	C	41750	518638	509591	0.081928	15322	851	518638	412	776771	757316	0.000544	38772	3634	776736	0	0	0	nan	0	0	0	0.081384	0.000402	0.081384	0.000402	1.484152	0.007331
492	A	25515	518638	513577	0.049681	15271	851	518638	723	776765	750115	0.000964	38772	3631	776736	0	0	0	nan	0	0	0	0.048717	0.000313	0.048717	0.000313	0.888423	0.005708
493	U	0	518638	513959	0.000000	15219	851	518638	0	776760	749264	0.000000	38772	3628	776736	0	0	0	nan	0	0	0	0.000000	0.000000	0.000000	0.000000	0.000000	0.000000
494	g	0	518638	0	nan	15007	850	518638	0	776752	0	nan	38771	3628	776736	0	0	0	nan	0	0	0	nan	nan	nan	nan	nan	nan
495	a	0	518638	0	nan	14985	849	518638	0	776749	0	nan	38771	3628	776736	0	0	0	nan	0	0	0	nan	nan	nan	nan	nan	nan
496	u	0	518638	0	nan	14893	849	518638	0	776747	0	nan	38769	3627	776736	0	0	0	nan	0	0	0	nan	nan	nan	nan	nan	nan
497	c	0	518638	0	nan	14777	849	518638	0	776745	0	nan	38767	3627	776736	0	0	0	nan	0	0	0	nan	nan	nan	nan	nan	nan
498	g	0	518638	0	nan	14546	849	518638	0	776744	0	nan	38764	3627	776736	0	0	0	nan	0	0	0	nan	nan	nan	nan	nan	nan
499	a	0	518638	0	nan	14503	849	518638	0	776742	0	nan	38764	3627	776736	0	0	0	nan	0	0	0	nan	nan	nan	nan	nan	nan
500	c	0	518638	0	nan	14208	848	518638	0	776742	0	nan	38758	3626	776736	0	0	0	nan	0	0	0	nan	nan	nan	nan	nan	nan
501	u	0	518638	0	nan	14147	848	518638	0	776738	0	nan	38758	3624	776736	0	0	0	nan	0	0	0	nan	nan	nan	nan	nan	nan
502	a	0	518638	0	nan	13942	848	518638	0	776737	0	nan	38750	3624	776736	0	0	0	nan	0	0	0	nan	nan	nan	nan	nan	nan
503	u	0	518638	0	nan	13909	848	518638	0	776736	0	nan	38749	3624	776736	0	0	0	nan	0	0	0	nan	nan	nan	nan	nan	nan
504	u	0	518531	0	nan	13908	848	518531	0	776733	0	nan	38749	3624	776733	0	0	0	nan	0	0	0	nan	nan	nan	nan	nan	nan
505	u	0	518108	0	nan	13906	848	518108	0	776716	0	nan	38749	3622	776716	0	0	0	nan	0	0	0	nan	nan	nan	nan	nan	nan
506	c	0	518102	0	nan	13905	848	518102	0	776714	0	nan	38749	3621	776714	0	0	0	nan	0	0	0	nan	nan	nan	nan	nan	nan
507	g	0	518096	0	nan	13905	847	518096	0	776705	0	nan	38749	3621	776705	0	0	0	nan	0	0	0	nan	nan	nan	nan	nan	nan
508	g	0	517338	0	nan	13900	844	517338	0	776689	0	nan	38747	3620	776689	0	0	0	nan	0	0	0	nan	nan	nan	nan	nan	nan
509	a	0	517308	0	nan	13900	844	517308	0	776645	0	nan	38745	3620	776645	0	0	0	nan	0	0	0	nan	nan	nan	nan	nan	nan
510	c	0	517289	0	nan	13900	844	517289	0	776630	0	nan	38745	3620	776630	0	0	0	nan	0	0	0	nan	nan	nan	nan	nan	nan
511	g	0	517237	0	nan	13898	844	517237	0	776593	0	nan	38740	3619	776593	0	0	0	nan	0	0	0	nan	nan	nan	nan	nan	nan
512	g	0	515830	0	nan	13862	836	515830	0	775655	0	nan	38620	3612	775655	0	0	0	nan	0	0	0	nan	nan	nan	nan	nan	nan
513	c	0	513533	0	nan	13782	829	513533	0	773771	0	nan	38522	3599	773771	0	0	0	nan	0	0	0	nan	nan	nan	nan	nan	nan