Nucleotide	Sequence	Modified_mutations	Modified_read_depth	Modified_effective_depth	Modified_rate	Modified_off_target_mapped_depth	Modified_low_mapq_mapped_depth	Modified_primer_pair_1_mapped_depth	Untreated_mutations	Untreated_read_depth	Untreated_effective_depth	Untreated_rate	Untreated_off_target_mapped_depth	Untreated_low_mapq_mapped_depth	Untreated_primer_pair_1_mapped_depth	Denatured_mutations	Denatured_read_depth	Denatured_effective_depth	Denatured_rate	Denatured_off_target_mapped_depth	Denatured_low_mapq_mapped_depth	Denatured_primer_pair_1_mapped_depth	Reactivity_profile	Std_err	HQ_profile	HQ_stderr	Norm_profile	Norm_stderr
1	c	0	516015	0	nan	242462	86	516015	0	405825	0	nan	531582	1656	405825	0	0	0	nan	0	0	0	nan	nan	nan	nan	nan	nan
2	a	0	517452	0	nan	243268	87	517452	0	406344	0	nan	531970	1659	406344	0	0	0	nan	0	0	0	nan	nan	nan	nan	nan	nan
3	g	0	518082	0	nan	243517	87	518082	0	406613	0	nan	532310	1660	406613	0	0	0	nan	0	0	0	nan	nan	nan	nan	nan	nan
4	a	0	518350	0	nan	243556	87	518350	0	406668	0	nan	532362	1660	406668	0	0	0	nan	0	0	0	nan	nan	nan	nan	nan	nan
5	u	0	518812	0	nan	243613	87	518812	0	406727	0	nan	532433	1660	406727	0	0	0	nan	0	0	0	nan	nan	nan	nan	nan	nan
6	c	0	519066	0	nan	243669	87	519066	0	406745	0	nan	532447	1660	406745	0	0	0	nan	0	0	0	nan	nan	nan	nan	nan	nan
7	a	0	519187	0	nan	243683	87	519187	0	406758	0	nan	532451	1660	406758	0	0	0	nan	0	0	0	nan	nan	nan	nan	nan	nan
8	c	0	519281	0	nan	243687	87	519281	0	406769	0	nan	532453	1661	406769	0	0	0	nan	0	0	0	nan	nan	nan	nan	nan	nan
9	u	0	519366	0	nan	243690	87	519366	0	406778	0	nan	532454	1662	406778	0	0	0	nan	0	0	0	nan	nan	nan	nan	nan	nan
10	a	0	519494	0	nan	243692	87	519494	0	406788	0	nan	532456	1662	406788	0	0	0	nan	0	0	0	nan	nan	nan	nan	nan	nan
11	g	0	519591	0	nan	243692	87	519591	0	406807	0	nan	532457	1662	406807	0	0	0	nan	0	0	0	nan	nan	nan	nan	nan	nan
12	a	0	519591	0	nan	243765	87	519591	0	406807	0	nan	532463	1662	406807	0	0	0	nan	0	0	0	nan	nan	nan	nan	nan	nan
13	a	0	519591	0	nan	243818	87	519591	0	406812	0	nan	532475	1662	406807	0	0	0	nan	0	0	0	nan	nan	nan	nan	nan	nan
14	g	0	519591	0	nan	243891	87	519591	0	406818	0	nan	532479	1662	406807	0	0	0	nan	0	0	0	nan	nan	nan	nan	nan	nan
15	c	0	519591	0	nan	244036	87	519591	0	406858	0	nan	532505	1666	406807	0	0	0	nan	0	0	0	nan	nan	nan	nan	nan	nan
16	u	0	519591	0	nan	244105	87	519591	0	406865	0	nan	532512	1666	406807	0	0	0	nan	0	0	0	nan	nan	nan	nan	nan	nan
17	u	0	519591	0	nan	244230	87	519591	0	406869	0	nan	532520	1666	406807	0	0	0	nan	0	0	0	nan	nan	nan	nan	nan	nan
18	u	0	519591	0	nan	244318	87	519591	0	406873	0	nan	532523	1666	406807	0	0	0	nan	0	0	0	nan	nan	nan	nan	nan	nan
19	a	0	519591	0	nan	244386	87	519591	0	406876	0	nan	532529	1666	406807	0	0	0	nan	0	0	0	nan	nan	nan	nan	nan	nan
20	u	0	519591	0	nan	244439	87	519591	0	406881	0	nan	532538	1666	406807	0	0	0	nan	0	0	0	nan	nan	nan	nan	nan	nan
21	u	0	519591	0	nan	244663	87	519591	0	406889	0	nan	532541	1667	406807	0	0	0	nan	0	0	0	nan	nan	nan	nan	nan	nan
22	g	0	519591	0	nan	244773	87	519591	0	406897	0	nan	532552	1668	406807	0	0	0	nan	0	0	0	nan	nan	nan	nan	nan	nan
23	c	0	519591	0	nan	245078	87	519591	0	406904	0	nan	532562	1668	406807	0	0	0	nan	0	0	0	nan	nan	nan	nan	nan	nan
24	g	0	519591	0	nan	245332	87	519591	0	406199	0	nan	532572	1667	406086	0	0	0	nan	0	0	0	nan	nan	nan	nan	nan	nan
25	g	0	519591	0	nan	245444	87	519591	0	406111	0	nan	532581	1666	405995	0	0	0	nan	0	0	0	nan	nan	nan	nan	nan	nan
26	U	0	519591	506214	0.000000	245408	87	519591	1	405999	388871	0.000003	532556	1665	405875	0	0	0	nan	0	0	0	-0.000003	0.000003	-0.000003	0.000003	-0.000055	0.000055
27	A	13430	519591	501001	0.026806	245433	87	519591	217	405908	389914	0.000557	532564	1665	405780	0	0	0	nan	0	0	0	0.026250	0.000234	0.026250	0.000234	0.482358	0.004300
28	G	6024	519591	500808	0.012029	245447	87	519591	946	405836	387076	0.002444	532574	1665	405705	0	0	0	nan	0	0	0	0.009585	0.000174	0.009585	0.000174	0.176130	0.003197
29	U	6496	519591	504426	0.012878	245446	87	519591	776	405701	387376	0.002003	532581	1664	405569	0	0	0	nan	0	0	0	0.010875	0.000175	0.010875	0.000175	0.199834	0.003216
30	U	8928	519591	500659	0.017832	245467	87	519591	269	405591	390040	0.000690	532627	1665	405456	0	0	0	nan	0	0	0	0.017143	0.000193	0.017143	0.000193	0.315012	0.003546
31	U	8225	519591	496846	0.016554	245397	87	519591	260	405396	388379	0.000669	532639	1665	405261	0	0	0	nan	0	0	0	0.015885	0.000187	0.015885	0.000187	0.291896	0.003436
32	A	12069	519591	492631	0.024499	245313	87	519591	517	404944	388207	0.001332	532650	1662	404807	0	0	0	nan	0	0	0	0.023167	0.000231	0.023167	0.000231	0.425707	0.004245
33	U	7662	519591	491257	0.015597	245279	87	519591	523	404762	388219	0.001347	532660	1660	404618	0	0	0	nan	0	0	0	0.014250	0.000188	0.014250	0.000188	0.261852	0.003455
34	C	19755	519591	486968	0.040567	245213	87	519591	184	402870	386928	0.000476	532663	1658	402720	0	0	0	nan	0	0	0	0.040092	0.000291	0.040092	0.000291	0.736713	0.005347
35	A	26794	519591	495088	0.054120	245178	87	519591	342	402565	386451	0.000885	532658	1658	402408	0	0	0	nan	0	0	0	0.053235	0.000334	0.053235	0.000334	0.978223	0.006137
36	C	24332	519591	496977	0.048960	245106	87	519591	221	402423	384930	0.000574	532656	1656	402260	0	0	0	nan	0	0	0	0.048386	0.000316	0.048386	0.000316	0.889120	0.005807
37	A	18925	519591	500191	0.037836	245077	87	519591	225	402273	384158	0.000586	532641	1594	402103	0	0	0	nan	0	0	0	0.037250	0.000278	0.037250	0.000278	0.684489	0.005108
38	G	3148	519591	500944	0.006284	245082	86	519591	544	402174	384274	0.001416	532632	1593	401993	0	0	0	nan	0	0	0	0.004868	0.000127	0.004868	0.000127	0.089452	0.002334
39	U	7814	519591	500313	0.015618	245068	86	519591	454	402038	385450	0.001178	532737	1594	401836	0	0	0	nan	0	0	0	0.014440	0.000185	0.014440	0.000185	0.265343	0.003399
40	U	9017	519591	494535	0.018233	245034	84	519591	318	400900	384818	0.000826	532724	1590	400692	0	0	0	nan	0	0	0	0.017407	0.000198	0.017407	0.000198	0.319863	0.003638
41	A	11281	519591	483951	0.023310	244911	80	519591	334	399893	382330	0.000874	532656	1530	399638	0	0	0	nan	0	0	0	0.022437	0.000225	0.022437	0.000225	0.412292	0.004135
42	A	39024	519591	496020	0.078674	244825	80	519591	239	399629	382715	0.000624	532658	1529	399367	0	0	0	nan	0	0	0	0.078050	0.000400	0.078050	0.000400	1.434212	0.007350
43	A	30611	519591	503669	0.060776	244765	80	519591	391	399426	381833	0.001024	532661	1524	399161	0	0	0	nan	0	0	0	0.059752	0.000351	0.059752	0.000351	1.097976	0.006450
44	U	7388	519591	506460	0.014588	244732	80	519591	423	399248	382092	0.001107	532668	1523	398980	0	0	0	nan	0	0	0	0.013480	0.000178	0.013480	0.000178	0.247703	0.003271
45	U	6533	519591	505833	0.012915	244807	80	519591	220	399165	380508	0.000578	532648	1519	398892	0	0	0	nan	0	0	0	0.012337	0.000164	0.012337	0.000164	0.226699	0.003014
46	G	2238	519591	505929	0.004424	244774	79	519591	703	398893	379653	0.001852	532648	1516	398611	0	0	0	nan	0	0	0	0.002572	0.000117	0.002572	0.000117	0.047262	0.002150
47	C	11875	519591	506617	0.023440	244800	79	519591	382	398896	380739	0.001003	532651	1411	398559	0	0	0	nan	0	0	0	0.022436	0.000221	0.022436	0.000221	0.412274	0.004061
48	U	3150	519591	503069	0.006262	244768	78	519591	170	398698	384671	0.000442	532541	1401	398280	0	0	0	nan	0	0	0	0.005820	0.000117	0.005820	0.000117	0.106946	0.002150
49	A	3856	519591	499344	0.007722	244732	78	519591	193	399254	385260	0.000501	532524	1403	397962	0	0	0	nan	0	0	0	0.007221	0.000129	0.007221	0.000129	0.132690	0.002370
50	A	21382	519591	502441	0.042556	244620	78	519591	260	398806	384059	0.000677	532526	1403	397505	0	0	0	nan	0	0	0	0.041879	0.000294	0.041879	0.000294	0.769550	0.005402
51	C	27247	519591	498314	0.054678	244471	78	519591	276	398365	380860	0.000725	532519	1379	397051	0	0	0	nan	0	0	0	0.053954	0.000334	0.053954	0.000334	0.991435	0.006137
52	G	3443	519591	498454	0.006907	244327	75	519591	765	398129	380927	0.002008	532502	1362	396807	0	0	0	nan	0	0	0	0.004899	0.000138	0.004899	0.000138	0.090022	0.002536
53	C	9399	519591	489498	0.019201	244233	75	519591	191	397987	379730	0.000503	532490	1361	396657	0	0	0	nan	0	0	0	0.018698	0.000201	0.018698	0.000201	0.343586	0.003693
54	A	26096	519591	489980	0.053259	244037	75	519591	297	397723	377189	0.000787	532364	1358	396380	0	0	0	nan	0	0	0	0.052472	0.000333	0.052472	0.000333	0.964202	0.006119
55	G	1882	519591	480838	0.003914	243963	75	519591	221	397511	367875	0.000601	532333	1358	396157	0	0	0	nan	0	0	0	0.003313	0.000099	0.003313	0.000099	0.060878	0.001819
56	U	9973	519591	487665	0.020451	243889	75	519591	721	397396	368667	0.001956	532121	1351	396037	0	0	0	nan	0	0	0	0.018495	0.000217	0.018495	0.000217	0.339856	0.003987
57	C	29807	519591	489579	0.060883	243829	75	519591	250	397266	372872	0.000670	532091	1339	395888	0	0	0	nan	0	0	0	0.060212	0.000355	0.060212	0.000355	1.106429	0.006523
58	A	32069	519591	497920	0.064406	243691	75	519591	229	396847	372477	0.000615	532052	1321	395447	0	0	0	nan	0	0	0	0.063791	0.000362	0.063791	0.000362	1.172195	0.006652
59	G	4368	519591	504580	0.008657	243584	75	519591	283	396357	379443	0.000746	532105	1316	394932	0	0	0	nan	0	0	0	0.007911	0.000138	0.007911	0.000138	0.145369	0.002536
60	U	9566	519591	503714	0.018991	243537	75	519591	364	396131	379859	0.000958	531990	1312	394695	0	0	0	nan	0	0	0	0.018033	0.000201	0.018033	0.000201	0.331366	0.003693
61	G	3380	519591	503066	0.006719	243440	74	519591	546	395926	376035	0.001452	531977	1310	394439	0	0	0	nan	0	0	0	0.005267	0.000131	0.005267	0.000131	0.096784	0.002407
62	G	2084	519591	502384	0.004148	243350	74	519591	549	395743	372257	0.001475	531976	1310	394201	0	0	0	nan	0	0	0	0.002673	0.000111	0.002673	0.000111	0.049118	0.002040
63	G	2070	519591	500349	0.004137	243296	74	519591	524	395601	370361	0.001415	531948	1302	394013	0	0	0	nan	0	0	0	0.002722	0.000110	0.002722	0.000110	0.050018	0.002021
64	C	4398	519591	500561	0.008786	243243	74	519591	296	395543	372252	0.000795	531933	1297	393907	0	0	0	nan	0	0	0	0.007991	0.000140	0.007991	0.000140	0.146839	0.002573
65	C	12179	519591	500472	0.024335	243168	74	519591	168	395403	377690	0.000445	531916	1286	393730	0	0	0	nan	0	0	0	0.023890	0.000223	0.023890	0.000223	0.438992	0.004098
66	U	5895	519591	500839	0.011770	243094	71	519591	465	395284	380763	0.001221	531844	1265	393593	0	0	0	nan	0	0	0	0.010549	0.000163	0.010549	0.000163	0.193844	0.002995
67	C	38715	519591	493125	0.078510	243060	72	519591	240	395070	380074	0.000631	531836	1253	393336	0	0	0	nan	0	0	0	0.077878	0.000401	0.077878	0.000401	1.431052	0.007369
68	G	2864	519591	492489	0.005815	242940	72	519591	558	394500	374987	0.001488	531821	1234	392682	0	0	0	nan	0	0	0	0.004327	0.000126	0.004327	0.000126	0.079511	0.002315
69	G	2961	519591	492666	0.006010	242940	71	519591	668	394405	375706	0.001778	531824	1225	392497	0	0	0	nan	0	0	0	0.004232	0.000130	0.004232	0.000130	0.077765	0.002389
70	C	33485	519591	494014	0.067781	242913	71	519591	455	394432	374955	0.001213	531845	1225	392409	0	0	0	nan	0	0	0	0.066568	0.000375	0.066568	0.000375	1.223224	0.006891
71	G	1539	519591	499056	0.003084	242876	70	519591	419	394501	377152	0.001111	532526	1202	392300	0	0	0	nan	0	0	0	0.001973	0.000096	0.001973	0.000096	0.036255	0.001764
72	G	2967	519591	496914	0.005971	242805	70	519591	805	394512	376653	0.002137	532504	1171	392172	0	0	0	nan	0	0	0	0.003834	0.000133	0.003834	0.000133	0.070452	0.002444
73	C	4800	519591	495169	0.009694	242744	70	519591	437	394475	374720	0.001166	532496	1163	392060	0	0	0	nan	0	0	0	0.008527	0.000151	0.008527	0.000151	0.156688	0.002775
74	C	9385	519591	486151	0.019305	242658	70	519591	550	394370	375548	0.001465	532467	1158	391879	0	0	0	nan	0	0	0	0.017840	0.000209	0.017840	0.000209	0.327820	0.003840
75	A	31932	519591	484324	0.065931	243022	72	519591	183	394444	373125	0.000490	532442	1158	391781	0	0	0	nan	0	0	0	0.065441	0.000371	0.065441	0.000371	1.202515	0.006817
76	A	35237	519591	490460	0.071845	243000	72	519591	180	394389	372993	0.000483	532439	1158	391652	0	0	0	nan	0	0	0	0.071362	0.000384	0.071362	0.000384	1.311316	0.007056
77	G	1995	519591	499500	0.003994	242956	72	519591	408	394377	372837	0.001094	532438	1156	391558	0	0	0	nan	0	0	0	0.002900	0.000105	0.002900	0.000105	0.053289	0.001929
78	C	11415	519591	505285	0.022591	242873	72	519591	331	394287	374316	0.000884	532401	1148	391379	0	0	0	nan	0	0	0	0.021707	0.000217	0.021707	0.000217	0.398878	0.003987
79	U	4362	519591	508915	0.008571	242807	71	519591	300	394300	378098	0.000793	532377	1148	391258	0	0	0	nan	0	0	0	0.007778	0.000138	0.007778	0.000138	0.142925	0.002536
80	U	3594	519591	507781	0.007078	242716	71	519591	247	394254	378561	0.000652	532387	1143	391129	0	0	0	nan	0	0	0	0.006425	0.000125	0.006425	0.000125	0.118063	0.002297
81	G	1818	519591	506381	0.003590	242584	71	519591	426	394168	375742	0.001134	532365	1140	390840	0	0	0	nan	0	0	0	0.002456	0.000101	0.002456	0.000101	0.045130	0.001856
82	G	4183	519591	504831	0.008286	242495	69	519591	856	394170	373135	0.002294	532351	1130	390677	0	0	0	nan	0	0	0	0.005992	0.000150	0.005992	0.000150	0.110106	0.002756
83	C	12551	519591	491249	0.025549	242449	68	519591	370	394198	371741	0.000995	532333	1129	390617	0	0	0	nan	0	0	0	0.024554	0.000234	0.024554	0.000234	0.451193	0.004300
84	A	18423	519591	487686	0.037776	242383	68	519591	198	394287	372547	0.000531	532294	1127	390577	0	0	0	nan	0	0	0	0.037245	0.000281	0.037245	0.000281	0.684398	0.005164
85	A	20112	519591	490434	0.041009	242331	68	519591	311	394320	372948	0.000834	532276	1122	390505	0	0	0	nan	0	0	0	0.040175	0.000293	0.040175	0.000293	0.738238	0.005384
86	U	4965	519591	499570	0.009939	242271	66	519591	710	394277	374287	0.001897	532271	1122	390394	0	0	0	nan	0	0	0	0.008042	0.000158	0.008042	0.000158	0.147776	0.002903
87	C	14447	519591	504676	0.028626	242240	66	519591	182	394339	377880	0.000482	532262	1120	390322	0	0	0	nan	0	0	0	0.028145	0.000241	0.028145	0.000241	0.517180	0.004429
88	C	14968	519591	506901	0.029528	242187	66	519591	183	394413	378030	0.000484	532243	1119	390206	0	0	0	nan	0	0	0	0.029044	0.000244	0.029044	0.000244	0.533700	0.004484
89	G	4120	519591	506184	0.008139	242120	66	519591	1135	394476	374287	0.003032	532249	1112	390081	0	0	0	nan	0	0	0	0.005107	0.000156	0.005107	0.000156	0.093844	0.002867
90	G	2375	519591	506394	0.004690	242045	66	519591	444	394487	373905	0.001187	532235	1109	389918	0	0	0	nan	0	0	0	0.003503	0.000112	0.003503	0.000112	0.064370	0.002058
91	U	7180	519591	502958	0.014276	241956	66	519591	361	394545	375002	0.000963	532232	1104	389827	0	0	0	nan	0	0	0	0.013313	0.000176	0.013313	0.000176	0.244634	0.003234
92	A	22757	519591	503902	0.045162	241901	66	519591	243	394638	375221	0.000648	532224	1097	389776	0	0	0	nan	0	0	0	0.044514	0.000302	0.044514	0.000302	0.817970	0.005549
93	C	14341	519591	507023	0.028285	241855	66	519591	265	394629	375950	0.000705	532161	1087	389691	0	0	0	nan	0	0	0	0.027580	0.000240	0.027580	0.000240	0.506798	0.004410
94	U	3554	519591	507805	0.006999	241805	66	519591	155	394655	377153	0.000411	532155	1088	389653	0	0	0	nan	0	0	0	0.006588	0.000122	0.006588	0.000122	0.121058	0.002242
95	G	2738	519591	507300	0.005397	241788	66	519591	342	394728	379823	0.000900	532156	1065	389608	0	0	0	nan	0	0	0	0.004497	0.000114	0.004497	0.000114	0.082635	0.002095
96	U	12224	519591	505063	0.024203	241765	66	519591	8434	394805	380256	0.022180	532128	1056	389532	0	0	0	nan	0	0	0	0.002023	0.000326	0.002023	0.000326	0.037174	0.005990
97	U	5104	519591	503035	0.010146	241731	66	519591	252	394889	380358	0.000663	532132	1057	389507	0	0	0	nan	0	0	0	0.009484	0.000148	0.009484	0.000148	0.174274	0.002720
98	G	3560	519591	502406	0.007086	241807	65	519591	844	395041	379910	0.002222	532104	1058	389436	0	0	0	nan	0	0	0	0.004864	0.000141	0.004864	0.000141	0.089379	0.002591
99	G	2705	519591	502923	0.005379	241779	65	519591	377	395167	379062	0.000995	532093	1055	389391	0	0	0	nan	0	0	0	0.004384	0.000115	0.004384	0.000115	0.080558	0.002113
100	U	4869	519591	496526	0.009806	241741	65	519591	266	395208	380268	0.000700	532070	1055	389347	0	0	0	nan	0	0	0	0.009107	0.000147	0.009107	0.000147	0.167346	0.002701
101	A	19220	519591	491567	0.039099	241711	64	519591	362	395268	383147	0.000945	532052	1043	389298	0	0	0	nan	0	0	0	0.038155	0.000286	0.038155	0.000286	0.701119	0.005255
102	A	30881	519591	501011	0.061637	241677	64	519591	198	395316	385021	0.000514	532042	1042	389256	0	0	0	nan	0	0	0	0.061123	0.000353	0.061123	0.000353	1.123169	0.006487
103	A	31148	519591	502396	0.061999	241659	64	519591	197	395249	382549	0.000515	531998	1033	389141	0	0	0	nan	0	0	0	0.061484	0.000353	0.061484	0.000353	1.129803	0.006487
104	G	2635	519591	503113	0.005237	241636	64	519591	594	395200	378946	0.001568	532002	1033	389029	0	0	0	nan	0	0	0	0.003670	0.000121	0.003670	0.000121	0.067438	0.002223
105	C	6457	519591	499666	0.012923	241583	64	519591	327	395107	377278	0.000867	531996	1033	388893	0	0	0	nan	0	0	0	0.012056	0.000168	0.012056	0.000168	0.221536	0.003087
106	C	5884	519591	498585	0.011801	241568	64	519591	181	395044	378003	0.000479	531979	1031	388775	0	0	0	nan	0	0	0	0.011323	0.000158	0.011323	0.000158	0.208066	0.002903
107	A	25097	519591	503266	0.049868	241506	64	519591	223	395051	378249	0.000590	531768	1023	388685	0	0	0	nan	0	0	0	0.049279	0.000317	0.049279	0.000317	0.905529	0.005825
108	C	14096	519591	502482	0.028053	241493	64	519591	229	395044	375387	0.000610	531753	1022	388574	0	0	0	nan	0	0	0	0.027443	0.000240	0.027443	0.000240	0.504280	0.004410
109	C	13042	519591	502905	0.025933	241401	64	519591	320	394909	373863	0.000856	531715	1023	388353	0	0	0	nan	0	0	0	0.025077	0.000232	0.025077	0.000232	0.460804	0.004263
110	A	20998	519591	504200	0.041646	241349	64	519591	223	394900	374302	0.000596	531699	1024	388245	0	0	0	nan	0	0	0	0.041050	0.000290	0.041050	0.000290	0.754317	0.005329
111	U	4850	519591	507740	0.009552	241276	64	519591	208	394896	378559	0.000549	531690	1008	388134	0	0	0	nan	0	0	0	0.009003	0.000142	0.009003	0.000142	0.165435	0.002609
112	G	2227	519591	507709	0.004386	241238	64	519591	541	394822	375827	0.001439	531662	988	388011	0	0	0	nan	0	0	0	0.002947	0.000112	0.002947	0.000112	0.054153	0.002058
113	G	2315	519591	508401	0.004553	241165	64	519591	635	394522	376590	0.001686	531590	985	387642	0	0	0	nan	0	0	0	0.002867	0.000116	0.002867	0.000116	0.052683	0.002132
114	U	2517	519591	508727	0.004948	240424	54	519591	786	391048	372799	0.002108	509683	526	384575	0	0	0	nan	0	0	0	0.002839	0.000124	0.002839	0.000124	0.052168	0.002279
115	C	3651	519591	510152	0.007157	240343	54	519591	493	391008	379180	0.001300	509646	526	384463	0	0	0	nan	0	0	0	0.005857	0.000132	0.005857	0.000132	0.107626	0.002426
116	U	2362	519591	509013	0.004640	240269	54	519591	412	390533	379276	0.001086	508864	503	383926	0	0	0	nan	0	0	0	0.003554	0.000109	0.003554	0.000109	0.065307	0.002003
117	U	3120	519591	490518	0.006361	240200	54	519591	725	390448	378222	0.001917	508859	500	383758	0	0	0	nan	0	0	0	0.004444	0.000134	0.004444	0.000134	0.081661	0.002462
118	C	5283	519591	480753	0.010989	240076	54	519591	172	390455	376316	0.000457	508855	497	383623	0	0	0	nan	0	0	0	0.010532	0.000155	0.010532	0.000155	0.193531	0.002848
119	A	30266	519591	476823	0.063474	239932	55	519591	255	390526	372508	0.000685	508831	498	383497	0	0	0	nan	0	0	0	0.062790	0.000367	0.062790	0.000367	1.153801	0.006744
120	C	44974	519591	469159	0.095861	240276	55	519591	327	390532	373228	0.000876	508842	499	383380	0	0	0	nan	0	0	0	0.094985	0.000455	0.094985	0.000455	1.745402	0.008361
121	A	31460	519591	472000	0.066653	240163	55	519591	206	390551	370828	0.000556	508842	484	383255	0	0	0	nan	0	0	0	0.066097	0.000378	0.066097	0.000378	1.214569	0.006946
122	C	39343	519591	475741	0.082698	240078	55	519591	247	390562	372694	0.000663	508842	477	383167	0	0	0	nan	0	0	0	0.082036	0.000419	0.082036	0.000419	1.507457	0.007699
123	U	11428	519591	488637	0.023388	239968	55	519591	410	390600	372716	0.001100	508839	477	383093	0	0	0	nan	0	0	0	0.022287	0.000225	0.022287	0.000225	0.409536	0.004135
124	C	38910	519591	496561	0.078359	239865	55	519591	251	390469	373699	0.000672	508755	472	382866	0	0	0	nan	0	0	0	0.077687	0.000400	0.077687	0.000400	1.427542	0.007350
125	G	1506	519591	494302	0.003047	239608	55	519591	195	390043	372595	0.000523	508738	472	382230	0	0	0	nan	0	0	0	0.002523	0.000087	0.002523	0.000087	0.046362	0.001599
126	A	10330	519591	495202	0.020860	239514	55	519591	206	389998	371413	0.000555	508730	466	382068	0	0	0	nan	0	0	0	0.020306	0.000209	0.020306	0.000209	0.373134	0.003840
127	A	11932	519591	499502	0.023888	239516	55	519591	252	390048	370922	0.000679	508690	466	381959	0	0	0	nan	0	0	0	0.023208	0.000223	0.023208	0.000223	0.426460	0.004098
128	G	1832	519591	498746	0.003673	239463	54	519591	202	390111	369579	0.000547	508686	382	381866	0	0	0	nan	0	0	0	0.003127	0.000094	0.003127	0.000094	0.057460	0.001727
129	A	15481	519591	500261	0.030946	239380	53	519591	687	390045	367178	0.001871	508653	382	381726	0	0	0	nan	0	0	0	0.029075	0.000259	0.029075	0.000259	0.534269	0.004759
130	U	4173	519591	502815	0.008299	239350	50	519591	486	390023	366938	0.001324	508630	337	381633	0	0	0	nan	0	0	0	0.006975	0.000142	0.006975	0.000142	0.128170	0.002609
131	U	10778	519591	506428	0.021282	239313	50	519591	235	390034	372192	0.000631	508462	335	381542	0	0	0	nan	0	0	0	0.020651	0.000209	0.020651	0.000209	0.379474	0.003840
132	U	11640	519591	505208	0.023040	239268	50	519591	379	390055	374417	0.001012	508458	335	381446	0	0	0	nan	0	0	0	0.022028	0.000220	0.022028	0.000220	0.404777	0.004043
133	C	21183	519591	505462	0.041908	239201	48	519591	248	390094	374325	0.000663	508454	234	381380	0	0	0	nan	0	0	0	0.041246	0.000291	0.041246	0.000291	0.757918	0.005347
134	G	5643	519591	508318	0.011101	239142	48	519591	281	390200	372115	0.000755	508453	215	381315	0	0	0	nan	0	0	0	0.010346	0.000154	0.010346	0.000154	0.190114	0.002830
135	U	5481	519591	504232	0.010870	239096	48	519591	323	390226	364932	0.000885	508302	214	381201	0	0	0	nan	0	0	0	0.009985	0.000155	0.009985	0.000155	0.183480	0.002848
136	U	7336	519591	497830	0.014736	238931	48	519591	3470	390148	365636	0.009490	508302	208	380991	0	0	0	nan	0	0	0	0.005246	0.000236	0.005246	0.000236	0.096398	0.004337
137	G	4983	519591	494291	0.010081	238627	48	519591	613	389908	366196	0.001674	508288	190	380655	0	0	0	nan	0	0	0	0.008407	0.000158	0.008407	0.000158	0.154483	0.002903
138	G	1767	519591	496154	0.003561	238514	48	519591	494	389898	371818	0.001329	508277	190	380504	0	0	0	nan	0	0	0	0.002233	0.000104	0.002233	0.000104	0.041033	0.001911
139	G	1324	519591	501515	0.002640	238412	48	519591	376	389824	371771	0.001011	508255	187	380330	0	0	0	nan	0	0	0	0.001629	0.000089	0.001629	0.000089	0.029934	0.001635
140	G	1648	519591	497327	0.003314	238324	47	519591	241	389823	368617	0.000654	508244	177	380177	0	0	0	nan	0	0	0	0.002660	0.000092	0.002660	0.000092	0.048879	0.001691
141	A	22943	519591	498931	0.045984	238196	44	519591	297	389796	368453	0.000806	508220	146	380003	0	0	0	nan	0	0	0	0.045178	0.000307	0.045178	0.000307	0.830171	0.005641
142	C	29966	519591	498678	0.060091	238157	43	519591	232	389820	367792	0.000631	508193	94	379916	0	0	0	nan	0	0	0	0.059460	0.000350	0.059460	0.000350	1.092611	0.006431
143	U	4804	519591	502619	0.009558	238109	43	519591	218	389783	371575	0.000587	508160	90	379801	0	0	0	nan	0	0	0	0.008971	0.000144	0.008971	0.000144	0.164847	0.002646
144	G	1687	519591	500646	0.003370	238022	41	519591	413	389646	370401	0.001115	508121	90	379569	0	0	0	nan	0	0	0	0.002255	0.000099	0.002255	0.000099	0.041437	0.001819
145	G	3012	519591	500521	0.006018	237926	40	519591	723	389533	371230	0.001948	508101	90	379351	0	0	0	nan	0	0	0	0.004070	0.000131	0.004070	0.000131	0.074789	0.002407
146	C	9213	519591	495462	0.018595	237802	40	519591	236	389454	370290	0.000637	508096	90	379195	0	0	0	nan	0	0	0	0.017957	0.000198	0.017957	0.000198	0.329970	0.003638
147	G	1662	519591	488363	0.003403	237663	40	519591	224	389360	367637	0.000609	508086	90	378996	0	0	0	nan	0	0	0	0.002794	0.000093	0.002794	0.000093	0.051341	0.001709
148	A	20579	519591	486085	0.042336	237534	40	519591	205	389245	367934	0.000557	508086	89	378800	0	0	0	nan	0	0	0	0.041779	0.000298	0.041779	0.000298	0.767712	0.005476
149	C	21284	519591	482297	0.044130	237953	40	519591	213	389211	368335	0.000578	508096	89	378700	0	0	0	nan	0	0	0	0.043552	0.000305	0.043552	0.000305	0.800292	0.005605
150	A	30332	519591	488502	0.062092	237875	37	519591	251	389135	371645	0.000675	507975	61	378581	0	0	0	nan	0	0	0	0.061416	0.000359	0.061416	0.000359	1.128553	0.006597
151	G	1971	519591	487583	0.004042	237823	37	519591	236	389035	371491	0.000635	507958	60	378423	0	0	0	nan	0	0	0	0.003407	0.000100	0.003407	0.000100	0.062606	0.001838
152	A	24809	519591	487714	0.050868	237783	37	519591	182	389031	370532	0.000491	507955	60	378371	0	0	0	nan	0	0	0	0.050377	0.000325	0.050377	0.000325	0.925705	0.005972
153	C	25380	519591	488416	0.051964	237795	34	519591	236	389037	369944	0.000638	507909	60	378316	0	0	0	nan	0	0	0	0.051326	0.000329	0.051326	0.000329	0.943144	0.006046
154	A	22310	519591	490482	0.045486	237769	33	519591	247	389021	368403	0.000670	507860	55	378249	0	0	0	nan	0	0	0	0.044815	0.000308	0.044815	0.000308	0.823501	0.005660
155	G	1938	519591	493015	0.003931	237788	27	519591	446	388979	370078	0.001205	507831	52	378146	0	0	0	nan	0	0	0	0.002726	0.000106	0.002726	0.000106	0.050092	0.001948
156	C	11588	519591	495976	0.023364	237750	27	519591	202	388957	372363	0.000542	507824	42	378058	0	0	0	nan	0	0	0	0.022822	0.000220	0.022822	0.000220	0.419367	0.004043
157	C	9442	519591	496524	0.019016	237838	27	519591	239	388921	374843	0.000638	507824	42	377931	0	0	0	nan	0	0	0	0.018379	0.000200	0.018379	0.000200	0.337724	0.003675
158	G	2279	519591	493182	0.004621	237761	25	519591	498	388885	371133	0.001342	507823	42	377807	0	0	0	nan	0	0	0	0.003279	0.000114	0.003279	0.000114	0.060253	0.002095
159	G	3864	519591	490645	0.007875	237689	25	519591	1362	388759	368153	0.003700	507710	38	377573	0	0	0	nan	0	0	0	0.004176	0.000162	0.004176	0.000162	0.076736	0.002977
160	C	60564	519591	491963	0.123107	237632	25	519591	341	388768	368479	0.000925	507681	38	377504	0	0	0	nan	0	0	0	0.122181	0.000503	0.122181	0.000503	2.245144	0.009243
161	U	6654	519591	488966	0.013608	237635	25	519591	230	388769	369214	0.000623	507674	38	377459	0	0	0	nan	0	0	0	0.012985	0.000172	0.012985	0.000172	0.238607	0.003161
162	A	14917	519591	490857	0.030390	237694	23	519591	189	388733	371230	0.000509	507671	38	377394	0	0	0	nan	0	0	0	0.029881	0.000252	0.029881	0.000252	0.549080	0.004631
163	C	6890	519591	489070	0.014088	237905	28	519591	202	388715	371303	0.000544	507663	38	377345	0	0	0	nan	0	0	0	0.013544	0.000174	0.013544	0.000174	0.248879	0.003197
164	A	8713	519591	492501	0.017691	237940	28	519591	168	388692	371775	0.000452	507633	38	377291	0	0	0	nan	0	0	0	0.017239	0.000193	0.017239	0.000193	0.316776	0.003546
165	A	10775	519591	496923	0.021683	237907	28	519591	173	388679	370580	0.000467	507633	36	377241	0	0	0	nan	0	0	0	0.021217	0.000212	0.021217	0.000212	0.389874	0.003896
166	C	16079	519591	502537	0.031996	237845	28	519591	208	388673	371440	0.000560	507636	36	377175	0	0	0	nan	0	0	0	0.031436	0.000255	0.031436	0.000255	0.577654	0.004686
167	C	5083	519591	506413	0.010037	237773	28	519591	169	388706	372866	0.000453	507644	35	377107	0	0	0	nan	0	0	0	0.009584	0.000145	0.009584	0.000145	0.176111	0.002664
168	U	1390	519591	503302	0.002762	237688	29	519591	299	388719	372886	0.000802	507630	35	377002	0	0	0	nan	0	0	0	0.001960	0.000087	0.001960	0.000087	0.036016	0.001599
169	G	1156	519591	497187	0.002325	237561	29	519591	454	388738	369671	0.001228	507608	35	376896	0	0	0	nan	0	0	0	0.001097	0.000089	0.001097	0.000089	0.020158	0.001635
170	G	1280	519591	482538	0.002653	237430	29	519591	353	388758	368220	0.000959	507584	35	376783	0	0	0	nan	0	0	0	0.001694	0.000090	0.001694	0.000090	0.031128	0.001654
171	A	5113	519591	482163	0.010604	237286	29	519591	166	388735	366726	0.000453	507515	37	376661	0	0	0	nan	0	0	0	0.010152	0.000152	0.010152	0.000152	0.186549	0.002793
172	C	3071	519591	481418	0.006379	237196	29	519591	232	388713	366149	0.000634	507512	37	376553	0	0	0	nan	0	0	0	0.005745	0.000122	0.005745	0.000122	0.105568	0.002242
173	C	5871	519591	485758	0.012086	237065	28	519591	163	388700	368267	0.000443	507494	37	376445	0	0	0	nan	0	0	0	0.011644	0.000162	0.011644	0.000162	0.213965	0.002977
174	A	20187	519591	465666	0.043351	236871	28	519591	205	388683	366590	0.000559	507462	37	376354	0	0	0	nan	0	0	0	0.042792	0.000308	0.042792	0.000308	0.786327	0.005660
175	A	30288	519591	457955	0.066138	236641	27	519591	192	388665	367155	0.000523	507459	37	376247	0	0	0	nan	0	0	0	0.065615	0.000382	0.065615	0.000382	1.205712	0.007019
176	G	1160	519591	435006	0.002667	236454	26	519591	204	388708	368065	0.000554	507446	36	376177	0	0	0	nan	0	0	0	0.002112	0.000087	0.002112	0.000087	0.038809	0.001599
177	U	3826	519591	432320	0.008850	236207	26	519591	1382	388702	369293	0.003742	507443	36	376106	0	0	0	nan	0	0	0	0.005108	0.000175	0.005108	0.000175	0.093862	0.003216
178	C	1403	519591	389415	0.003603	235922	23	519591	115	388704	371560	0.000310	507428	36	376028	0	0	0	nan	0	0	0	0.003293	0.000100	0.003293	0.000100	0.060511	0.001838
179	C	8892	519591	400458	0.022205	235530	20	519591	2795	388720	370592	0.007542	507426	39	375959	0	0	0	nan	0	0	0	0.014663	0.000275	0.014663	0.000275	0.269441	0.005053
180	U	1374	519591	393194	0.003494	235214	18	519591	448	388792	371009	0.001208	507424	39	375926	0	0	0	nan	0	0	0	0.002287	0.000110	0.002287	0.000110	0.042025	0.002021
181	U	2538	519591	415286	0.006111	234494	18	519591	339	388831	370955	0.000914	507416	39	375830	0	0	0	nan	0	0	0	0.005198	0.000131	0.005198	0.000131	0.095516	0.002407
182	G	2809	519591	372148	0.007548	233477	18	519591	249	388854	369816	0.000673	507410	39	375601	0	0	0	nan	0	0	0	0.006875	0.000149	0.006875	0.000149	0.126332	0.002738
183	A	26094	519591	344446	0.075756	232973	18	519591	234	388840	370049	0.000632	507403	39	375477	0	0	0	nan	0	0	0	0.075124	0.000471	0.075124	0.000471	1.380445	0.008655
184	A	19245	519591	344409	0.055878	232760	18	519591	184	388814	368836	0.000499	507405	39	375395	0	0	0	nan	0	0	0	0.055379	0.000404	0.055379	0.000404	1.017620	0.007424
185	C	29835	519591	316883	0.094151	232513	18	519591	193	388735	369397	0.000522	507411	39	375282	0	0	0	nan	0	0	0	0.093629	0.000546	0.093629	0.000546	1.720485	0.010033
186	A	20242	519591	346529	0.058414	232072	18	519591	199	388527	368038	0.000541	507396	39	375050	0	0	0	nan	0	0	0	0.057873	0.000412	0.057873	0.000412	1.063449	0.007571
187	G	1220	519591	363411	0.003357	231887	18	519591	426	388333	368226	0.001157	507419	39	374798	0	0	0	nan	0	0	0	0.002200	0.000111	0.002200	0.000111	0.040426	0.002040
188	G	1058	519591	431072	0.002454	231748	18	519591	428	388098	368289	0.001162	507485	39	374517	0	0	0	nan	0	0	0	0.001292	0.000094	0.001292	0.000094	0.023741	0.001727
189	G	725	519591	347850	0.002084	231234	18	519591	172	387859	363669	0.000473	507361	39	374259	0	0	0	nan	0	0	0	0.001611	0.000085	0.001611	0.000085	0.029603	0.001562
190	A	10013	519591	344877	0.029034	230473	18	519591	190	387634	363532	0.000523	507327	39	374013	0	0	0	nan	0	0	0	0.028511	0.000293	0.028511	0.000293	0.523906	0.005384
191	G	1889	519591	325118	0.005810	230143	18	519591	698	387510	362637	0.001925	507303	39	373831	0	0	0	nan	0	0	0	0.003885	0.000152	0.003885	0.000152	0.071389	0.002793
192	G	2109	519591	379402	0.005559	229696	17	519591	499	387311	358851	0.001391	507386	40	373486	0	0	0	nan	0	0	0	0.004168	0.000136	0.004168	0.000136	0.076589	0.002499
193	U	6398	519591	371539	0.017220	229242	16	519591	585	387114	360368	0.001623	507364	40	373183	0	0	0	nan	0	0	0	0.015597	0.000226	0.015597	0.000226	0.286604	0.004153
194	G	962	519591	373404	0.002576	228987	16	519591	331	387008	360336	0.000919	507301	40	372976	0	0	0	nan	0	0	0	0.001658	0.000097	0.001658	0.000097	0.030467	0.001782
195	U	14428	519591	382929	0.037678	228702	16	519591	648	385215	362320	0.001788	476752	11	371701	0	0	0	nan	0	0	0	0.035890	0.000321	0.035890	0.000321	0.659499	0.005899
196	G	1150	519591	405469	0.002836	228416	16	519591	197	385000	361807	0.000544	476760	12	371439	0	0	0	nan	0	0	0	0.002292	0.000092	0.002292	0.000092	0.042117	0.001691
197	U	4771	519591	431513	0.011056	228111	16	519591	1813	384751	361611	0.005014	476585	12	371144	0	0	0	nan	0	0	0	0.006043	0.000199	0.006043	0.000199	0.111043	0.003657
198	C	3178	519591	434486	0.007314	227792	16	519591	237	384692	359544	0.000659	474261	16	371001	0	0	0	nan	0	0	0	0.006655	0.000137	0.006655	0.000137	0.122289	0.002517
199	C	2586	519591	421839	0.006130	233347	23	519591	273	387287	361379	0.000755	512083	206	370832	0	0	0	nan	0	0	0	0.005375	0.000129	0.005375	0.000129	0.098769	0.002370
200	A	4705	519591	427030	0.011018	234964	26	519591	244	387571	361926	0.000674	515025	230	370873	0	0	0	nan	0	0	0	0.010344	0.000166	0.010344	0.000166	0.190077	0.003050
201	G	17817	519591	428344	0.041595	235092	28	519591	6966	387612	362528	0.019215	515348	237	370805	0	0	0	nan	0	0	0	0.022380	0.000387	0.022380	0.000387	0.411245	0.007111
202	U	2152	519591	451488	0.004766	236565	31	519591	557	388946	364378	0.001529	529293	285	371187	0	0	0	nan	0	0	0	0.003238	0.000121	0.003238	0.000121	0.059500	0.002223
203	U	2506	519591	436942	0.005735	236481	31	519591	499	388923	366472	0.001362	529322	285	371055	0	0	0	nan	0	0	0	0.004374	0.000130	0.004374	0.000130	0.080375	0.002389
204	U	2402	519591	451236	0.005323	236437	31	519591	443	388891	367812	0.001204	529391	285	370925	0	0	0	nan	0	0	0	0.004119	0.000123	0.004119	0.000123	0.075689	0.002260
205	G	3926	519591	447349	0.008776	236349	31	519591	1859	388781	368103	0.005050	529436	286	370738	0	0	0	nan	0	0	0	0.003726	0.000183	0.003726	0.000183	0.068467	0.003363
206	U	3750	519591	465382	0.008058	236227	31	519591	736	388723	366595	0.002008	529441	286	370622	0	0	0	nan	0	0	0	0.006050	0.000151	0.006050	0.000151	0.111172	0.002775
207	U	5440	519591	470079	0.011573	236064	31	519591	312	388649	366002	0.000852	529452	286	370466	0	0	0	nan	0	0	0	0.010720	0.000164	0.010720	0.000164	0.196986	0.003014
208	U	7288	519591	461595	0.015789	235810	31	519591	441	388437	365851	0.001205	529430	286	370170	0	0	0	nan	0	0	0	0.014583	0.000194	0.014583	0.000194	0.267971	0.003565
209	C	21155	519591	413487	0.051162	235256	31	519591	309	387916	365884	0.000845	529434	286	369585	0	0	0	nan	0	0	0	0.050318	0.000355	0.050318	0.000355	0.924621	0.006523
210	A	29103	519591	408254	0.071287	234818	31	519591	391	387609	363997	0.001074	529413	286	369231	0	0	0	nan	0	0	0	0.070212	0.000421	0.070212	0.000421	1.290185	0.007736
211	G	4609	519591	415535	0.011092	234471	30	519591	313	387353	362751	0.000863	529407	286	368901	0	0	0	nan	0	0	0	0.010229	0.000171	0.010229	0.000171	0.187964	0.003142
212	A	31902	519591	441250	0.072299	233922	29	519591	223	386986	361154	0.000617	529421	286	368492	0	0	0	nan	0	0	0	0.071682	0.000407	0.071682	0.000407	1.317197	0.007479
213	A	23595	519591	419791	0.056207	233475	29	519591	182	386606	356777	0.000510	529390	287	368085	0	0	0	nan	0	0	0	0.055696	0.000368	0.055696	0.000368	1.023445	0.006762
214	U	8867	519591	418138	0.021206	233189	29	519591	756	386359	356641	0.002120	529364	287	367808	0	0	0	nan	0	0	0	0.019086	0.000238	0.019086	0.000238	0.350716	0.004373
215	C	31360	519591	408149	0.076835	232977	29	519591	244	386288	356632	0.000684	529366	287	367676	0	0	0	nan	0	0	0	0.076151	0.000436	0.076151	0.000436	1.399317	0.008012
216	U	3910	519591	440128	0.008884	232784	29	519591	397	386200	360375	0.001102	529355	287	367550	0	0	0	nan	0	0	0	0.007782	0.000152	0.007782	0.000152	0.142999	0.002793
217	C	6168	519591	453205	0.013610	232633	29	519591	169	386062	360539	0.000469	529341	287	367320	0	0	0	nan	0	0	0	0.013141	0.000177	0.013141	0.000177	0.241473	0.003252
218	G	4058	519591	478095	0.008488	232324	29	519591	844	386057	362675	0.002327	529277	287	367137	0	0	0	nan	0	0	0	0.006161	0.000155	0.006161	0.000155	0.113212	0.002848
219	G	2040	519591	484173	0.004213	232105	29	519591	615	386128	363317	0.001693	529241	287	366989	0	0	0	nan	0	0	0	0.002521	0.000116	0.002521	0.000116	0.046325	0.002132
220	G	1524	519591	480783	0.003170	231907	29	519591	580	386129	363554	0.001595	529184	287	366856	0	0	0	nan	0	0	0	0.001574	0.000105	0.001574	0.000105	0.028923	0.001929
221	G	1776	519591	434444	0.004088	231694	29	519591	384	386000	364521	0.001053	529112	287	366652	0	0	0	nan	0	0	0	0.003035	0.000111	0.003035	0.000111	0.055770	0.002040
222	U	3277	519591	434991	0.007533	231443	29	519591	360	385797	363741	0.000990	528996	287	366380	0	0	0	nan	0	0	0	0.006544	0.000142	0.006544	0.000142	0.120250	0.002609
223	G	1784	519591	425081	0.004197	231279	29	519591	230	385458	362140	0.000635	527179	287	366061	0	0	0	nan	0	0	0	0.003562	0.000108	0.003562	0.000108	0.065454	0.001985
224	U	10762	519591	469094	0.022942	231134	29	519591	2354	385265	360316	0.006533	527163	287	365814	0	0	0	nan	0	0	0	0.016409	0.000259	0.016409	0.000259	0.301525	0.004759
225	C	28989	519591	464251	0.062443	231003	29	519591	228	385161	360887	0.000632	527146	287	365651	0	0	0	nan	0	0	0	0.061811	0.000369	0.061811	0.000369	1.135812	0.006781
226	C	32676	519591	478232	0.068327	230864	28	519591	255	385048	359603	0.000709	527136	287	365449	0	0	0	nan	0	0	0	0.067618	0.000381	0.067618	0.000381	1.242518	0.007001
227	G	2715	519591	470102	0.005775	230701	28	519591	399	385253	359648	0.001109	527134	287	365351	0	0	0	nan	0	0	0	0.004666	0.000124	0.004666	0.000124	0.085740	0.002279
228	U	7150	519591	472787	0.015123	230633	28	519591	298	385202	359320	0.000829	527153	287	365169	0	0	0	nan	0	0	0	0.014294	0.000185	0.014294	0.000185	0.262660	0.003399
229	A	20907	519591	472531	0.044245	230455	27	519591	142	385319	356983	0.000398	527149	287	364990	0	0	0	nan	0	0	0	0.043847	0.000308	0.043847	0.000308	0.805713	0.005660
230	A	15631	519591	478020	0.032699	230305	27	519591	148	385172	356656	0.000415	527144	287	364762	0	0	0	nan	0	0	0	0.032285	0.000264	0.032285	0.000264	0.593255	0.004851
231	C	11261	519591	473593	0.023778	230176	27	519591	119	385008	356423	0.000334	527137	287	364575	0	0	0	nan	0	0	0	0.023444	0.000226	0.023444	0.000226	0.430797	0.004153
232	U	3916	519591	476261	0.008222	229940	27	519591	693	384840	359557	0.001927	527152	287	364371	0	0	0	nan	0	0	0	0.006295	0.000150	0.006295	0.000150	0.115674	0.002756
233	C	7065	519591	485038	0.014566	229639	27	519591	220	384704	362248	0.000607	527155	288	364168	0	0	0	nan	0	0	0	0.013959	0.000178	0.013959	0.000178	0.256504	0.003271
234	C	7913	519591	487262	0.016240	229321	27	519591	326	384404	358661	0.000909	527144	287	363806	0	0	0	nan	0	0	0	0.015331	0.000189	0.015331	0.000189	0.281716	0.003473
235	G	1760	519591	458240	0.003841	228944	27	519591	285	384019	351711	0.000810	527126	287	363343	0	0	0	nan	0	0	0	0.003030	0.000103	0.003030	0.000103	0.055678	0.001893
236	A	15726	519591	446048	0.035256	228607	27	519591	175	383804	342082	0.000512	527133	286	363034	0	0	0	nan	0	0	0	0.034745	0.000284	0.034745	0.000284	0.638459	0.005219
237	U	7950	519591	443519	0.017925	228463	27	519591	1477	383746	342537	0.004312	527110	285	362910	0	0	0	nan	0	0	0	0.013613	0.000230	0.013613	0.000230	0.250146	0.004226
238	C	26509	519591	460588	0.057555	228368	27	519591	248	383781	346488	0.000716	527108	285	362820	0	0	0	nan	0	0	0	0.056839	0.000356	0.056839	0.000356	1.044448	0.006542
239	C	31774	519591	465843	0.068208	228244	26	519591	527	383701	353698	0.001490	526811	281	362597	0	0	0	nan	0	0	0	0.066718	0.000388	0.066718	0.000388	1.225980	0.007130
240	A	29819	519591	459992	0.064825	228086	24	519591	317	383466	354923	0.000893	526793	280	362197	0	0	0	nan	0	0	0	0.063932	0.000379	0.063932	0.000379	1.174786	0.006964
241	A	34032	519591	477954	0.071204	227846	24	519591	187	383200	358833	0.000521	526710	278	361807	0	0	0	nan	0	0	0	0.070682	0.000388	0.070682	0.000388	1.298821	0.007130
242	A	26242	519591	483177	0.054311	227672	24	519591	247	383182	358266	0.000689	526693	277	361679	0	0	0	nan	0	0	0	0.053622	0.000338	0.053622	0.000338	0.985334	0.006211
243	G	2584	519591	483406	0.005345	227484	23	519591	432	383084	354017	0.001220	526655	277	361553	0	0	0	nan	0	0	0	0.004125	0.000120	0.004125	0.000120	0.075799	0.002205
244	G	2235	519591	480406	0.004652	227317	22	519591	297	382958	349761	0.000849	526639	275	361347	0	0	0	nan	0	0	0	0.003803	0.000110	0.003803	0.000110	0.069882	0.002021
245	A	14012	519591	479756	0.029207	227107	20	519591	410	382942	350460	0.001170	526577	273	361287	0	0	0	nan	0	0	0	0.028037	0.000253	0.028037	0.000253	0.515195	0.004649
246	U	6447	519591	479768	0.013438	226924	20	519591	398	382840	354477	0.001123	526594	271	361147	0	0	0	nan	0	0	0	0.012315	0.000177	0.012315	0.000177	0.226295	0.003252
247	U	8462	519591	481489	0.017575	226743	20	519591	240	382781	356638	0.000673	526363	267	361046	0	0	0	nan	0	0	0	0.016902	0.000196	0.016902	0.000196	0.310584	0.003602
248	G	2282	519591	482034	0.004734	226556	19	519591	314	382713	358254	0.000876	526310	265	360944	0	0	0	nan	0	0	0	0.003858	0.000111	0.003858	0.000111	0.070893	0.002040
249	U	8389	519591	483540	0.017349	226338	19	519591	1236	382518	351641	0.003515	526233	261	360738	0	0	0	nan	0	0	0	0.013834	0.000214	0.013834	0.000214	0.254207	0.003932
250	C	10478	519591	483905	0.021653	225845	19	519591	272	382478	353430	0.000770	526231	260	360672	0	0	0	nan	0	0	0	0.020883	0.000217	0.020883	0.000217	0.383737	0.003987
251	C	19833	519591	486462	0.040770	225448	19	519591	163	389268	354885	0.000459	526190	254	367356	0	0	0	nan	0	0	0	0.040311	0.000292	0.040311	0.000292	0.740737	0.005366
252	U	7441	519591	478268	0.015558	224916	17	519591	341	389071	353801	0.000964	526122	251	367137	0	0	0	nan	0	0	0	0.014594	0.000188	0.014594	0.000188	0.268173	0.003455
253	G	2331	519591	458091	0.005089	224232	15	519591	302	388360	346127	0.000873	525901	242	366405	0	0	0	nan	0	0	0	0.004216	0.000117	0.004216	0.000117	0.077471	0.002150
254	A	22873	519591	456241	0.050134	220012	13	519591	254	387879	342533	0.000742	524558	240	365903	0	0	0	nan	0	0	0	0.049392	0.000335	0.049392	0.000335	0.907606	0.006156
255	G	2619	519591	455076	0.005755	219542	13	519591	678	387730	342561	0.001979	524460	240	365640	0	0	0	nan	0	0	0	0.003776	0.000136	0.003776	0.000136	0.069386	0.002499
256	C	28809	519591	468824	0.061449	219020	13	519591	419	387438	348322	0.001203	524372	240	365297	0	0	0	nan	0	0	0	0.060247	0.000367	0.060247	0.000367	1.107072	0.006744
257	G	3038	519591	467822	0.006494	215394	13	519591	378	386883	350542	0.001078	523223	239	364719	0	0	0	nan	0	0	0	0.005416	0.000130	0.005416	0.000130	0.099522	0.002389
258	U	7985	519591	465328	0.017160	213899	13	519591	464	386005	348961	0.001330	522623	232	363822	0	0	0	nan	0	0	0	0.015830	0.000202	0.015830	0.000202	0.290885	0.003712
259	A	23544	519591	456455	0.051580	212030	12	519591	203	385662	348136	0.000583	522564	230	363381	0	0	0	nan	0	0	0	0.050997	0.000339	0.050997	0.000339	0.937098	0.006229
260	C	31917	519591	466200	0.068462	211410	12	519591	220	385579	345262	0.000637	522341	227	363238	0	0	0	nan	0	0	0	0.067825	0.000386	0.067825	0.000386	1.246322	0.007093
261	A	29756	519591	467188	0.063692	210681	12	519591	213	385504	339903	0.000627	522278	228	363143	0	0	0	nan	0	0	0	0.063065	0.000372	0.063065	0.000372	1.158855	0.006836
262	U	8205	519591	470190	0.017450	209885	13	519591	267	385263	338173	0.000790	522084	229	362799	0	0	0	nan	0	0	0	0.016661	0.000199	0.016661	0.000199	0.306155	0.003657
263	G	3090	519591	466347	0.006626	209241	13	519591	364	385091	341127	0.001067	522007	225	362580	0	0	0	nan	0	0	0	0.005559	0.000132	0.005559	0.000132	0.102150	0.002426
264	A	29525	519591	471402	0.062632	208295	12	519591	251	384841	343162	0.000731	521627	224	362291	0	0	0	nan	0	0	0	0.061901	0.000367	0.061901	0.000367	1.137465	0.006744
265	G	2721	519591	475595	0.005721	207907	11	519591	385	384900	348019	0.001106	521495	222	362299	0	0	0	nan	0	0	0	0.004615	0.000123	0.004615	0.000123	0.084803	0.002260
266	G	2289	519591	468621	0.004885	207533	11	519591	245	384927	342447	0.000715	521501	221	362164	0	0	0	nan	0	0	0	0.004169	0.000112	0.004169	0.000112	0.076608	0.002058
267	A	20105	519591	462586	0.043462	206913	11	519591	148	384518	330600	0.000448	521464	221	361632	0	0	0	nan	0	0	0	0.043015	0.000309	0.043015	0.000309	0.790425	0.005678
268	U	5531	519591	458716	0.012058	206588	12	519591	650	384361	326313	0.001992	521435	225	361160	0	0	0	nan	0	0	0	0.010066	0.000180	0.010066	0.000180	0.184968	0.003308
269	C	8084	519591	461260	0.017526	206346	12	519591	144	384569	328630	0.000438	521457	227	360953	0	0	0	nan	0	0	0	0.017088	0.000198	0.017088	0.000198	0.314002	0.003638
270	A	13583	519591	465076	0.029206	206034	11	519591	197	384719	338178	0.000583	520800	228	360830	0	0	0	nan	0	0	0	0.028623	0.000254	0.028623	0.000254	0.525964	0.004667
271	C	6429	519591	473703	0.013572	205670	11	519591	443	384586	343783	0.001289	520703	228	360596	0	0	0	nan	0	0	0	0.012283	0.000180	0.012283	0.000180	0.225707	0.003308
272	C	6730	519591	473437	0.014215	205113	11	519591	178	384857	342900	0.000519	520656	229	360708	0	0	0	nan	0	0	0	0.013696	0.000178	0.013696	0.000178	0.251672	0.003271
273	C	12116	519591	474951	0.025510	204691	11	519591	208	385177	338692	0.000614	520646	231	360707	0	0	0	nan	0	0	0	0.024896	0.000236	0.024896	0.000236	0.457478	0.004337
274	A	31814	519591	470858	0.067566	204333	11	519591	180	390032	334343	0.000538	520648	230	365298	0	0	0	nan	0	0	0	0.067028	0.000381	0.067028	0.000381	1.231677	0.007001
275	U	6581	519591	471691	0.013952	204187	14	519591	264	391954	335478	0.000787	520655	230	367062	0	0	0	nan	0	0	0	0.013165	0.000179	0.013165	0.000179	0.241914	0.003289
276	G	3825	519591	468643	0.008162	203979	14	519591	251	392384	334777	0.000750	520652	230	367203	0	0	0	nan	0	0	0	0.007412	0.000140	0.007412	0.000140	0.136200	0.002573
277	U	10972	519591	474799	0.023109	203741	22	519591	423	392332	342944	0.001233	520650	230	367006	0	0	0	nan	0	0	0	0.021875	0.000229	0.021875	0.000229	0.401965	0.004208
278	G	4096	519591	477528	0.008578	203563	22	519591	840	397603	349780	0.002402	520651	230	372296	0	0	0	nan	0	0	0	0.006176	0.000158	0.006176	0.000158	0.113487	0.002903
279	G	2306	519591	473618	0.004869	203356	22	519591	325	402527	346378	0.000938	520692	230	377239	0	0	0	nan	0	0	0	0.003931	0.000114	0.003931	0.000114	0.072234	0.002095
280	U	4049	519591	475687	0.008512	203094	22	519591	281	401753	345584	0.000813	520657	230	376559	0	0	0	nan	0	0	0	0.007699	0.000142	0.007699	0.000142	0.141473	0.002609
281	G	20510	519591	463720	0.044229	202923	27	519591	5508	403179	339487	0.016224	520660	229	378025	0	0	0	nan	0	0	0	0.028005	0.000378	0.028005	0.000378	0.514607	0.006946
282	A	9726	519591	469326	0.020723	202735	26	519591	238	404613	347252	0.000685	520700	229	379475	0	0	0	nan	0	0	0	0.020038	0.000215	0.020038	0.000215	0.368209	0.003951
283	A	8473	519591	470806	0.017997	202375	25	519591	119	405347	346400	0.000344	520662	229	380233	0	0	0	nan	0	0	0	0.017653	0.000198	0.017653	0.000198	0.324384	0.003638
284	A	17052	519591	469068	0.036353	202130	28	519591	170	405714	338830	0.000502	520676	229	380640	0	0	0	nan	0	0	0	0.035851	0.000281	0.035851	0.000281	0.658782	0.005164
285	A	25750	519591	469175	0.054884	201926	32	519591	213	405709	335030	0.000636	520685	228	380660	0	0	0	nan	0	0	0	0.054248	0.000345	0.054248	0.000345	0.996837	0.006340
286	U	7578	519591	465217	0.016289	201679	74	519591	170	405984	333151	0.000510	520740	229	380942	0	0	0	nan	0	0	0	0.015779	0.000191	0.015779	0.000191	0.289948	0.003510
287	G	4063	519591	465069	0.008736	201502	135	519591	587	406352	338057	0.001736	520737	230	381312	0	0	0	nan	0	0	0	0.007000	0.000155	0.007000	0.000155	0.128629	0.002848
288	G	2107	519591	465854	0.004523	201256	139	519591	527	407051	341001	0.001545	520737	231	382026	0	0	0	nan	0	0	0	0.002977	0.000119	0.002977	0.000119	0.054704	0.002187
289	G	2551	519591	464639	0.005490	200886	140	519591	538	409423	338989	0.001587	520740	231	384402	0	0	0	nan	0	0	0	0.003903	0.000128	0.003903	0.000128	0.071720	0.002352
290	C	36701	519591	466409	0.078688	200158	140	519591	225	411434	340180	0.000661	520752	231	386411	0	0	0	nan	0	0	0	0.078027	0.000413	0.078027	0.000413	1.433790	0.007589
291	U	6357	519591	466817	0.013618	199295	142	519591	269	413540	340624	0.000790	520778	231	388533	0	0	0	nan	0	0	0	0.012828	0.000177	0.012828	0.000177	0.235722	0.003252
292	G	2615	519591	463082	0.005647	195912	160	519591	224	415474	345487	0.000648	520777	232	390493	0	0	0	nan	0	0	0	0.004999	0.000119	0.004999	0.000119	0.091859	0.002187
293	A	22514	519591	426769	0.052755	186674	160	519591	229	416507	337462	0.000679	520787	232	391537	0	0	0	nan	0	0	0	0.052076	0.000354	0.052076	0.000354	0.956926	0.006505
294	A	29382	519591	409427	0.071764	176431	176	519591	262	315530	255618	0.001025	520790	232	290586	0	0	0	nan	0	0	0	0.070739	0.000423	0.070739	0.000423	1.299869	0.007773
295	G	2025	519591	340951	0.005939	172524	186	519591	116	316323	207092	0.000560	520789	231	291389	0	0	0	nan	0	0	0	0.005379	0.000142	0.005379	0.000142	0.098842	0.002609
296	A	16893	519591	323220	0.052265	168576	189	519591	149	315977	194063	0.000768	520801	230	291054	0	0	0	nan	0	0	0	0.051497	0.000407	0.051497	0.000407	0.946286	0.007479
297	U	5085	519591	314399	0.016174	165161	199	519591	185	316854	191743	0.000965	520816	231	291932	0	0	0	nan	0	0	0	0.015209	0.000238	0.015209	0.000238	0.279474	0.004373
298	C	23703	519591	356816	0.066429	160964	227	519591	194	318481	223346	0.000869	520820	235	293564	0	0	0	nan	0	0	0	0.065561	0.000436	0.065561	0.000436	1.204720	0.008012
299	G	2290	519591	391348	0.005852	156460	251	519591	235	321400	261151	0.000900	520806	235	296481	0	0	0	nan	0	0	0	0.004952	0.000136	0.004952	0.000136	0.090996	0.002499
300	A	13789	519591	388040	0.035535	151816	259	519591	127	323406	262020	0.000485	520826	235	298489	0	0	0	nan	0	0	0	0.035050	0.000306	0.035050	0.000306	0.644063	0.005623
301	C	9596	519591	365657	0.026243	146731	268	519591	103	325091	252649	0.000408	520606	239	300237	0	0	0	nan	0	0	0	0.025835	0.000271	0.025835	0.000271	0.474733	0.004980
302	A	13276	519591	340392	0.039002	58669	267	519591	120	305268	222081	0.000540	72281	38	301704	0	0	0	nan	0	0	0	0.038462	0.000342	0.038462	0.000342	0.706761	0.006284
303	U	6425	519591	344250	0.018664	55452	270	519591	663	306688	227067	0.002920	72221	43	303140	0	0	0	nan	0	0	0	0.015744	0.000259	0.015744	0.000259	0.289305	0.004759
304	C	22960	519591	345838	0.066389	53701	270	519591	108	308352	225054	0.000480	71638	50	304834	0	0	0	nan	0	0	0	0.065910	0.000441	0.065910	0.000441	1.211133	0.008104
305	C	25978	519591	386080	0.067287	52144	273	519591	116	310052	246831	0.000470	71537	51	306555	0	0	0	nan	0	0	0	0.066817	0.000420	0.066817	0.000420	1.227800	0.007718
306	A	20482	519591	388108	0.052774	51042	279	519591	115	312736	241837	0.000476	71508	62	309244	0	0	0	nan	0	0	0	0.052298	0.000371	0.052298	0.000371	0.961005	0.006817
307	U	6072	519591	417040	0.014560	50041	287	519591	252	314350	258492	0.000975	71461	65	310865	0	0	0	nan	0	0	0	0.013585	0.000197	0.013585	0.000197	0.249632	0.003620
308	G	1812	519591	418681	0.004328	48823	287	519591	194	316474	258557	0.000750	71450	71	312980	0	0	0	nan	0	0	0	0.003578	0.000115	0.003578	0.000115	0.065748	0.002113
309	U	5417	519591	426937	0.012688	47542	287	519591	1056	317859	268111	0.003939	71448	110	314360	0	0	0	nan	0	0	0	0.008749	0.000211	0.008749	0.000211	0.160768	0.003877
310	C	8893	519591	420273	0.021160	46343	287	519591	153	319498	269800	0.000567	71447	111	315996	0	0	0	nan	0	0	0	0.020593	0.000229	0.020593	0.000229	0.378408	0.004208
311	A	22123	519591	415016	0.053306	44446	288	519591	175	320783	266566	0.000656	71302	112	317311	0	0	0	nan	0	0	0	0.052650	0.000362	0.052650	0.000362	0.967473	0.006652
312	U	3813	519591	408328	0.009338	43021	289	519591	368	321916	258774	0.001422	71299	115	318450	0	0	0	nan	0	0	0	0.007916	0.000168	0.007916	0.000168	0.145461	0.003087
313	C	7308	519591	393801	0.018558	41938	293	519591	114	322708	249951	0.000456	71301	116	319239	0	0	0	nan	0	0	0	0.018102	0.000221	0.018102	0.000221	0.332634	0.004061
314	A	11276	519591	369539	0.030514	41178	294	519591	98	323602	235747	0.000416	71299	117	320133	0	0	0	nan	0	0	0	0.030098	0.000290	0.030098	0.000290	0.553068	0.005329
315	U	4601	519591	371667	0.012379	40862	294	519591	450	324366	240593	0.001870	71299	121	320901	0	0	0	nan	0	0	0	0.010509	0.000203	0.010509	0.000203	0.193109	0.003730
316	C	9403	519591	370452	0.025383	40476	297	519591	278	325394	244462	0.001137	71291	125	321933	0	0	0	nan	0	0	0	0.024245	0.000270	0.024245	0.000270	0.445515	0.004961
317	C	8523	519591	420818	0.020253	40200	297	519591	141	327097	275108	0.000513	71294	149	323632	0	0	0	nan	0	0	0	0.019741	0.000224	0.019741	0.000224	0.362752	0.004116
318	C	19287	519591	439642	0.043870	39921	297	519591	307	328661	288833	0.001063	71301	160	325198	0	0	0	nan	0	0	0	0.042807	0.000322	0.042807	0.000322	0.786602	0.005917
319	G	1922	519591	452964	0.004243	39645	298	519591	251	329811	297165	0.000845	70792	161	326381	0	0	0	nan	0	0	0	0.003399	0.000110	0.003399	0.000110	0.062459	0.002021
320	U	6758	519591	448755	0.015059	39213	298	519591	169	330532	299644	0.000564	70791	162	327105	0	0	0	nan	0	0	0	0.014495	0.000188	0.014495	0.000188	0.266354	0.003455
321	A	31041	519591	445934	0.069609	38739	300	519591	221	331130	295065	0.000749	70783	177	327701	0	0	0	nan	0	0	0	0.068860	0.000398	0.068860	0.000398	1.265341	0.007313
322	U	8439	519591	453414	0.018612	38363	301	519591	181	331440	301464	0.000600	70761	189	328020	0	0	0	nan	0	0	0	0.018012	0.000207	0.018012	0.000207	0.330981	0.003804
323	G	4441	519591	445352	0.009972	38075	301	519591	166	331784	298036	0.000557	70757	189	328363	0	0	0	nan	0	0	0	0.009415	0.000156	0.009415	0.000156	0.173006	0.002867
324	A	34241	519591	454507	0.075337	37458	301	519591	242	332081	299408	0.000808	70688	189	328662	0	0	0	nan	0	0	0	0.074528	0.000410	0.074528	0.000410	1.369494	0.007534
325	A	29571	519591	458795	0.064454	37058	301	519591	155	332580	295753	0.000524	70694	189	329159	0	0	0	nan	0	0	0	0.063930	0.000377	0.063930	0.000377	1.174749	0.006928
326	G	2156	519591	464695	0.004640	36659	301	519591	294	332956	296073	0.000993	70706	194	329529	0	0	0	nan	0	0	0	0.003647	0.000115	0.003647	0.000115	0.067016	0.002113
327	G	1378	519591	450766	0.003057	36117	301	519591	247	333370	290047	0.000852	70698	194	329944	0	0	0	nan	0	0	0	0.002205	0.000099	0.002205	0.000099	0.040518	0.001819
328	U	3373	519591	442253	0.007627	35096	301	519591	479	333742	287853	0.001664	70633	194	330320	0	0	0	nan	0	0	0	0.005963	0.000152	0.005963	0.000152	0.109573	0.002793
329	C	7745	519591	430114	0.018007	34665	301	519591	112	334267	281431	0.000398	70631	194	330837	0	0	0	nan	0	0	0	0.017609	0.000208	0.017609	0.000208	0.323575	0.003822
330	U	4499	519591	432742	0.010396	34380	301	519591	212	334787	285970	0.000741	69742	195	331399	0	0	0	nan	0	0	0	0.009655	0.000163	0.009655	0.000163	0.177416	0.002995
331	G	1535	519591	395094	0.003885	34093	302	519591	144	335411	264508	0.000544	69684	198	332039	0	0	0	nan	0	0	0	0.003341	0.000109	0.003341	0.000109	0.061393	0.002003
332	A	31558	519591	408401	0.077272	33953	302	519591	170	335964	271371	0.000626	69688	198	332600	0	0	0	nan	0	0	0	0.076646	0.000438	0.076646	0.000438	1.408413	0.008048
333	G	2132	519591	407950	0.005226	33902	303	519591	409	337290	269030	0.001520	69700	206	333927	0	0	0	nan	0	0	0	0.003706	0.000136	0.003706	0.000136	0.068100	0.002499
334	C	11382	519591	457359	0.024886	33834	304	519591	243	338506	298451	0.000814	69762	211	335148	0	0	0	nan	0	0	0	0.024072	0.000239	0.024072	0.000239	0.442336	0.004392
335	G	4837	519591	457703	0.010568	33757	304	519591	345	339569	298672	0.001155	69767	211	336241	0	0	0	nan	0	0	0	0.009413	0.000164	0.009413	0.000164	0.172969	0.003014
336	G	3064	519591	456914	0.006706	33658	304	519591	730	340451	303800	0.002403	69768	212	337134	0	0	0	nan	0	0	0	0.004303	0.000150	0.004303	0.000150	0.079070	0.002756
337	C	13690	519591	462012	0.029631	33551	304	519591	164	341289	310313	0.000528	69758	229	337981	0	0	0	nan	0	0	0	0.029103	0.000257	0.029103	0.000257	0.534784	0.004723
338	G	1581	519591	463415	0.003412	33390	304	519591	195	341639	311984	0.000625	69739	240	338347	0	0	0	nan	0	0	0	0.002787	0.000097	0.002787	0.000097	0.051213	0.001782
339	A	24953	519591	460289	0.054212	33215	304	519591	179	341883	310495	0.000576	69728	250	338607	0	0	0	nan	0	0	0	0.053635	0.000346	0.053635	0.000346	0.985573	0.006358
340	C	19648	519591	455445	0.043140	33016	304	519591	153	342064	307402	0.000498	69678	250	338795	0	0	0	nan	0	0	0	0.042643	0.000310	0.042643	0.000310	0.783589	0.005696
341	C	27802	519591	452184	0.061484	32902	304	519591	1535	342293	309001	0.004968	69682	250	339033	0	0	0	nan	0	0	0	0.056516	0.000390	0.056516	0.000390	1.038513	0.007166
342	A	7172	519591	444566	0.016133	32732	304	519591	168	342565	307153	0.000547	69677	257	339316	0	0	0	nan	0	0	0	0.015586	0.000195	0.015586	0.000195	0.286401	0.003583
343	A	24791	519591	455611	0.054413	32583	304	519591	136	342816	307811	0.000442	69664	257	339579	0	0	0	nan	0	0	0	0.053971	0.000348	0.053971	0.000348	0.991747	0.006395
344	A	30147	519591	461344	0.065346	32492	304	519591	177	343023	302439	0.000585	69665	268	339801	0	0	0	nan	0	0	0	0.064761	0.000379	0.064761	0.000379	1.190019	0.006964
345	U	8254	519591	469765	0.017570	32386	304	519591	184	343249	308322	0.000597	69726	281	340040	0	0	0	nan	0	0	0	0.016974	0.000198	0.016974	0.000198	0.311907	0.003638
346	G	3505	519591	464623	0.007544	32294	304	519591	403	343551	307890	0.001309	69709	293	340351	0	0	0	nan	0	0	0	0.006235	0.000143	0.006235	0.000143	0.114572	0.002628
347	G	2409	519591	467023	0.005158	32209	304	519591	414	343836	313441	0.001321	69704	296	340649	0	0	0	nan	0	0	0	0.003837	0.000124	0.003837	0.000124	0.070507	0.002279
348	G	2711	519591	456975	0.005932	32141	304	519591	578	344107	309721	0.001866	69711	317	340932	0	0	0	nan	0	0	0	0.004066	0.000138	0.004066	0.000138	0.074715	0.002536
349	C	14807	519591	461866	0.032059	32031	304	519591	251	344389	312935	0.000802	69720	321	341224	0	0	0	nan	0	0	0	0.031257	0.000268	0.031257	0.000268	0.574365	0.004925
350	C	11615	519591	466918	0.024876	31925	304	519591	177	344806	317298	0.000558	69981	324	341654	0	0	0	nan	0	0	0	0.024318	0.000235	0.024318	0.000235	0.446857	0.004318
351	A	16182	519591	472859	0.034222	31857	304	519591	204	345057	320387	0.000637	69960	330	341911	0	0	0	nan	0	0	0	0.033585	0.000273	0.033585	0.000273	0.617143	0.005017
352	G	1302	519591	469409	0.002774	31796	304	519591	141	345235	314496	0.000448	69959	330	342097	0	0	0	nan	0	0	0	0.002325	0.000086	0.002325	0.000086	0.042723	0.001580
353	A	15108	519591	457102	0.033052	31744	304	519591	139	345385	306780	0.000453	69962	333	342261	0	0	0	nan	0	0	0	0.032599	0.000272	0.032599	0.000272	0.599025	0.004998
354	U	3186	519591	445341	0.007154	31713	305	519591	186	345643	302722	0.000614	69963	336	342524	0	0	0	nan	0	0	0	0.006540	0.000135	0.006540	0.000135	0.120176	0.002481
355	C	14079	519591	455680	0.030897	31686	305	519591	992	345914	311339	0.003186	69966	336	342799	0	0	0	nan	0	0	0	0.027710	0.000279	0.027710	0.000279	0.509187	0.005127
356	G	65810	519591	459559	0.143203	31635	305	519591	23169	346290	321002	0.072177	69988	338	343190	0	0	0	nan	0	0	0	0.071025	0.000732	nan	nan	nan	nan
357	A	19819	519591	433797	0.045687	31571	305	519591	1266	347228	326721	0.003875	70606	377	344142	0	0	0	nan	0	0	0	0.041812	0.000342	0.041812	0.000342	0.768319	0.006284
358	A	34908	519591	463590	0.075299	26615	305	519591	283	346787	324650	0.000872	59260	376	344647	0	0	0	nan	0	0	0	0.074428	0.000406	0.074428	0.000406	1.367656	0.007460
359	A	8791	519591	476547	0.018447	26464	305	519591	207	347117	323035	0.000641	59214	378	344987	0	0	0	nan	0	0	0	0.017806	0.000202	0.017806	0.000202	0.327195	0.003712
360	A	3554	519591	473701	0.007503	26301	305	519591	125	347274	321476	0.000389	59187	396	345148	0	0	0	nan	0	0	0	0.007114	0.000131	0.007114	0.000131	0.130724	0.002407
361	A	13541	519591	469018	0.028871	25691	305	519591	121	347400	322159	0.000376	59142	400	345282	0	0	0	nan	0	0	0	0.028495	0.000250	0.028495	0.000250	0.523611	0.004594
362	A	28382	519591	456790	0.062134	25444	305	519591	689	347538	317364	0.002171	59093	408	345429	0	0	0	nan	0	0	0	0.059963	0.000378	0.059963	0.000378	1.101854	0.006946
363	U	16821	519591	440746	0.038165	25228	305	519591	1532	347693	316543	0.004840	59037	472	345605	0	0	0	nan	0	0	0	0.033325	0.000319	0.033325	0.000319	0.612365	0.005862
364	U	12144	519591	432399	0.028085	24961	305	519591	716	347833	309589	0.002313	58955	487	345755	0	0	0	nan	0	0	0	0.025772	0.000269	0.025772	0.000269	0.473575	0.004943
365	U	11397	519591	435546	0.026167	24854	305	519591	332	347985	315475	0.001052	58945	519	345915	0	0	0	nan	0	0	0	0.025115	0.000252	0.025115	0.000252	0.461502	0.004631
366	U	10073	519591	431483	0.023345	24746	305	519591	186	348172	319069	0.000583	58955	534	346107	0	0	0	nan	0	0	0	0.022762	0.000236	0.022762	0.000236	0.418264	0.004337
367	U	9190	519591	435623	0.021096	24717	305	519591	147	348353	317555	0.000463	58953	547	346304	0	0	0	nan	0	0	0	0.020633	0.000223	0.020633	0.000223	0.379143	0.004098
368	A	31768	519591	461336	0.068861	24671	305	519591	261	348776	324994	0.000803	58950	555	346748	0	0	0	nan	0	0	0	0.068058	0.000390	0.068058	0.000390	1.250604	0.007166
369	A	30311	519591	487159	0.062220	24602	305	519591	181	348992	325840	0.000555	58946	560	346980	0	0	0	nan	0	0	0	0.061664	0.000360	0.061664	0.000360	1.133110	0.006615
370	G	3480	519591	496923	0.007003	24578	305	519591	439	349124	331597	0.001324	58946	572	347127	0	0	0	nan	0	0	0	0.005679	0.000134	0.005679	0.000134	0.104355	0.002462
371	G	3488	519591	491396	0.007098	24457	305	519591	283	349226	328474	0.000862	58943	572	347240	0	0	0	nan	0	0	0	0.006237	0.000131	0.006237	0.000131	0.114608	0.002407
372	U	8821	519591	491542	0.017946	24210	305	519591	183	349282	326286	0.000561	58934	588	347312	0	0	0	nan	0	0	0	0.017385	0.000196	0.017385	0.000196	0.319459	0.003602
373	G	2691	519591	488814	0.005505	24146	305	519591	702	349419	326038	0.002153	58933	588	347461	0	0	0	nan	0	0	0	0.003352	0.000134	0.003352	0.000134	0.061595	0.002462
374	G	2414	519591	496444	0.004863	24006	305	519591	363	349613	329787	0.001101	58923	588	347668	0	0	0	nan	0	0	0	0.003762	0.000115	0.003762	0.000115	0.069129	0.002113
375	U	3976	519591	499343	0.007962	23950	305	519591	384	349743	333510	0.001151	58922	605	347803	0	0	0	nan	0	0	0	0.006811	0.000139	0.006811	0.000139	0.125156	0.002554
376	G	1311	519591	497010	0.002638	23918	305	519591	188	349834	332879	0.000565	58921	616	347897	0	0	0	nan	0	0	0	0.002073	0.000084	0.002073	0.000084	0.038093	0.001544
377	U	6015	519591	492612	0.012210	23818	305	519591	391	349966	333428	0.001173	58920	620	348032	0	0	0	nan	0	0	0	0.011038	0.000168	0.011038	0.000168	0.202829	0.003087
378	A	19337	519591	486374	0.039757	23789	305	519591	235	350074	328715	0.000715	58924	620	348144	0	0	0	nan	0	0	0	0.039043	0.000290	0.039043	0.000290	0.717437	0.005329
379	C	10210	519591	485104	0.021047	23767	305	519591	188	350179	327293	0.000574	58922	657	348255	0	0	0	nan	0	0	0	0.020473	0.000212	0.020473	0.000212	0.376203	0.003896
380	C	18289	519591	485344	0.037683	23704	305	519591	186	350317	328654	0.000566	58921	681	348398	0	0	0	nan	0	0	0	0.037117	0.000282	0.037117	0.000282	0.682046	0.005182
381	C	27454	519591	493121	0.055674	23680	305	519591	215	350455	333850	0.000644	58949	716	348539	0	0	0	nan	0	0	0	0.055030	0.000339	0.055030	0.000339	1.011207	0.006229
382	U	5241	519591	499975	0.010483	23661	305	519591	333	350599	335572	0.000992	58959	722	348686	0	0	0	nan	0	0	0	0.009490	0.000155	0.009490	0.000155	0.174384	0.002848
383	G	3274	519591	504435	0.006490	23651	305	519591	299	350697	335955	0.000890	58962	725	348792	0	0	0	nan	0	0	0	0.005600	0.000125	0.005600	0.000125	0.102903	0.002297
384	U	4039	519591	501782	0.008049	23623	305	519591	344	350877	335299	0.001026	58948	725	348974	0	0	0	nan	0	0	0	0.007023	0.000138	0.007023	0.000138	0.129052	0.002536
385	G	1731	519591	500841	0.003456	23602	305	519591	260	350980	335243	0.000776	58948	725	349087	0	0	0	nan	0	0	0	0.002681	0.000096	0.002681	0.000096	0.049265	0.001764
386	G	1705	519591	497800	0.003425	23552	305	519591	248	351076	333253	0.000744	58945	734	349196	0	0	0	nan	0	0	0	0.002681	0.000095	0.002681	0.000095	0.049265	0.001746
387	A	10273	519591	500641	0.020520	23517	305	519591	160	351221	333950	0.000479	58945	737	349343	0	0	0	nan	0	0	0	0.020041	0.000206	0.020041	0.000206	0.368265	0.003785
388	U	4039	519591	502698	0.008035	23496	305	519591	263	351322	333532	0.000789	58945	737	349445	0	0	0	nan	0	0	0	0.007246	0.000135	0.007246	0.000135	0.133149	0.002481
389	G	1363	519591	495714	0.002750	23467	305	519591	144	351402	331609	0.000434	58931	737	349526	0	0	0	nan	0	0	0	0.002315	0.000083	0.002315	0.000083	0.042539	0.001525
390	A	16405	519591	491105	0.033404	23442	305	519591	184	351512	328541	0.000560	58948	737	349642	0	0	0	nan	0	0	0	0.032844	0.000264	0.032844	0.000264	0.603527	0.004851
391	U	3175	519591	486295	0.006529	23430	305	519591	333	351678	323356	0.001030	58983	744	349812	0	0	0	nan	0	0	0	0.005499	0.000129	0.005499	0.000129	0.101047	0.002370
392	C	9899	519591	492191	0.020112	23419	305	519591	143	351830	328236	0.000436	58982	745	349966	0	0	0	nan	0	0	0	0.019676	0.000205	0.019676	0.000205	0.361557	0.003767
393	A	2777	519591	493395	0.005628	23398	305	519591	130	352086	327512	0.000397	59022	745	350226	0	0	0	nan	0	0	0	0.005231	0.000112	0.005231	0.000112	0.096123	0.002058
394	U	2022	519591	496002	0.004077	23377	305	519591	369	352297	335416	0.001100	59019	745	350440	0	0	0	nan	0	0	0	0.002976	0.000107	0.002976	0.000107	0.054686	0.001966
395	C	4651	519591	490021	0.009491	23352	305	519591	113	352555	335809	0.000337	59016	745	350700	0	0	0	nan	0	0	0	0.009155	0.000143	0.009155	0.000143	0.168228	0.002628
396	A	23328	519591	492336	0.047382	23306	305	519591	138	352792	338481	0.000408	59017	746	350939	0	0	0	nan	0	0	0	0.046975	0.000312	0.046975	0.000312	0.863192	0.005733
397	C	37696	519591	474809	0.079392	23293	305	519591	3003	352931	333623	0.009001	59050	746	351078	0	0	0	nan	0	0	0	0.070391	0.000441	0.070391	0.000441	1.293474	0.008104
398	U	11185	519591	466360	0.023984	23270	305	519591	777	353039	328661	0.002364	59100	748	351187	0	0	0	nan	0	0	0	0.021619	0.000242	0.021619	0.000242	0.397261	0.004447
399	U	10883	519591	468032	0.023253	23264	305	519591	204	353260	329773	0.000619	59176	748	351409	0	0	0	nan	0	0	0	0.022634	0.000227	0.022634	0.000227	0.415912	0.004171
400	U	10186	519591	468740	0.021731	23238	305	519591	128	353445	334324	0.000383	59237	751	351593	0	0	0	nan	0	0	0	0.021348	0.000218	0.021348	0.000218	0.392281	0.004006
401	A	39073	519591	482932	0.080908	23012	305	519591	332	353680	338490	0.000981	59415	751	351827	0	0	0	nan	0	0	0	0.079927	0.000413	0.079927	0.000413	1.468703	0.007589
402	A	29228	519591	501885	0.058236	23086	305	519591	182	354775	342625	0.000531	60421	779	352905	0	0	0	nan	0	0	0	0.057705	0.000343	0.057705	0.000343	1.060362	0.006303
403	G	2341	519591	505769	0.004629	23077	305	519591	562	354959	341418	0.001646	60425	782	353098	0	0	0	nan	0	0	0	0.002983	0.000118	0.002983	0.000118	0.054814	0.002168
404	G	1729	519591	506309	0.003415	23044	305	519591	264	355012	341436	0.000773	59509	791	353155	0	0	0	nan	0	0	0	0.002642	0.000095	0.002642	0.000095	0.048548	0.001746
405	U	1697	519591	506089	0.003353	23009	305	519591	224	355085	340938	0.000657	59511	793	353232	0	0	0	nan	0	0	0	0.002696	0.000092	0.002696	0.000092	0.049541	0.001691
406	G	810	519591	499180	0.001623	22926	305	519591	133	355163	337937	0.000394	59506	793	353315	0	0	0	nan	0	0	0	0.001229	0.000066	0.001229	0.000066	0.022584	0.001213
407	A	6512	519591	494471	0.013170	22904	305	519591	91	355248	333836	0.000273	59510	805	353404	0	0	0	nan	0	0	0	0.012897	0.000166	0.012897	0.000166	0.236990	0.003050
408	U	2781	519591	490346	0.005672	22883	305	519591	571	355365	330729	0.001726	59528	814	353522	0	0	0	nan	0	0	0	0.003945	0.000130	0.003945	0.000130	0.072492	0.002389
409	C	8325	519591	490567	0.016970	22839	305	519591	262	355446	332854	0.000787	59520	829	353609	0	0	0	nan	0	0	0	0.016183	0.000192	0.016183	0.000192	0.297372	0.003528
410	C	27050	519591	491467	0.055039	22818	305	519591	317	355592	338306	0.000937	59520	832	353762	0	0	0	nan	0	0	0	0.054102	0.000339	0.054102	0.000339	0.994154	0.006229
411	U	3826	519591	493639	0.007751	22795	304	519591	274	355750	340178	0.000805	59514	832	353925	0	0	0	nan	0	0	0	0.006945	0.000134	0.006945	0.000134	0.127618	0.002462
412	G	2262	519591	491060	0.004606	22773	304	519591	553	355930	339909	0.001627	59501	844	354107	0	0	0	nan	0	0	0	0.002979	0.000119	0.002979	0.000119	0.054741	0.002187
413	C	14890	519591	488808	0.030462	22758	304	519591	228	356058	339722	0.000671	59498	847	354237	0	0	0	nan	0	0	0	0.029791	0.000254	0.029791	0.000254	0.547426	0.004667
414	A	22055	519591	489542	0.045052	22742	304	519591	196	356286	340140	0.000576	59493	848	354470	0	0	0	nan	0	0	0	0.044476	0.000306	0.044476	0.000306	0.817271	0.005623
415	C	27685	519591	489561	0.056551	22707	304	519591	216	356427	338518	0.000638	59468	856	354612	0	0	0	nan	0	0	0	0.055913	0.000343	0.055913	0.000343	1.027433	0.006303
416	U	9017	519591	484261	0.018620	22688	304	519591	147	356528	338340	0.000434	59474	866	354715	0	0	0	nan	0	0	0	0.018186	0.000199	0.018186	0.000199	0.334178	0.003657
417	A	28059	519591	494903	0.056696	22620	304	519591	242	356625	340172	0.000711	59464	872	354816	0	0	0	nan	0	0	0	0.055985	0.000342	0.055985	0.000342	1.028756	0.006284
418	U	7719	519591	496455	0.015548	22607	304	519591	245	356736	344878	0.000710	59468	876	354932	0	0	0	nan	0	0	0	0.014838	0.000183	0.014838	0.000183	0.272657	0.003363
419	G	1998	519591	497069	0.004020	22575	304	519591	302	356792	344279	0.000877	59468	877	354997	0	0	0	nan	0	0	0	0.003142	0.000103	0.003142	0.000103	0.057736	0.001893
420	G	3329	519591	487861	0.006824	22521	304	519591	753	356894	341273	0.002206	59458	890	355104	0	0	0	nan	0	0	0	0.004617	0.000143	0.004617	0.000143	0.084840	0.002628
421	C	13091	519591	471771	0.027749	22509	304	519591	205	357064	337128	0.000608	59469	896	355286	0	0	0	nan	0	0	0	0.027141	0.000246	0.027141	0.000246	0.498731	0.004520
422	A	20445	519591	484928	0.042161	22435	304	519591	1218	357239	337977	0.003604	59447	896	355469	0	0	0	nan	0	0	0	0.038557	0.000312	0.038557	0.000312	0.708506	0.005733
423	C	25347	519591	488131	0.051927	22392	304	519591	158	357354	340129	0.000465	59447	903	355587	0	0	0	nan	0	0	0	0.051462	0.000328	0.051462	0.000328	0.945643	0.006027
424	A	18469	519591	493679	0.037411	22230	304	519591	145	357461	342241	0.000424	59420	905	355696	0	0	0	nan	0	0	0	0.036987	0.000278	0.036987	0.000278	0.679657	0.005108
425	C	19883	519591	494649	0.040196	22208	304	519591	224	357581	343268	0.000653	59421	907	355822	0	0	0	nan	0	0	0	0.039544	0.000288	0.039544	0.000288	0.726643	0.005292
426	U	6388	519591	496076	0.012877	22180	304	519591	176	357718	341121	0.000516	59427	915	355962	0	0	0	nan	0	0	0	0.012361	0.000166	0.012361	0.000166	0.227140	0.003050
427	G	3369	519591	499692	0.006742	22084	304	519591	488	357822	345169	0.001414	59307	940	356073	0	0	0	nan	0	0	0	0.005328	0.000133	0.005328	0.000133	0.097905	0.002444
428	G	2468	519591	495335	0.004982	21982	304	519591	298	357966	341297	0.000873	59295	942	356227	0	0	0	nan	0	0	0	0.004109	0.000112	0.004109	0.000112	0.075505	0.002058
429	U	7233	519591	490452	0.014748	21951	304	519591	248	358023	342270	0.000725	59295	942	356289	0	0	0	nan	0	0	0	0.014023	0.000179	0.014023	0.000179	0.257680	0.003289
430	A	28483	519591	485169	0.058707	21874	304	519591	243	358157	336579	0.000722	59292	946	356432	0	0	0	nan	0	0	0	0.057985	0.000351	0.057985	0.000351	1.065507	0.006450
431	A	21845	519591	490665	0.044521	21640	304	519591	219	358217	335953	0.000652	59209	958	356527	0	0	0	nan	0	0	0	0.043869	0.000304	0.043869	0.000304	0.806117	0.005586
432	U	6244	519591	491332	0.012708	21618	304	519591	296	358421	336113	0.000881	59209	962	356735	0	0	0	nan	0	0	0	0.011828	0.000169	0.011828	0.000169	0.217346	0.003105
433	C	18295	519591	496889	0.036819	21598	304	519591	205	358657	342100	0.000599	59209	964	356982	0	0	0	nan	0	0	0	0.036220	0.000275	0.036220	0.000275	0.665563	0.005053
434	G	1956	519591	499663	0.003915	21551	304	519591	182	358898	346204	0.000526	59209	965	357238	0	0	0	nan	0	0	0	0.003389	0.000097	0.003389	0.000097	0.062275	0.001782
435	A	24121	519591	505869	0.047682	21380	304	519591	147	359053	346276	0.000425	59057	967	357406	0	0	0	nan	0	0	0	0.047258	0.000309	0.047258	0.000309	0.868392	0.005678
436	C	12199	519591	507013	0.024061	21351	304	519591	149	359415	346054	0.000431	59057	975	357775	0	0	0	nan	0	0	0	0.023630	0.000221	0.023630	0.000221	0.434214	0.004061
437	G	3429	519591	507981	0.006750	21331	304	519591	391	359804	345899	0.001130	59057	978	358175	0	0	0	nan	0	0	0	0.005620	0.000129	0.005620	0.000129	0.103271	0.002370
438	G	1703	519591	507536	0.003355	21230	304	519591	394	359977	344404	0.001144	59061	979	358372	0	0	0	nan	0	0	0	0.002211	0.000100	0.002211	0.000100	0.040628	0.001838
439	G	961	519591	507229	0.001895	21116	304	519591	300	360074	344314	0.000871	59055	979	358480	0	0	0	nan	0	0	0	0.001023	0.000079	0.001023	0.000079	0.018798	0.001452
440	G	2061	519591	502408	0.004102	20951	304	519591	365	360217	340684	0.001071	59048	981	358637	0	0	0	nan	0	0	0	0.003031	0.000106	0.003031	0.000106	0.055696	0.001948
441	U	4786	519591	494543	0.009678	20917	304	519591	287	360290	335848	0.000855	59050	981	358746	0	0	0	nan	0	0	0	0.008823	0.000149	0.008823	0.000149	0.162128	0.002738
442	U	6834	519591	491962	0.013891	20730	304	519591	176	360405	335734	0.000524	59039	983	358896	0	0	0	nan	0	0	0	0.013367	0.000173	0.013367	0.000173	0.245626	0.003179
443	A	21827	519591	493561	0.044224	20677	304	519591	130	360532	336025	0.000387	59039	986	359072	0	0	0	nan	0	0	0	0.043837	0.000301	0.043837	0.000301	0.805529	0.005531
444	C	12041	519591	494869	0.024332	20642	304	519591	144	360846	338517	0.000425	59039	988	359406	0	0	0	nan	0	0	0	0.023906	0.000225	0.023906	0.000225	0.439286	0.004135
445	G	2031	519591	504086	0.004029	20579	304	519591	490	361037	343166	0.001428	59036	990	359609	0	0	0	nan	0	0	0	0.002601	0.000110	0.002601	0.000110	0.047795	0.002021
446	C	11918	519591	499468	0.023861	20491	304	519591	192	361256	341182	0.000563	59030	993	359841	0	0	0	nan	0	0	0	0.023299	0.000222	0.023299	0.000222	0.428132	0.004079
447	C	8804	519591	500108	0.017604	20301	304	519591	217	361695	342411	0.000634	59015	999	360291	0	0	0	nan	0	0	0	0.016970	0.000192	0.016970	0.000192	0.311833	0.003528
448	G	739	519591	499799	0.001479	20290	304	519591	139	362136	346425	0.000401	59015	1003	360741	0	0	0	nan	0	0	0	0.001077	0.000064	0.001077	0.000064	0.019790	0.001176
449	A	16733	519591	501889	0.033340	20250	304	519591	110	362569	351507	0.000313	59015	1005	361185	0	0	0	nan	0	0	0	0.033027	0.000259	0.033027	0.000259	0.606890	0.004759
450	A	27372	519591	500080	0.054735	20106	304	519591	156	362861	349374	0.000447	59007	1008	361490	0	0	0	nan	0	0	0	0.054289	0.000333	0.054289	0.000333	0.997591	0.006119
451	C	30924	519591	503860	0.061374	19734	304	519591	177	363027	349117	0.000507	58975	1009	361669	0	0	0	nan	0	0	0	0.060867	0.000351	0.060867	0.000351	1.118465	0.006450
452	A	26085	519591	509278	0.051220	19685	304	519591	470	363012	347047	0.001354	58975	1008	361669	0	0	0	nan	0	0	0	0.049865	0.000323	0.049865	0.000323	0.916297	0.005935
453	U	0	519591	514481	0.000000	19655	304	519591	0	362997	350192	0.000000	58975	1008	361669	0	0	0	nan	0	0	0	0.000000	0.000000	0.000000	0.000000	0.000000	0.000000
454	g	0	519591	0	nan	19419	304	519591	0	362994	0	nan	58972	1008	361669	0	0	0	nan	0	0	0	nan	nan	nan	nan	nan	nan
455	a	0	519591	0	nan	19411	304	519591	0	362954	0	nan	58972	1008	361669	0	0	0	nan	0	0	0	nan	nan	nan	nan	nan	nan
456	u	0	519591	0	nan	19300	304	519591	0	362928	0	nan	58967	1008	361669	0	0	0	nan	0	0	0	nan	nan	nan	nan	nan	nan
457	c	0	519591	0	nan	19208	304	519591	0	362632	0	nan	58958	1008	361669	0	0	0	nan	0	0	0	nan	nan	nan	nan	nan	nan
458	g	0	519591	0	nan	19007	304	519591	0	362623	0	nan	58938	1008	361669	0	0	0	nan	0	0	0	nan	nan	nan	nan	nan	nan
459	a	0	519591	0	nan	18941	304	519591	0	361767	0	nan	58937	1008	361669	0	0	0	nan	0	0	0	nan	nan	nan	nan	nan	nan
460	c	0	519591	0	nan	18782	304	519591	0	361685	0	nan	58918	1008	361669	0	0	0	nan	0	0	0	nan	nan	nan	nan	nan	nan
461	u	0	519591	0	nan	18761	304	519591	0	361679	0	nan	58918	1008	361669	0	0	0	nan	0	0	0	nan	nan	nan	nan	nan	nan
462	a	0	519591	0	nan	18591	304	519591	0	361670	0	nan	58875	1008	361669	0	0	0	nan	0	0	0	nan	nan	nan	nan	nan	nan
463	u	0	519591	0	nan	18538	304	519591	0	361669	0	nan	58875	1008	361669	0	0	0	nan	0	0	0	nan	nan	nan	nan	nan	nan
464	u	0	519467	0	nan	18537	304	519467	0	361645	0	nan	58874	1008	361645	0	0	0	nan	0	0	0	nan	nan	nan	nan	nan	nan
465	u	0	519102	0	nan	18536	304	519102	0	361600	0	nan	58874	1008	361600	0	0	0	nan	0	0	0	nan	nan	nan	nan	nan	nan
466	c	0	519091	0	nan	18536	304	519091	0	361506	0	nan	58874	1007	361506	0	0	0	nan	0	0	0	nan	nan	nan	nan	nan	nan
467	g	0	519076	0	nan	18535	304	519076	0	361504	0	nan	58874	1007	361504	0	0	0	nan	0	0	0	nan	nan	nan	nan	nan	nan
468	g	0	518058	0	nan	18533	304	518058	0	361272	0	nan	58873	1007	361272	0	0	0	nan	0	0	0	nan	nan	nan	nan	nan	nan
469	a	0	518045	0	nan	18530	304	518045	0	360891	0	nan	58872	1007	360891	0	0	0	nan	0	0	0	nan	nan	nan	nan	nan	nan
470	c	0	518024	0	nan	18528	304	518024	0	360875	0	nan	58872	1007	360875	0	0	0	nan	0	0	0	nan	nan	nan	nan	nan	nan
471	g	0	517994	0	nan	18526	304	517994	0	360860	0	nan	58871	1007	360860	0	0	0	nan	0	0	0	nan	nan	nan	nan	nan	nan
472	g	0	516621	0	nan	18471	304	516621	0	360596	0	nan	58822	1006	360596	0	0	0	nan	0	0	0	nan	nan	nan	nan	nan	nan
473	c	0	514818	0	nan	18398	300	514818	0	360218	0	nan	58776	1006	360218	0	0	0	nan	0	0	0	nan	nan	nan	nan	nan	nan