Nucleotide	Sequence	Modified_mutations	Modified_read_depth	Modified_effective_depth	Modified_rate	Modified_off_target_mapped_depth	Modified_low_mapq_mapped_depth	Modified_primer_pair_1_mapped_depth	Untreated_mutations	Untreated_read_depth	Untreated_effective_depth	Untreated_rate	Untreated_off_target_mapped_depth	Untreated_low_mapq_mapped_depth	Untreated_primer_pair_1_mapped_depth	Denatured_mutations	Denatured_read_depth	Denatured_effective_depth	Denatured_rate	Denatured_off_target_mapped_depth	Denatured_low_mapq_mapped_depth	Denatured_primer_pair_1_mapped_depth	Reactivity_profile	Std_err	HQ_profile	HQ_stderr	Norm_profile	Norm_stderr
1	c	0	411580	0	nan	48441	57	411580	0	535258	0	nan	22582	955	535258	0	0	0	nan	0	0	0	nan	nan	nan	nan	nan	nan
2	c	0	412993	0	nan	48790	57	412993	0	535934	0	nan	22605	958	535934	0	0	0	nan	0	0	0	nan	nan	nan	nan	nan	nan
3	g	0	413499	0	nan	48908	57	413499	0	536195	0	nan	22622	958	536195	0	0	0	nan	0	0	0	nan	nan	nan	nan	nan	nan
4	a	0	413733	0	nan	48927	57	413733	0	536262	0	nan	22627	959	536262	0	0	0	nan	0	0	0	nan	nan	nan	nan	nan	nan
5	g	0	413983	0	nan	48974	57	413983	0	536470	0	nan	22638	959	536470	0	0	0	nan	0	0	0	nan	nan	nan	nan	nan	nan
6	u	0	414221	0	nan	48985	57	414221	0	536509	0	nan	22638	961	536509	0	0	0	nan	0	0	0	nan	nan	nan	nan	nan	nan
7	a	0	414336	0	nan	48990	57	414336	0	536532	0	nan	22638	961	536532	0	0	0	nan	0	0	0	nan	nan	nan	nan	nan	nan
8	a	0	414626	0	nan	48990	57	414626	0	536562	0	nan	22638	961	536562	0	0	0	nan	0	0	0	nan	nan	nan	nan	nan	nan
9	c	0	414734	0	nan	48996	57	414734	0	536666	0	nan	22639	961	536666	0	0	0	nan	0	0	0	nan	nan	nan	nan	nan	nan
10	c	0	414930	0	nan	49001	57	414930	0	536694	0	nan	22639	961	536694	0	0	0	nan	0	0	0	nan	nan	nan	nan	nan	nan
11	a	0	415081	0	nan	49001	57	415081	0	536756	0	nan	22640	961	536756	0	0	0	nan	0	0	0	nan	nan	nan	nan	nan	nan
12	u	0	415081	0	nan	49137	57	415081	0	536759	0	nan	22687	961	536756	0	0	0	nan	0	0	0	nan	nan	nan	nan	nan	nan
13	c	0	415081	0	nan	49460	57	415081	0	536765	0	nan	22857	961	536756	0	0	0	nan	0	0	0	nan	nan	nan	nan	nan	nan
14	a	0	415081	0	nan	49597	57	415081	0	536766	0	nan	22970	962	536756	0	0	0	nan	0	0	0	nan	nan	nan	nan	nan	nan
15	a	0	415081	0	nan	50031	57	415081	0	536770	0	nan	23053	963	536756	0	0	0	nan	0	0	0	nan	nan	nan	nan	nan	nan
16	c	0	415081	0	nan	50686	57	415081	0	536772	0	nan	23082	963	536756	0	0	0	nan	0	0	0	nan	nan	nan	nan	nan	nan
17	g	0	415081	0	nan	51120	57	415081	0	536776	0	nan	23090	963	536756	0	0	0	nan	0	0	0	nan	nan	nan	nan	nan	nan
18	g	0	415081	0	nan	52219	57	415081	0	536777	0	nan	23099	963	536756	0	0	0	nan	0	0	0	nan	nan	nan	nan	nan	nan
19	a	0	415081	0	nan	53113	57	415081	0	536779	0	nan	23117	963	536756	0	0	0	nan	0	0	0	nan	nan	nan	nan	nan	nan
20	g	0	415081	0	nan	54612	57	415081	0	536783	0	nan	23140	965	536756	0	0	0	nan	0	0	0	nan	nan	nan	nan	nan	nan
21	U	1	415081	408199	0.000002	55595	57	415081	0	536785	523867	0.000000	23160	965	536756	0	0	0	nan	0	0	0	0.000002	0.000002	0.000002	0.000002	0.000037	0.000037
22	G	1807	415081	404299	0.004469	56303	57	415081	301	536786	523979	0.000574	23207	966	536756	0	0	0	nan	0	0	0	0.003895	0.000110	0.003895	0.000110	0.072116	0.002037
23	A	20489	415081	403427	0.050787	56669	57	415081	413	536788	523577	0.000789	23308	967	536757	0	0	0	nan	0	0	0	0.049999	0.000357	0.049999	0.000357	0.925738	0.006610
24	C	26784	415081	401653	0.066684	57032	57	415081	272	536572	524080	0.000519	23330	967	536534	0	0	0	nan	0	0	0	0.066165	0.000409	0.066165	0.000409	1.225054	0.007573
25	C	18068	415081	398807	0.045305	57381	57	415081	388	536306	521639	0.000744	23366	966	536262	0	0	0	nan	0	0	0	0.044561	0.000339	0.044561	0.000339	0.825053	0.006277
26	G	2004	415081	397327	0.005044	57424	57	415081	839	535259	516954	0.001623	23388	966	535215	0	0	0	nan	0	0	0	0.003421	0.000126	0.003421	0.000126	0.063340	0.002333
27	G	3061	415081	396219	0.007726	56651	40	415081	1421	533649	513643	0.002767	23395	957	533604	0	0	0	nan	0	0	0	0.004959	0.000158	0.004959	0.000158	0.091817	0.002925
28	C	15300	415081	397573	0.038483	56371	9	415081	339	533376	516365	0.000657	23414	957	533330	0	0	0	nan	0	0	0	0.037827	0.000313	0.037827	0.000313	0.700372	0.005795
29	U	5203	415081	395091	0.013169	56920	9	415081	411	533051	514120	0.000799	23433	956	533003	0	0	0	nan	0	0	0	0.012370	0.000187	0.012370	0.000187	0.229032	0.003462
30	G	2008	415081	391882	0.005124	57231	8	415081	795	532108	505696	0.001572	23442	956	532059	0	0	0	nan	0	0	0	0.003552	0.000127	0.003552	0.000127	0.065766	0.002351
31	G	3377	415081	390982	0.008637	57327	3	415081	1348	531905	503864	0.002675	23470	956	531855	0	0	0	nan	0	0	0	0.005962	0.000166	0.005962	0.000166	0.110387	0.003074
32	C	52501	415081	393642	0.133372	57495	3	415081	500	531747	506015	0.000988	23492	956	531693	0	0	0	nan	0	0	0	0.132384	0.000584	0.132384	0.000584	2.451108	0.010813
33	G	1809	415081	401784	0.004502	57780	3	415081	683	531413	513526	0.001330	23502	957	531355	0	0	0	nan	0	0	0	0.003172	0.000117	0.003172	0.000117	0.058730	0.002166
34	G	3533	415081	402121	0.008786	58097	3	415081	1639	531322	513942	0.003189	23524	957	531257	0	0	0	nan	0	0	0	0.005597	0.000167	0.005597	0.000167	0.103629	0.003092
35	C	5414	415081	402513	0.013450	58243	3	415081	521	531194	514746	0.001012	23529	957	531127	0	0	0	nan	0	0	0	0.012438	0.000188	0.012438	0.000188	0.230291	0.003481
36	U	2626	415081	404005	0.006500	58365	3	415081	529	530990	515600	0.001026	23544	956	530921	0	0	0	nan	0	0	0	0.005474	0.000134	0.005474	0.000134	0.101352	0.002481
37	G	2939	415081	405404	0.007250	58425	3	415081	635	530482	516535	0.001229	23580	956	530411	0	0	0	nan	0	0	0	0.006020	0.000142	0.006020	0.000142	0.111461	0.002629
38	U	3173	415081	403594	0.007862	58494	3	415081	674	530202	513630	0.001312	23598	956	530127	0	0	0	nan	0	0	0	0.006550	0.000148	0.006550	0.000148	0.121274	0.002740
39	G	2123	415081	400859	0.005296	58505	3	415081	952	529732	510629	0.001864	23608	956	529651	0	0	0	nan	0	0	0	0.003432	0.000130	0.003432	0.000130	0.063544	0.002407
40	C	17714	415081	400614	0.044217	58519	3	415081	421	529650	508346	0.000828	23611	955	529564	0	0	0	nan	0	0	0	0.043389	0.000335	0.043389	0.000335	0.803353	0.006203
41	G	1698	415081	398990	0.004256	58509	3	415081	307	529545	510341	0.000602	23613	955	529386	0	0	0	nan	0	0	0	0.003654	0.000109	0.003654	0.000109	0.067654	0.002018
42	A	12475	415081	398774	0.031283	58529	3	415081	229	529479	516075	0.000444	23629	922	529299	0	0	0	nan	0	0	0	0.030840	0.000282	0.030840	0.000282	0.571007	0.005221
43	A	13062	415081	397122	0.032892	58544	3	415081	274	529409	514735	0.000532	23646	853	529221	0	0	0	nan	0	0	0	0.032359	0.000290	0.032359	0.000290	0.599131	0.005369
44	C	9044	415081	396009	0.022838	58581	3	415081	321	529335	512489	0.000626	23646	853	529145	0	0	0	nan	0	0	0	0.022212	0.000243	0.022212	0.000243	0.411258	0.004499
45	G	4327	415081	394374	0.010972	58588	2	415081	1597	529267	510647	0.003127	23657	852	529070	0	0	0	nan	0	0	0	0.007844	0.000184	0.007844	0.000184	0.145233	0.003407
46	C	5352	415081	393891	0.013588	58581	2	415081	342	529197	512832	0.000667	23675	765	528988	0	0	0	nan	0	0	0	0.012921	0.000189	0.012921	0.000189	0.239234	0.003499
47	A	20520	415081	395181	0.051926	58560	2	415081	514	529236	516615	0.000995	23688	765	528913	0	0	0	nan	0	0	0	0.050931	0.000365	0.050931	0.000365	0.942994	0.006758
48	U	9289	415081	395949	0.023460	58623	2	415081	777	529137	515125	0.001508	23694	749	528811	0	0	0	nan	0	0	0	0.021952	0.000249	0.021952	0.000249	0.406444	0.004610
49	U	13373	415081	388035	0.034463	58559	2	415081	1163	529175	513641	0.002264	23700	748	528655	0	0	0	nan	0	0	0	0.032199	0.000305	0.032199	0.000305	0.596169	0.005647
50	C	36564	415081	397054	0.092088	58549	2	415081	473	529095	512686	0.000923	23728	684	528572	0	0	0	nan	0	0	0	0.091166	0.000483	0.091166	0.000483	1.687951	0.008943
51	U	7085	415081	394613	0.017954	58522	2	415081	428	529017	511458	0.000837	23742	684	528458	0	0	0	nan	0	0	0	0.017117	0.000217	0.017117	0.000217	0.316924	0.004018
52	G	2585	415081	391280	0.006607	58431	2	415081	840	528851	507959	0.001654	23762	654	528242	0	0	0	nan	0	0	0	0.004953	0.000142	0.004953	0.000142	0.091705	0.002629
53	G	3016	415081	391456	0.007705	58332	2	415081	1182	528657	507847	0.002327	23764	634	528037	0	0	0	nan	0	0	0	0.005377	0.000156	0.005377	0.000156	0.099556	0.002888
54	C	5060	415081	392005	0.012908	58297	2	415081	271	528561	507845	0.000534	23776	634	527915	0	0	0	nan	0	0	0	0.012374	0.000184	0.012374	0.000184	0.229106	0.003407
55	G	2207	415081	379900	0.005809	58211	2	415081	728	528457	495606	0.001469	23775	615	527784	0	0	0	nan	0	0	0	0.004341	0.000135	0.004341	0.000135	0.080374	0.002500
56	A	30356	415081	379314	0.080029	58057	2	415081	321	528256	491940	0.000653	23792	615	527562	0	0	0	nan	0	0	0	0.079376	0.000461	0.079376	0.000461	1.469658	0.008535
57	A	28284	415081	382393	0.073966	58012	2	415081	517	528118	492332	0.001050	23812	604	527398	0	0	0	nan	0	0	0	0.072916	0.000442	0.072916	0.000442	1.350050	0.008184
58	U	5197	415081	388570	0.013375	57969	2	415081	682	527921	499560	0.001365	23819	604	527175	0	0	0	nan	0	0	0	0.012009	0.000193	0.012009	0.000193	0.222348	0.003573
59	U	4570	415081	395531	0.011554	57866	2	415081	1137	527767	507882	0.002239	23819	600	526991	0	0	0	nan	0	0	0	0.009315	0.000183	0.009315	0.000183	0.172469	0.003388
60	C	4702	415081	397719	0.011822	57856	2	415081	382	527678	510256	0.000749	23819	578	526887	0	0	0	nan	0	0	0	0.011074	0.000177	0.011074	0.000177	0.205037	0.003277
61	U	2685	415081	397585	0.006753	57899	2	415081	769	527620	509393	0.001510	23806	578	526809	0	0	0	nan	0	0	0	0.005244	0.000141	0.005244	0.000141	0.097093	0.002611
62	C	6276	415081	396079	0.015845	57902	2	415081	400	527556	510197	0.000784	23809	577	526721	0	0	0	nan	0	0	0	0.015061	0.000204	0.015061	0.000204	0.278856	0.003777
63	A	7057	415081	397266	0.017764	57933	2	415081	275	527508	510072	0.000539	23804	558	526636	0	0	0	nan	0	0	0	0.017225	0.000214	0.017225	0.000214	0.318923	0.003962
64	C	19376	415081	393374	0.049256	57940	2	415081	384	527500	506809	0.000758	23810	558	526540	0	0	0	nan	0	0	0	0.048498	0.000356	0.048498	0.000356	0.897947	0.006591
65	G	2329	415081	393845	0.005913	57904	2	415081	715	527448	503040	0.001421	23812	556	526409	0	0	0	nan	0	0	0	0.004492	0.000134	0.004492	0.000134	0.083170	0.002481
66	G	2818	415081	392569	0.007178	57878	2	415081	1383	527414	502084	0.002755	23914	543	526309	0	0	0	nan	0	0	0	0.004424	0.000154	0.004424	0.000154	0.081911	0.002851
67	C	29992	415081	390852	0.076735	57851	2	415081	21380	527366	504156	0.042408	23925	532	526236	0	0	0	nan	0	0	0	0.034327	0.000530	0.034327	0.000530	0.635569	0.009813
68	U	4112	415081	394939	0.010412	57848	2	415081	838	527323	510215	0.001642	23928	531	526162	0	0	0	nan	0	0	0	0.008769	0.000172	0.008769	0.000172	0.162359	0.003185
69	U	8283	415081	394773	0.020982	57816	2	415081	600	527264	510589	0.001175	23915	529	526089	0	0	0	nan	0	0	0	0.019807	0.000235	0.019807	0.000235	0.366729	0.004351
70	U	9470	415081	393693	0.024054	57842	2	415081	1822	527206	512098	0.003558	23923	529	526021	0	0	0	nan	0	0	0	0.020496	0.000261	0.020496	0.000261	0.379486	0.004832
71	C	22199	415081	396870	0.055935	57998	2	415081	226	527199	514237	0.000439	23953	491	525970	0	0	0	nan	0	0	0	0.055496	0.000377	0.055496	0.000377	1.027516	0.006980
72	C	18653	415081	401744	0.046430	57944	2	415081	274	527109	511837	0.000535	23956	467	525849	0	0	0	nan	0	0	0	0.045895	0.000341	0.045895	0.000341	0.849752	0.006314
73	G	2751	415081	402409	0.006836	57903	2	415081	1341	527062	510544	0.002627	23965	462	525686	0	0	0	nan	0	0	0	0.004210	0.000149	0.004210	0.000149	0.077949	0.002759
74	C	4765	415081	401440	0.011870	58067	2	415081	382	526954	508727	0.000751	23986	463	525549	0	0	0	nan	0	0	0	0.011119	0.000176	0.011119	0.000176	0.205870	0.003259
75	C	5226	415081	402745	0.012976	58020	2	415081	537	526925	513546	0.001046	23991	463	525417	0	0	0	nan	0	0	0	0.011930	0.000185	0.011930	0.000185	0.220886	0.003425
76	U	3963	415081	401666	0.009866	58094	2	415081	487	526769	512738	0.000950	23996	461	525167	0	0	0	nan	0	0	0	0.008917	0.000163	0.008917	0.000163	0.165099	0.003018
77	G	1196	415081	395955	0.003021	58417	2	415081	369	526773	506903	0.000728	24041	459	524993	0	0	0	nan	0	0	0	0.002293	0.000095	0.002293	0.000095	0.042455	0.001759
78	A	19434	415081	397718	0.048864	58305	2	415081	419	526724	503305	0.000832	24050	459	524835	0	0	0	nan	0	0	0	0.048031	0.000353	0.048031	0.000353	0.889301	0.006536
79	G	2068	415081	396798	0.005212	58661	2	415081	766	526946	501765	0.001527	24061	453	524739	0	0	0	nan	0	0	0	0.003685	0.000127	0.003685	0.000127	0.068228	0.002351
80	G	3084	415081	400656	0.007697	58680	2	415081	1004	527081	507410	0.001979	24075	452	524661	0	0	0	nan	0	0	0	0.005719	0.000152	0.005719	0.000152	0.105888	0.002814
81	U	3663	415081	398802	0.009185	58593	2	415081	580	527104	509305	0.001139	24078	452	524563	0	0	0	nan	0	0	0	0.008046	0.000159	0.008046	0.000159	0.148973	0.002944
82	U	3279	415081	397395	0.008251	58487	2	415081	394	526983	509601	0.000773	24088	452	524381	0	0	0	nan	0	0	0	0.007478	0.000149	0.007478	0.000149	0.138456	0.002759
83	G	1862	415081	383415	0.004856	58366	2	415081	295	526785	504614	0.000585	24063	430	524073	0	0	0	nan	0	0	0	0.004272	0.000118	0.004272	0.000118	0.079097	0.002185
84	A	16822	415081	377197	0.044597	58205	2	415081	372	526650	502287	0.000741	24065	430	523923	0	0	0	nan	0	0	0	0.043857	0.000346	0.043857	0.000346	0.812018	0.006406
85	A	17381	415081	374877	0.046365	58427	2	415081	302	526400	501933	0.000602	24066	430	523640	0	0	0	nan	0	0	0	0.045763	0.000353	0.045763	0.000353	0.847308	0.006536
86	G	2710	415081	377814	0.007173	59685	5	415081	290	526327	503415	0.000576	24198	430	523529	0	0	0	nan	0	0	0	0.006597	0.000142	0.006597	0.000142	0.122144	0.002629
87	A	31117	415081	379831	0.081923	59582	5	415081	438	522347	501117	0.000874	24205	430	519501	0	0	0	nan	0	0	0	0.081049	0.000466	0.081049	0.000466	1.500633	0.008628
88	G	2084	415081	381812	0.005458	59564	5	415081	731	522345	499980	0.001462	24178	424	519382	0	0	0	nan	0	0	0	0.003996	0.000131	0.003996	0.000131	0.073986	0.002425
89	C	8062	415081	377738	0.021343	59521	5	415081	513	522331	501277	0.001023	24178	424	519212	0	0	0	nan	0	0	0	0.020319	0.000242	0.020319	0.000242	0.376209	0.004481
90	A	18347	415081	377794	0.048564	59474	5	415081	196	522413	502620	0.000390	24172	422	519119	0	0	0	nan	0	0	0	0.048174	0.000360	0.048174	0.000360	0.891948	0.006665
91	A	18259	415081	380665	0.047966	59699	5	415081	192	522433	504441	0.000381	24606	421	518985	0	0	0	nan	0	0	0	0.047585	0.000356	0.047585	0.000356	0.881043	0.006591
92	G	1809	415081	384154	0.004709	59636	5	415081	774	522342	499565	0.001549	24613	399	518747	0	0	0	nan	0	0	0	0.003160	0.000124	0.003160	0.000124	0.058508	0.002296
93	C	7344	415081	386545	0.018999	59577	6	415081	651	522131	496788	0.001310	24805	397	518475	0	0	0	nan	0	0	0	0.017689	0.000228	0.017689	0.000228	0.327514	0.004221
94	C	17107	415081	386745	0.044233	59509	6	415081	292	522022	498103	0.000586	24806	397	518330	0	0	0	nan	0	0	0	0.043647	0.000340	0.043647	0.000340	0.808130	0.006295
95	G	6585	415081	386306	0.017046	59541	7	415081	9611	521993	499563	0.019239	24831	374	518261	0	0	0	nan	0	0	0	-0.002193	0.000287	-0.002193	0.000287	-0.040604	0.005314
96	C	13778	415081	385861	0.035707	111329	289	415081	13127	527875	506262	0.025929	104567	434	518211	0	0	0	nan	0	0	0	0.009778	0.000379	0.009778	0.000379	0.181041	0.007017
97	C	11514	415081	388771	0.029616	111572	289	415081	655	527838	507660	0.001290	104628	432	518154	0	0	0	nan	0	0	0	0.028326	0.000281	0.028326	0.000281	0.524460	0.005203
98	G	1654	415081	386784	0.004276	112662	291	415081	475	527851	508567	0.000934	104728	417	518081	0	0	0	nan	0	0	0	0.003342	0.000114	0.003342	0.000114	0.061878	0.002111
99	A	11776	415081	388457	0.030315	112673	291	415081	322	527864	512982	0.000628	104702	405	518038	0	0	0	nan	0	0	0	0.029687	0.000282	0.029687	0.000282	0.549659	0.005221
100	U	5841	415081	387672	0.015067	112983	292	415081	450	527864	512878	0.000877	104719	399	517990	0	0	0	nan	0	0	0	0.014189	0.000201	0.014189	0.000201	0.262711	0.003722
101	A	22770	415081	383953	0.059304	115320	295	415081	375	527902	512105	0.000732	104895	388	517972	0	0	0	nan	0	0	0	0.058572	0.000395	0.058572	0.000395	1.084469	0.007313
102	C	34016	415081	389481	0.087337	116388	295	415081	324	527882	510395	0.000635	104933	358	517917	0	0	0	nan	0	0	0	0.086702	0.000475	0.086702	0.000475	1.605299	0.008795
103	A	24442	415081	392027	0.062348	116925	295	415081	777	527856	510724	0.001521	105003	356	517879	0	0	0	nan	0	0	0	0.060826	0.000403	0.060826	0.000403	1.126202	0.007462
104	U	7159	415081	392154	0.018256	117454	295	415081	909	527864	511440	0.001777	105023	356	517848	0	0	0	nan	0	0	0	0.016478	0.000224	0.016478	0.000224	0.305092	0.004147
105	U	6021	415081	389661	0.015452	117675	295	415081	422	527850	509916	0.000828	105026	355	517812	0	0	0	nan	0	0	0	0.014624	0.000203	0.014624	0.000203	0.270765	0.003759
106	G	2794	415081	389227	0.007178	117653	295	415081	1284	527875	509904	0.002518	104958	335	517783	0	0	0	nan	0	0	0	0.004660	0.000153	0.004660	0.000153	0.086281	0.002833
107	C	9701	415081	391186	0.024799	117646	295	415081	572	527899	511731	0.001118	104915	326	517760	0	0	0	nan	0	0	0	0.023681	0.000256	0.023681	0.000256	0.438457	0.004740
108	C	9933	415081	394848	0.025157	117590	295	415081	389	527927	515507	0.000755	104902	326	517719	0	0	0	nan	0	0	0	0.024402	0.000255	0.024402	0.000255	0.451806	0.004721
109	U	5122	415081	382297	0.013398	117455	295	415081	455	527972	515780	0.000882	104804	310	517697	0	0	0	nan	0	0	0	0.012516	0.000192	0.012516	0.000192	0.231735	0.003555
110	A	29208	415081	386889	0.075495	117341	295	415081	443	527987	515297	0.000860	104761	227	517664	0	0	0	nan	0	0	0	0.074635	0.000444	0.074635	0.000444	1.381877	0.008221
111	U	8670	415081	383797	0.022590	117371	295	415081	591	527978	515100	0.001147	104762	215	517636	0	0	0	nan	0	0	0	0.021443	0.000247	0.021443	0.000247	0.397020	0.004573
112	G	1412	415081	377049	0.003745	117282	295	415081	411	527955	514116	0.000799	104670	208	517582	0	0	0	nan	0	0	0	0.002945	0.000107	0.002945	0.000107	0.054527	0.001981
113	U	4540	415081	376546	0.012057	117164	295	415081	2027	527940	509001	0.003982	104635	194	517545	0	0	0	nan	0	0	0	0.008075	0.000200	0.008075	0.000200	0.149510	0.003703
114	C	9187	415081	374786	0.024513	117034	295	415081	325	527908	508495	0.000639	104599	193	517490	0	0	0	nan	0	0	0	0.023874	0.000258	0.023874	0.000258	0.442030	0.004777
115	C	8320	415081	363537	0.022886	116803	295	415081	366	527922	508990	0.000719	104599	193	517443	0	0	0	nan	0	0	0	0.022167	0.000254	0.022167	0.000254	0.410425	0.004703
116	U	3402	415081	346746	0.009811	116589	295	415081	694	527921	511298	0.001357	104534	193	517362	0	0	0	nan	0	0	0	0.008454	0.000176	0.008454	0.000176	0.156527	0.003259
117	G	2348	415081	336641	0.006975	116234	295	415081	1850	527868	511406	0.003617	104528	193	517257	0	0	0	nan	0	0	0	0.003357	0.000167	0.003357	0.000167	0.062155	0.003092
118	C	31495	415081	318327	0.098939	115952	295	415081	492	527834	510482	0.000964	104527	193	517174	0	0	0	nan	0	0	0	0.097975	0.000559	0.097975	0.000559	1.814021	0.010350
119	G	2775	415081	301412	0.009207	115697	295	415081	1726	527774	510725	0.003380	104513	192	517093	0	0	0	nan	0	0	0	0.005827	0.000193	0.005827	0.000193	0.107888	0.003573
120	C	3958	415081	283011	0.013985	115455	295	415081	320	527743	508905	0.000629	104483	171	517046	0	0	0	nan	0	0	0	0.013357	0.000225	0.013357	0.000225	0.247307	0.004166
121	A	10862	415081	278032	0.039067	115152	295	415081	370	527723	508104	0.000728	104458	171	516954	0	0	0	nan	0	0	0	0.038339	0.000377	0.038339	0.000377	0.709852	0.006980
122	C	10970	415081	277032	0.039598	114885	289	415081	319	527699	507828	0.000628	104458	166	516912	0	0	0	nan	0	0	0	0.038970	0.000380	0.038970	0.000380	0.721535	0.007036
123	A	9155	415081	263421	0.034754	114643	283	415081	277	527623	506938	0.000546	104457	154	516834	0	0	0	nan	0	0	0	0.034208	0.000365	0.034208	0.000365	0.633366	0.006758
124	A	19748	415081	270942	0.072886	114309	241	415081	439	527549	507563	0.000865	104454	137	516759	0	0	0	nan	0	0	0	0.072022	0.000520	0.072022	0.000520	1.333497	0.009628
125	G	8666	415081	279304	0.031027	114169	208	415081	1263	527489	509099	0.002481	104452	128	516672	0	0	0	nan	0	0	0	0.028546	0.000341	0.028546	0.000341	0.528533	0.006314
126	A	17806	415081	294335	0.060496	113951	164	415081	454	527448	511439	0.000888	104408	122	516630	0	0	0	nan	0	0	0	0.059608	0.000455	0.059608	0.000455	1.103650	0.008424
127	A	11827	415081	277804	0.042573	113785	118	415081	287	527393	511896	0.000561	104379	115	516588	0	0	0	nan	0	0	0	0.042013	0.000393	0.042013	0.000393	0.777876	0.007276
128	A	8899	415081	271966	0.032721	113575	85	415081	313	527235	509778	0.000614	104368	105	516470	0	0	0	nan	0	0	0	0.032107	0.000349	0.032107	0.000349	0.594466	0.006462
129	G	1391	415081	272433	0.005106	113456	75	415081	862	527135	507988	0.001697	104365	103	516342	0	0	0	nan	0	0	0	0.003409	0.000149	0.003409	0.000149	0.063118	0.002759
130	C	1395	415081	308054	0.004528	113228	55	415081	322	526992	508833	0.000633	104351	99	516210	0	0	0	nan	0	0	0	0.003896	0.000126	0.003896	0.000126	0.072135	0.002333
131	G	2644	415081	308958	0.008558	113021	45	415081	1262	526978	508871	0.002480	104335	97	516159	0	0	0	nan	0	0	0	0.006078	0.000180	0.006078	0.000180	0.112535	0.003333
132	G	777	415081	313112	0.002482	112729	33	415081	573	526862	506999	0.001130	104291	97	516047	0	0	0	nan	0	0	0	0.001351	0.000101	0.001351	0.000101	0.025014	0.001870
133	U	2922	415081	262245	0.011142	112494	16	415081	321	526800	503339	0.000638	104286	78	515991	0	0	0	nan	0	0	0	0.010505	0.000209	0.010505	0.000209	0.194502	0.003870
134	A	12350	415081	261390	0.047247	111995	8	415081	524	526670	502918	0.001042	104286	78	515877	0	0	0	nan	0	0	0	0.046205	0.000428	0.046205	0.000428	0.855492	0.007924
135	U	3056	415081	268136	0.011397	111856	7	415081	460	526620	490683	0.000937	104286	78	515827	0	0	0	nan	0	0	0	0.010460	0.000211	0.010460	0.000211	0.193668	0.003907
136	G	1074	415081	318424	0.003373	111889	6	415081	377	526541	492308	0.000766	104286	76	515760	0	0	0	nan	0	0	0	0.002607	0.000110	0.002607	0.000110	0.048269	0.002037
137	G	934	415081	311567	0.002998	112376	6	415081	467	526504	492112	0.000949	104529	76	515710	0	0	0	nan	0	0	0	0.002049	0.000107	0.002049	0.000107	0.037938	0.001981
138	A	7965	415081	312656	0.025475	112180	6	415081	419	526376	501702	0.000835	104529	76	515589	0	0	0	nan	0	0	0	0.024640	0.000288	0.024640	0.000288	0.456213	0.005332
139	C	9144	415081	317088	0.028837	112076	5	415081	1282	526202	504203	0.002543	104492	76	515417	0	0	0	nan	0	0	0	0.026295	0.000310	0.026295	0.000310	0.486856	0.005740
140	C	22855	415081	339775	0.067265	111917	4	415081	522	526061	506192	0.001031	104506	55	515291	0	0	0	nan	0	0	0	0.066234	0.000447	0.066234	0.000447	1.226332	0.008276
141	G	1758	415081	335823	0.005235	111882	4	415081	1171	525946	505176	0.002318	104507	41	515162	0	0	0	nan	0	0	0	0.002917	0.000142	0.002917	0.000142	0.054009	0.002629
142	G	2661	415081	320516	0.008302	111796	4	415081	2160	525877	502769	0.004296	104505	22	515091	0	0	0	nan	0	0	0	0.004006	0.000186	0.004006	0.000186	0.074172	0.003444
143	C	9399	415081	305326	0.030783	111740	4	415081	328	525775	499215	0.000657	104505	22	514982	0	0	0	nan	0	0	0	0.030126	0.000320	0.030126	0.000320	0.557787	0.005925
144	A	22268	415081	316828	0.070284	111669	4	415081	447	525748	500047	0.000894	104414	22	514926	0	0	0	nan	0	0	0	0.069390	0.000473	0.069390	0.000473	1.284765	0.008758
145	C	31604	415081	341293	0.092601	111638	2	415081	589	525679	500959	0.001176	104267	22	514847	0	0	0	nan	0	0	0	0.091425	0.000523	0.091425	0.000523	1.692746	0.009683
146	C	11327	415081	360647	0.031407	111632	2	415081	297	525603	505941	0.000587	104267	20	514770	0	0	0	nan	0	0	0	0.030820	0.000297	0.030820	0.000297	0.570637	0.005499
147	C	7922	415081	329977	0.024008	111557	2	415081	397	525511	508126	0.000781	104274	21	514681	0	0	0	nan	0	0	0	0.023226	0.000273	0.023226	0.000273	0.430033	0.005055
148	A	10148	415081	323308	0.031388	111444	2	415081	156	525444	505697	0.000308	104235	16	514619	0	0	0	nan	0	0	0	0.031080	0.000313	0.031080	0.000313	0.575450	0.005795
149	G	2153	415081	329793	0.006528	111355	1	415081	1106	525325	504998	0.002190	104201	13	514505	0	0	0	nan	0	0	0	0.004338	0.000155	0.004338	0.000155	0.080319	0.002870
150	C	2319	415081	362272	0.006401	111226	1	415081	388	525211	504653	0.000769	104203	13	514392	0	0	0	nan	0	0	0	0.005632	0.000139	0.005632	0.000139	0.104277	0.002574
151	C	10567	415081	370246	0.028540	111033	1	415081	238	525098	506401	0.000470	104166	13	514274	0	0	0	nan	0	0	0	0.028071	0.000279	0.028071	0.000279	0.519738	0.005166
152	G	4251	415081	345150	0.012316	110843	1	415081	2976	524959	503827	0.005907	104138	13	514143	0	0	0	nan	0	0	0	0.006410	0.000218	0.006410	0.000218	0.118682	0.004036
153	C	23115	415081	343888	0.067217	110559	1	415081	9688	524882	502955	0.019262	104147	6	514075	0	0	0	nan	0	0	0	0.047954	0.000483	0.047954	0.000483	0.887875	0.008943
154	U	2564	415081	337085	0.007606	110413	1	415081	928	524773	503141	0.001844	104178	6	513987	0	0	0	nan	0	0	0	0.005762	0.000162	0.005762	0.000162	0.106684	0.002999
155	U	2997	415081	354103	0.008464	110257	1	415081	849	524691	501236	0.001694	104178	6	513913	0	0	0	nan	0	0	0	0.006770	0.000165	0.006770	0.000165	0.125347	0.003055
156	G	2258	415081	333783	0.006765	110138	1	415081	702	524618	501715	0.001399	104195	6	513850	0	0	0	nan	0	0	0	0.005366	0.000152	0.005366	0.000152	0.099352	0.002814
157	U	4245	415081	343772	0.012348	110038	1	415081	694	524541	502431	0.001381	104179	5	513774	0	0	0	nan	0	0	0	0.010967	0.000197	0.010967	0.000197	0.203056	0.003647
158	G	1757	415081	337051	0.005213	109948	1	415081	843	524465	504684	0.001670	104192	5	513698	0	0	0	nan	0	0	0	0.003543	0.000137	0.003543	0.000137	0.065599	0.002537
159	C	8236	415081	366157	0.022493	109821	1	415081	5095	524375	507388	0.010042	104166	5	513609	0	0	0	nan	0	0	0	0.012451	0.000285	0.012451	0.000285	0.230532	0.005277
160	U	4919	415081	364037	0.013512	109715	1	415081	812	524297	506412	0.001603	104168	6	513534	0	0	0	nan	0	0	0	0.011909	0.000201	0.011909	0.000201	0.220497	0.003722
161	U	6263	415081	365973	0.017113	109567	1	415081	873	524150	505902	0.001726	104149	6	513389	0	0	0	nan	0	0	0	0.015388	0.000224	0.015388	0.000224	0.284911	0.004147
162	C	14080	415081	358691	0.039254	109318	1	415081	404	523900	500668	0.000807	104122	6	513151	0	0	0	nan	0	0	0	0.038447	0.000333	0.038447	0.000333	0.711851	0.006166
163	A	13493	415081	361109	0.037365	109147	1	415081	292	523801	499468	0.000585	104104	6	513062	0	0	0	nan	0	0	0	0.036781	0.000323	0.036781	0.000323	0.681005	0.005980
164	G	1830	415081	364255	0.005024	109031	1	415081	738	523720	499500	0.001477	104136	6	512977	0	0	0	nan	0	0	0	0.003546	0.000129	0.003546	0.000129	0.065655	0.002388
165	C	11280	415081	352995	0.031955	108883	1	415081	345	523604	496059	0.000695	104132	5	512875	0	0	0	nan	0	0	0	0.031260	0.000303	0.031260	0.000303	0.578783	0.005610
166	U	4638	415081	339854	0.013647	108724	1	415081	881	523493	499210	0.001765	104124	5	512765	0	0	0	nan	0	0	0	0.011882	0.000209	0.011882	0.000209	0.219997	0.003870
167	C	12455	415081	340563	0.036572	108559	1	415081	312	523463	497746	0.000627	104105	5	512714	0	0	0	nan	0	0	0	0.035945	0.000330	0.035945	0.000330	0.665527	0.006110
168	G	3965	415081	332312	0.011932	108411	1	415081	1361	523406	503218	0.002705	104084	5	512652	0	0	0	nan	0	0	0	0.009227	0.000203	0.009227	0.000203	0.170839	0.003759
169	C	20150	415081	332919	0.060525	108297	1	415081	236	523409	501837	0.000470	104287	5	512646	0	0	0	nan	0	0	0	0.060055	0.000427	0.060055	0.000427	1.111927	0.007906
170	A	18363	415081	328069	0.055973	108215	1	415081	318	523358	502086	0.000633	104244	5	512599	0	0	0	nan	0	0	0	0.055340	0.000415	0.055340	0.000415	1.024628	0.007684
171	U	6833	415081	343525	0.019891	108166	1	415081	1151	523336	503768	0.002285	104225	4	512582	0	0	0	nan	0	0	0	0.017606	0.000250	0.017606	0.000250	0.325978	0.004629
172	C	17196	415081	349019	0.049270	108091	1	415081	267	523304	500801	0.000533	104191	5	512552	0	0	0	nan	0	0	0	0.048736	0.000377	0.048736	0.000377	0.902354	0.006980
173	A	14318	415081	359999	0.039772	107989	1	415081	267	523286	501064	0.000533	104175	5	512533	0	0	0	nan	0	0	0	0.039239	0.000334	0.039239	0.000334	0.726515	0.006184
174	A	22361	415081	368888	0.060617	107788	1	415081	217	523252	501394	0.000433	104065	5	512513	0	0	0	nan	0	0	0	0.060185	0.000406	0.060185	0.000406	1.114334	0.007517
175	C	14867	415081	369397	0.040247	107677	0	415081	222	523201	505132	0.000439	104051	6	512461	0	0	0	nan	0	0	0	0.039807	0.000331	0.039807	0.000331	0.737032	0.006129
176	G	1527	415081	348533	0.004381	107494	0	415081	363	523178	503213	0.000721	103997	6	512441	0	0	0	nan	0	0	0	0.003660	0.000118	0.003660	0.000118	0.067765	0.002185
177	U	6177	415081	345345	0.017886	107286	0	415081	2402	523118	504079	0.004765	103997	6	512396	0	0	0	nan	0	0	0	0.013121	0.000247	0.013121	0.000247	0.242937	0.004573
178	C	13295	415081	337082	0.039441	107101	0	415081	273	523018	497615	0.000549	103979	6	512318	0	0	0	nan	0	0	0	0.038893	0.000344	0.038893	0.000344	0.720109	0.006369
179	U	4847	415081	348521	0.013907	106844	0	415081	361	522563	494157	0.000731	103986	6	511983	0	0	0	nan	0	0	0	0.013177	0.000203	0.013177	0.000203	0.243974	0.003759
180	A	18048	415081	344692	0.052360	106601	0	415081	314	522363	486112	0.000646	103912	6	511865	0	0	0	nan	0	0	0	0.051714	0.000391	0.051714	0.000391	0.957492	0.007239
181	A	26525	415081	356212	0.074464	106503	0	415081	461	522316	488493	0.000944	103889	6	511870	0	0	0	nan	0	0	0	0.073520	0.000459	0.073520	0.000459	1.361233	0.008498
182	G	1938	415081	362141	0.005352	106437	0	415081	576	522313	489859	0.001176	103888	6	511904	0	0	0	nan	0	0	0	0.004176	0.000131	0.004176	0.000131	0.077319	0.002425
183	G	2988	415081	373092	0.008009	106364	0	415081	1287	522217	496191	0.002594	103888	6	511816	0	0	0	nan	0	0	0	0.005415	0.000163	0.005415	0.000163	0.100259	0.003018
184	C	12814	415081	373044	0.034350	106326	0	415081	502	522135	498215	0.001008	103903	6	511748	0	0	0	nan	0	0	0	0.033342	0.000307	0.033342	0.000307	0.617332	0.005684
185	C	21016	415081	380469	0.055237	106259	0	415081	242	521951	501278	0.000483	103892	6	511614	0	0	0	nan	0	0	0	0.054754	0.000382	0.054754	0.000382	1.013778	0.007073
186	G	5399	415081	368464	0.014653	106200	0	415081	2307	521788	500312	0.004611	103901	6	511474	0	0	0	nan	0	0	0	0.010042	0.000221	0.010042	0.000221	0.185929	0.004092
187	C	7921	415081	370747	0.021365	106100	0	415081	475	521648	498092	0.000954	103905	6	511352	0	0	0	nan	0	0	0	0.020411	0.000244	0.020411	0.000244	0.377912	0.004518
188	G	1835	415081	366389	0.005008	106012	0	415081	432	521502	493911	0.000875	103988	6	511214	0	0	0	nan	0	0	0	0.004134	0.000124	0.004134	0.000124	0.076542	0.002296
189	A	13580	415081	375695	0.036146	105917	0	415081	273	521449	493689	0.000553	103988	6	511169	0	0	0	nan	0	0	0	0.035593	0.000312	0.035593	0.000312	0.659009	0.005777
190	C	20290	415081	369792	0.054869	105816	0	415081	330	521387	492077	0.000671	104002	6	511114	0	0	0	nan	0	0	0	0.054198	0.000387	0.054198	0.000387	1.003483	0.007165
191	U	5302	415081	367484	0.014428	105724	0	415081	2642	521302	495183	0.005335	104002	7	511050	0	0	0	nan	0	0	0	0.009092	0.000224	0.009092	0.000224	0.168340	0.004147
192	C	11619	415081	374539	0.031022	105577	0	415081	349	521210	498279	0.000700	103993	7	510961	0	0	0	nan	0	0	0	0.030322	0.000290	0.030322	0.000290	0.561416	0.005369
193	U	5102	415081	377172	0.013527	105461	0	415081	496	520691	496307	0.000999	103989	7	510470	0	0	0	nan	0	0	0	0.012528	0.000195	0.012528	0.000195	0.231958	0.003610
194	A	18444	415081	383566	0.048086	105239	0	415081	408	520073	493641	0.000827	103993	7	509871	0	0	0	nan	0	0	0	0.047259	0.000356	0.047259	0.000356	0.875007	0.006591
195	G	2683	415081	375422	0.007147	105175	0	415081	529	519985	487363	0.001085	103961	5	509793	0	0	0	nan	0	0	0	0.006061	0.000146	0.006061	0.000146	0.112220	0.002703
196	A	7033	415081	380792	0.018469	105114	0	415081	385	519826	485469	0.000793	103922	5	509642	0	0	0	nan	0	0	0	0.017676	0.000224	0.017676	0.000224	0.327274	0.004147
197	G	1357	415081	380323	0.003568	105048	0	415081	350	519816	484808	0.000722	103933	5	509640	0	0	0	nan	0	0	0	0.002846	0.000104	0.002846	0.000104	0.052694	0.001926
198	U	2527	415081	392522	0.006438	104997	0	415081	1164	519826	489520	0.002378	103933	5	509672	0	0	0	nan	0	0	0	0.004060	0.000146	0.004060	0.000146	0.075171	0.002703
199	C	2434	415081	391742	0.006213	104939	0	415081	283	519871	489175	0.000579	103933	5	509727	0	0	0	nan	0	0	0	0.005635	0.000131	0.005635	0.000131	0.104333	0.002425
200	G	3369	415081	384756	0.008756	104901	0	415081	1631	519936	488947	0.003336	103958	5	509799	0	0	0	nan	0	0	0	0.005420	0.000172	0.005420	0.000172	0.100352	0.003185
201	U	3943	415081	383122	0.010292	104832	0	415081	673	519977	486236	0.001384	103988	5	509834	0	0	0	nan	0	0	0	0.008908	0.000172	0.008908	0.000172	0.164933	0.003185
202	U	6221	415081	381128	0.016323	104786	0	415081	1228	519976	487965	0.002517	104003	5	509852	0	0	0	nan	0	0	0	0.013806	0.000219	0.013806	0.000219	0.255620	0.004055
203	C	13286	415081	391779	0.033912	104713	0	415081	425	519740	493679	0.000861	103974	5	509635	0	0	0	nan	0	0	0	0.033051	0.000297	0.033051	0.000297	0.611944	0.005499
204	U	4639	415081	389568	0.011908	104670	0	415081	2858	519524	494326	0.005782	103973	5	509428	0	0	0	nan	0	0	0	0.006126	0.000206	0.006126	0.000206	0.113424	0.003814
205	A	22340	415081	387679	0.057625	104510	0	415081	358	518387	489327	0.000732	103938	6	508336	0	0	0	nan	0	0	0	0.056893	0.000387	0.056893	0.000387	1.053382	0.007165
206	G	2622	415081	382978	0.006846	104379	0	415081	746	517693	480536	0.001552	103929	6	507696	0	0	0	nan	0	0	0	0.005294	0.000145	0.005294	0.000145	0.098019	0.002685
207	G	5250	415081	384522	0.013653	104283	0	415081	1468	517306	477791	0.003072	103690	6	507394	0	0	0	nan	0	0	0	0.010581	0.000205	0.010581	0.000205	0.195909	0.003796
208	C	11113	415081	388705	0.028590	103236	0	415081	573	511971	474318	0.001208	87248	6	507140	0	0	0	nan	0	0	0	0.027382	0.000276	0.027382	0.000276	0.506981	0.005110
209	G	1882	415081	390088	0.004825	103161	0	415081	392	511842	477816	0.000820	87257	6	507040	0	0	0	nan	0	0	0	0.004004	0.000119	0.004004	0.000119	0.074135	0.002203
210	A	7399	415081	387839	0.019078	103091	0	415081	223	511630	473442	0.000471	87257	6	506851	0	0	0	nan	0	0	0	0.018606	0.000224	0.018606	0.000224	0.344493	0.004147
211	U	2960	415081	389286	0.007604	102987	0	415081	1005	511080	476680	0.002108	87257	6	506325	0	0	0	nan	0	0	0	0.005495	0.000155	0.005495	0.000155	0.101741	0.002870
212	C	5344	415081	389818	0.013709	102915	0	415081	251	510822	478376	0.000525	87261	6	506071	0	0	0	nan	0	0	0	0.013184	0.000190	0.013184	0.000190	0.244104	0.003518
213	G	3920	415081	390855	0.010029	102857	0	415081	1289	510476	482057	0.002674	87261	7	505735	0	0	0	nan	0	0	0	0.007355	0.000177	0.007355	0.000177	0.136179	0.003277
214	C	7770	415081	385566	0.020152	102733	0	415081	332	509878	475747	0.000698	87233	7	505198	0	0	0	nan	0	0	0	0.019454	0.000232	0.019454	0.000232	0.360193	0.004296
215	U	2473	415081	384437	0.006433	102663	0	415081	659	509733	475847	0.001385	87222	7	505079	0	0	0	nan	0	0	0	0.005048	0.000140	0.005048	0.000140	0.093464	0.002592
216	C	6152	415081	380075	0.016186	102623	0	415081	353	509848	477920	0.000739	87220	7	505227	0	0	0	nan	0	0	0	0.015448	0.000210	0.015448	0.000210	0.286022	0.003888
217	G	1859	415081	357863	0.005195	102578	0	415081	389	509840	475624	0.000818	87220	6	505259	0	0	0	nan	0	0	0	0.004377	0.000127	0.004377	0.000127	0.081041	0.002351
218	A	27641	415081	370907	0.074523	102529	0	415081	499	509500	480009	0.001040	87206	6	504963	0	0	0	nan	0	0	0	0.073483	0.000451	0.073483	0.000451	1.360548	0.008350
219	G	5705	415081	345765	0.016500	102510	0	415081	1237	509615	477164	0.002592	87206	6	505096	0	0	0	nan	0	0	0	0.013907	0.000231	0.013907	0.000231	0.257490	0.004277
220	A	6017	415081	346127	0.017384	102493	0	415081	430	509670	482827	0.000891	87188	6	505155	0	0	0	nan	0	0	0	0.016493	0.000228	0.016493	0.000228	0.305370	0.004221
221	A	21591	415081	350769	0.061553	102457	0	415081	295	509718	483284	0.000610	86944	6	505218	0	0	0	nan	0	0	0	0.060943	0.000420	0.060943	0.000420	1.128368	0.007776
222	A	20800	415081	361416	0.057551	102418	0	415081	211	509698	488138	0.000432	86922	6	505207	0	0	0	nan	0	0	0	0.057119	0.000400	0.057119	0.000400	1.057566	0.007406
223	A	25986	415081	370078	0.070218	102382	0	415081	339	509662	489910	0.000692	86922	6	505177	0	0	0	nan	0	0	0	0.069526	0.000437	0.069526	0.000437	1.287283	0.008091
224	C	24841	415081	379040	0.065537	102316	0	415081	263	509531	489233	0.000538	86904	6	505078	0	0	0	nan	0	0	0	0.064999	0.000417	0.064999	0.000417	1.203465	0.007721
225	A	22020	415081	387222	0.056867	102267	0	415081	314	509350	484511	0.000648	86918	6	504923	0	0	0	nan	0	0	0	0.056219	0.000385	0.056219	0.000385	1.040903	0.007128
226	U	6967	415081	390051	0.017862	102160	0	415081	407	509125	480103	0.000848	86946	6	504716	0	0	0	nan	0	0	0	0.017014	0.000218	0.017014	0.000218	0.315017	0.004036
227	G	1112	415081	387788	0.002868	102115	0	415081	293	508939	479125	0.000612	86947	6	504572	0	0	0	nan	0	0	0	0.002256	0.000093	0.002256	0.000093	0.041770	0.001722
228	A	12439	415081	389748	0.031915	101992	0	415081	402	508786	481794	0.000834	86947	6	504478	0	0	0	nan	0	0	0	0.031081	0.000289	0.031081	0.000289	0.575469	0.005351
229	G	1737	415081	389991	0.004454	101936	0	415081	674	508736	485502	0.001388	86895	6	504451	0	0	0	nan	0	0	0	0.003066	0.000119	0.003066	0.000119	0.056767	0.002203
230	G	1286	415081	387468	0.003319	101885	0	415081	423	508889	485224	0.000872	86875	5	504612	0	0	0	nan	0	0	0	0.002447	0.000102	0.002447	0.000102	0.045307	0.001889
231	A	6472	415081	381981	0.016943	101822	0	415081	225	508950	477059	0.000472	86856	5	504685	0	0	0	nan	0	0	0	0.016472	0.000213	0.016472	0.000213	0.304981	0.003944
232	U	3291	415081	378302	0.008699	101737	0	415081	856	508886	474690	0.001803	86825	5	504633	0	0	0	nan	0	0	0	0.006896	0.000164	0.006896	0.000164	0.127680	0.003036
233	C	6551	415081	376363	0.017406	101686	0	415081	252	509025	477151	0.000528	86821	5	504775	0	0	0	nan	0	0	0	0.016878	0.000218	0.016878	0.000218	0.312498	0.004036
234	A	18568	415081	379698	0.048902	101653	0	415081	327	509193	483815	0.000676	86820	5	504949	0	0	0	nan	0	0	0	0.048226	0.000361	0.048226	0.000361	0.892911	0.006684
235	C	18504	415081	383330	0.048272	101632	7	415081	678	509151	485043	0.001398	86822	5	504914	0	0	0	nan	0	0	0	0.046874	0.000359	0.046874	0.000359	0.867879	0.006647
236	C	12872	415081	383309	0.033581	101596	7	415081	338	509260	480522	0.000703	86710	5	505044	0	0	0	nan	0	0	0	0.032878	0.000298	0.032878	0.000298	0.608741	0.005518
237	C	16599	415081	386251	0.042975	101572	7	415081	268	509629	482751	0.000555	86715	5	505425	0	0	0	nan	0	0	0	0.042419	0.000335	0.042419	0.000335	0.785394	0.006203
238	A	10370	415081	388423	0.026698	101551	10	415081	209	510066	483703	0.000432	86715	5	505869	0	0	0	nan	0	0	0	0.026266	0.000264	0.026266	0.000264	0.486319	0.004888
239	U	3567	415081	391747	0.009105	101537	10	415081	547	510134	487526	0.001122	86712	4	505945	0	0	0	nan	0	0	0	0.007983	0.000160	0.007983	0.000160	0.147806	0.002962
240	G	1213	415081	389015	0.003118	101524	10	415081	342	510593	485709	0.000704	86425	4	506429	0	0	0	nan	0	0	0	0.002414	0.000097	0.002414	0.000097	0.044696	0.001796
241	U	4419	415081	389038	0.011359	101504	10	415081	2540	510769	485952	0.005227	86417	4	506621	0	0	0	nan	0	0	0	0.006132	0.000200	0.006132	0.000200	0.113535	0.003703
242	C	9429	415081	390673	0.024135	101496	10	415081	258	511162	487064	0.000530	86428	4	507018	0	0	0	nan	0	0	0	0.023606	0.000251	0.023606	0.000251	0.437068	0.004647
243	U	3147	415081	395147	0.007964	101488	10	415081	451	511487	490816	0.000919	86417	4	507350	0	0	0	nan	0	0	0	0.007045	0.000148	0.007045	0.000148	0.130439	0.002740
244	G	4653	415081	394244	0.011802	101473	10	415081	1572	512091	492271	0.003193	86432	5	507977	0	0	0	nan	0	0	0	0.008609	0.000191	0.008609	0.000191	0.159397	0.003536
245	C	10998	415081	393991	0.027914	101452	10	415081	307	512365	491630	0.000624	86426	5	508256	0	0	0	nan	0	0	0	0.027290	0.000269	0.027290	0.000269	0.505278	0.004981
246	A	27858	415081	393042	0.070878	101402	10	415081	262	512912	489877	0.000535	86425	5	508809	0	0	0	nan	0	0	0	0.070343	0.000426	0.070343	0.000426	1.302410	0.007887
247	G	3014	415081	391140	0.007706	101379	10	415081	972	513029	486367	0.001998	86418	5	508945	0	0	0	nan	0	0	0	0.005707	0.000154	0.005707	0.000154	0.105666	0.002851
248	G	5806	415081	389123	0.014921	101348	10	415081	522	513044	484016	0.001078	86401	6	508983	0	0	0	nan	0	0	0	0.013842	0.000201	0.013842	0.000201	0.256287	0.003722
249	U	3897	415081	387837	0.010048	101317	10	415081	980	513114	482419	0.002031	86394	6	509062	0	0	0	nan	0	0	0	0.008017	0.000174	0.008017	0.000174	0.148436	0.003222
250	C	4752	415081	389330	0.012206	101288	10	415081	309	513034	483344	0.000639	86404	6	509004	0	0	0	nan	0	0	0	0.011566	0.000181	0.011566	0.000181	0.214146	0.003351
251	G	1761	415081	388722	0.004530	101263	10	415081	454	513289	484708	0.000937	86407	6	509297	0	0	0	nan	0	0	0	0.003594	0.000117	0.003594	0.000117	0.066543	0.002166
252	A	7568	415081	387718	0.019519	101240	10	415081	290	513473	488583	0.000594	86377	6	509520	0	0	0	nan	0	0	0	0.018926	0.000227	0.018926	0.000227	0.350417	0.004203
253	C	10253	415081	383020	0.026769	101231	10	415081	227	513626	484851	0.000468	86378	6	509696	0	0	0	nan	0	0	0	0.026301	0.000266	0.026301	0.000266	0.486967	0.004925
254	U	5799	415081	383530	0.015120	101221	11	415081	1711	513952	485558	0.003524	86371	6	510043	0	0	0	nan	0	0	0	0.011596	0.000216	0.011596	0.000216	0.214702	0.003999
255	C	8518	415081	384916	0.022130	101213	11	415081	572	514505	488020	0.001172	86432	7	510604	0	0	0	nan	0	0	0	0.020957	0.000245	0.020957	0.000245	0.388022	0.004536
256	U	3637	415081	383587	0.009482	101207	11	415081	549	514740	493111	0.001113	86447	7	510850	0	0	0	nan	0	0	0	0.008368	0.000164	0.008368	0.000164	0.154935	0.003036
257	A	13581	415081	382496	0.035506	101192	17	415081	447	515031	496178	0.000901	86445	7	511163	0	0	0	nan	0	0	0	0.034605	0.000308	0.034605	0.000308	0.640716	0.005703
258	G	9193	415081	376589	0.024411	101183	17	415081	3747	515484	496791	0.007542	86460	7	511635	0	0	0	nan	0	0	0	0.016869	0.000283	0.016869	0.000283	0.312332	0.005240
259	A	12660	415081	375134	0.033748	101180	18	415081	348	515741	497337	0.000700	86498	9	511898	0	0	0	nan	0	0	0	0.033048	0.000302	0.033048	0.000302	0.611888	0.005592
260	A	26561	415081	377545	0.070352	101172	18	415081	380	515854	498132	0.000763	86605	9	512018	0	0	0	nan	0	0	0	0.069589	0.000433	0.069589	0.000433	1.288450	0.008017
261	A	21302	415081	384042	0.055468	101157	18	415081	544	515794	496474	0.001096	86605	9	511964	0	0	0	nan	0	0	0	0.054372	0.000383	0.054372	0.000383	1.006705	0.007091
262	C	24093	415081	385760	0.062456	101127	18	415081	284	515771	493375	0.000576	87112	22	511973	0	0	0	nan	0	0	0	0.061880	0.000404	0.061880	0.000404	1.145717	0.007480
263	G	2264	415081	384377	0.005890	101106	18	415081	738	515540	488848	0.001510	87110	34	511749	0	0	0	nan	0	0	0	0.004380	0.000136	0.004380	0.000136	0.081096	0.002518
264	C	24626	415081	381048	0.064627	101092	18	415081	2951	515332	486108	0.006071	87110	34	511551	0	0	0	nan	0	0	0	0.058556	0.000427	0.058556	0.000427	1.084172	0.007906
265	U	7359	415081	381770	0.019276	101076	18	415081	522	515228	486387	0.001073	87123	34	511461	0	0	0	nan	0	0	0	0.018203	0.000230	0.018203	0.000230	0.337031	0.004258
266	U	6005	415081	384104	0.015634	101057	18	415081	526	515221	487397	0.001079	87138	34	511473	0	0	0	nan	0	0	0	0.014555	0.000207	0.014555	0.000207	0.269488	0.003833
267	C	17079	415081	388039	0.044014	101041	18	415081	330	515576	490656	0.000673	87274	83	511858	0	0	0	nan	0	0	0	0.043341	0.000339	0.043341	0.000339	0.802465	0.006277
268	G	2433	415081	388030	0.006270	101036	18	415081	448	516434	491064	0.000912	87305	84	512756	0	0	0	nan	0	0	0	0.005358	0.000134	0.005358	0.000134	0.099204	0.002481
269	A	23470	415081	393451	0.059652	101029	18	415081	279	517191	495292	0.000563	87305	84	513527	0	0	0	nan	0	0	0	0.059088	0.000391	0.059088	0.000391	1.094022	0.007239
270	G	4723	415081	394210	0.011981	101025	18	415081	1902	517510	495406	0.003839	87319	123	513852	0	0	0	nan	0	0	0	0.008142	0.000195	0.008142	0.000195	0.150750	0.003610
271	C	5269	415081	394234	0.013365	101020	18	415081	294	517842	499596	0.000588	87319	123	514195	0	0	0	nan	0	0	0	0.012777	0.000187	0.012777	0.000187	0.236568	0.003462
272	A	9236	415081	395568	0.023349	101013	18	415081	340	518122	501002	0.000679	87319	128	514486	0	0	0	nan	0	0	0	0.022670	0.000246	0.022670	0.000246	0.419738	0.004555
273	G	1900	415081	395564	0.004803	101007	18	415081	428	518159	502568	0.000852	87355	128	514535	0	0	0	nan	0	0	0	0.003952	0.000118	0.003952	0.000118	0.073172	0.002185
274	A	7123	415081	392945	0.018127	100993	18	415081	467	518288	497549	0.000939	87355	133	514689	0	0	0	nan	0	0	0	0.017189	0.000219	0.017189	0.000219	0.318257	0.004055
275	C	5865	415081	391405	0.014984	100982	19	415081	214	518343	498576	0.000429	87364	149	514771	0	0	0	nan	0	0	0	0.014555	0.000198	0.014555	0.000198	0.269488	0.003666
276	A	11838	415081	390288	0.030331	100976	19	415081	257	518438	497874	0.000516	87364	149	514883	0	0	0	nan	0	0	0	0.029815	0.000281	0.029815	0.000281	0.552029	0.005203
277	U	3980	415081	390177	0.010200	100965	19	415081	618	518613	503600	0.001227	87364	149	515073	0	0	0	nan	0	0	0	0.008973	0.000169	0.008973	0.000169	0.166136	0.003129
278	G	3568	415081	386252	0.009237	100954	19	415081	378	518653	502230	0.000753	87353	160	515131	0	0	0	nan	0	0	0	0.008485	0.000159	0.008485	0.000159	0.157101	0.002944
279	A	26554	415081	383335	0.069271	100946	19	415081	475	518505	499531	0.000951	87353	197	515006	0	0	0	nan	0	0	0	0.068320	0.000427	0.068320	0.000427	1.264954	0.007906
280	U	6549	415081	379122	0.017274	100936	19	415081	311	518450	496676	0.000626	87378	203	514965	0	0	0	nan	0	0	0	0.016648	0.000216	0.016648	0.000216	0.308240	0.003999
281	A	16920	415081	371763	0.045513	100927	19	415081	358	518344	495328	0.000723	87372	219	514868	0	0	0	nan	0	0	0	0.044790	0.000352	0.044790	0.000352	0.829293	0.006517
282	A	23734	415081	374658	0.063348	100899	19	415081	412	518374	497512	0.000828	87359	219	514911	0	0	0	nan	0	0	0	0.062520	0.000413	0.062520	0.000413	1.157566	0.007647
283	G	3153	415081	372678	0.008460	100890	19	415081	384	518372	496815	0.000773	87359	365	514917	0	0	0	nan	0	0	0	0.007687	0.000156	0.007687	0.000156	0.142326	0.002888
284	A	20780	415081	371682	0.055908	100884	19	415081	360	518411	495126	0.000727	87359	365	514965	0	0	0	nan	0	0	0	0.055181	0.000390	0.055181	0.000390	1.021684	0.007221
285	U	8373	415081	372829	0.022458	100866	19	415081	386	518521	496578	0.000777	87360	368	515102	0	0	0	nan	0	0	0	0.021681	0.000249	0.021681	0.000249	0.401427	0.004610
286	A	21090	415081	365273	0.057738	100857	19	415081	472	518794	497621	0.000949	87359	368	515388	0	0	0	nan	0	0	0	0.056789	0.000400	0.056789	0.000400	1.051456	0.007406
287	C	28142	415081	378834	0.074286	100837	19	415081	368	518903	500211	0.000736	87363	372	515515	0	0	0	nan	0	0	0	0.073550	0.000444	0.073550	0.000444	1.361788	0.008221
288	A	26249	415081	382104	0.068696	100821	19	415081	303	518952	494954	0.000612	87361	417	515578	0	0	0	nan	0	0	0	0.068084	0.000425	0.068084	0.000425	1.260585	0.007869
289	U	7666	415081	383307	0.020000	100802	19	415081	525	518941	494312	0.001062	87361	431	515584	0	0	0	nan	0	0	0	0.018938	0.000233	0.018938	0.000233	0.350640	0.004314
290	U	7472	415081	380491	0.019638	100781	19	415081	376	519201	493356	0.000762	87486	450	515859	0	0	0	nan	0	0	0	0.018876	0.000231	0.018876	0.000231	0.349492	0.004277
291	G	3898	415081	381732	0.010211	100752	19	415081	312	519264	494242	0.000631	87496	450	515935	0	0	0	nan	0	0	0	0.009580	0.000167	0.009580	0.000167	0.177375	0.003092
292	A	25083	415081	390506	0.064232	100712	19	415081	436	519405	494472	0.000882	87487	450	516087	0	0	0	nan	0	0	0	0.063350	0.000408	0.063350	0.000408	1.172934	0.007554
293	U	6383	415081	390877	0.016330	100647	20	415081	370	519657	493318	0.000750	87495	451	516346	0	0	0	nan	0	0	0	0.015580	0.000208	0.015580	0.000208	0.288466	0.003851
294	G	2109	415081	384903	0.005479	100519	20	415081	383	519775	488471	0.000784	87486	451	516475	0	0	0	nan	0	0	0	0.004695	0.000126	0.004695	0.000126	0.086929	0.002333
295	A	25419	415081	390318	0.065124	100357	20	415081	390	509602	482515	0.000808	87485	459	506317	0	0	0	nan	0	0	0	0.064316	0.000411	0.064316	0.000411	1.190820	0.007610
296	G	8639	415081	383688	0.022516	100203	20	415081	2638	509833	478718	0.005511	87485	460	506565	0	0	0	nan	0	0	0	0.017005	0.000265	0.017005	0.000265	0.314850	0.004907
297	U	5110	415081	374401	0.013648	100043	20	415081	786	510303	478126	0.001644	87493	460	507054	0	0	0	nan	0	0	0	0.012005	0.000200	0.012005	0.000200	0.222274	0.003703
298	U	5814	415081	371903	0.015633	99977	20	415081	227	510429	476481	0.000476	87503	481	507197	0	0	0	nan	0	0	0	0.015157	0.000207	0.015157	0.000207	0.280634	0.003833
299	U	5967	415081	373697	0.015967	99854	20	415081	379	510714	474075	0.000799	87536	485	507490	0	0	0	nan	0	0	0	0.015168	0.000211	0.015168	0.000211	0.280838	0.003907
300	G	2472	415081	380799	0.006492	99755	20	415081	723	510829	481270	0.001502	87546	485	507617	0	0	0	nan	0	0	0	0.004989	0.000142	0.004989	0.000142	0.092372	0.002629
301	G	1391	415081	379312	0.003667	99682	20	415081	403	511003	483889	0.000833	87561	489	507798	0	0	0	nan	0	0	0	0.002834	0.000107	0.002834	0.000107	0.052472	0.001981
302	A	8252	415081	373491	0.022094	99571	20	415081	466	511190	481333	0.000968	87560	489	507990	0	0	0	nan	0	0	0	0.021126	0.000247	0.021126	0.000247	0.391151	0.004573
303	C	19696	415081	365001	0.053961	99436	20	415081	914	511318	483750	0.001889	87560	489	508127	0	0	0	nan	0	0	0	0.052072	0.000390	0.052072	0.000390	0.964120	0.007221
304	A	15574	415081	358369	0.043458	99347	20	415081	318	511510	481874	0.000660	87563	489	508331	0	0	0	nan	0	0	0	0.042798	0.000350	0.042798	0.000350	0.792411	0.006480
305	A	21816	415081	360349	0.060541	99257	20	415081	280	511677	492223	0.000569	87560	489	508512	0	0	0	nan	0	0	0	0.059972	0.000411	0.059972	0.000411	1.110390	0.007610
306	A	18116	415081	353949	0.051183	99086	20	415081	248	511758	473118	0.000524	87560	506	508600	0	0	0	nan	0	0	0	0.050658	0.000382	0.050658	0.000382	0.937940	0.007073
307	C	15572	415081	346110	0.044991	98946	21	415081	372	511790	462932	0.000804	87576	518	508641	0	0	0	nan	0	0	0	0.044188	0.000363	0.044188	0.000363	0.818147	0.006721
308	C	10252	415081	345506	0.029672	98878	21	415081	300	511876	463542	0.000647	87626	536	508730	0	0	0	nan	0	0	0	0.029025	0.000295	0.029025	0.000295	0.537402	0.005462
309	A	13164	415081	350138	0.037597	98789	21	415081	324	511952	468223	0.000692	87626	558	508811	0	0	0	nan	0	0	0	0.036905	0.000330	0.036905	0.000330	0.683301	0.006110
310	C	19337	415081	353243	0.054741	98599	21	415081	375	512104	475814	0.000788	87653	560	508968	0	0	0	nan	0	0	0	0.053953	0.000396	0.053953	0.000396	0.998947	0.007332
311	A	16374	415081	358175	0.045715	98533	21	415081	367	512293	485941	0.000755	87653	567	509161	0	0	0	nan	0	0	0	0.044960	0.000359	0.044960	0.000359	0.832441	0.006647
312	A	16560	415081	361295	0.045835	98461	21	415081	247	512532	483904	0.000510	87686	577	509407	0	0	0	nan	0	0	0	0.045325	0.000358	0.045325	0.000358	0.839199	0.006628
313	C	19533	415081	361539	0.054027	98380	21	415081	268	512681	480412	0.000558	87695	578	509570	0	0	0	nan	0	0	0	0.053470	0.000388	0.053470	0.000388	0.990004	0.007184
314	U	6092	415081	361826	0.016837	98328	21	415081	361	512781	482639	0.000748	87695	577	509680	0	0	0	nan	0	0	0	0.016089	0.000219	0.016089	0.000219	0.297890	0.004055
315	A	25428	415081	370812	0.068574	98288	21	415081	386	513000	488396	0.000790	87694	577	509902	0	0	0	nan	0	0	0	0.067783	0.000432	0.067783	0.000432	1.255012	0.007999
316	G	5072	415081	377682	0.013429	98188	21	415081	431	513096	497144	0.000867	87658	578	510007	0	0	0	nan	0	0	0	0.012562	0.000193	0.012562	0.000193	0.232587	0.003573
317	A	14894	415081	374461	0.039775	98092	21	415081	319	513178	492478	0.000648	87658	578	510092	0	0	0	nan	0	0	0	0.039127	0.000328	0.039127	0.000328	0.724442	0.006073
318	A	24062	415081	380099	0.063305	97991	21	415081	283	513314	486536	0.000582	87658	587	510238	0	0	0	nan	0	0	0	0.062723	0.000410	0.062723	0.000410	1.161325	0.007591
319	U	8388	415081	382443	0.021933	97907	21	415081	324	513428	484929	0.000668	87658	597	510356	0	0	0	nan	0	0	0	0.021265	0.000242	0.021265	0.000242	0.393724	0.004481
320	G	2317	415081	380715	0.006086	97832	21	415081	873	513512	484021	0.001804	87614	605	510447	0	0	0	nan	0	0	0	0.004282	0.000140	0.004282	0.000140	0.079282	0.002592
321	C	6684	415081	378758	0.017647	97765	21	415081	308	513626	484895	0.000635	87621	605	510566	0	0	0	nan	0	0	0	0.017012	0.000219	0.017012	0.000219	0.314980	0.004055
322	A	9464	415081	374057	0.025301	97688	21	415081	320	513832	486874	0.000657	87625	605	510780	0	0	0	nan	0	0	0	0.024644	0.000263	0.024644	0.000263	0.456287	0.004869
323	G	1605	415081	367385	0.004369	97639	21	415081	375	514127	491651	0.000763	87618	605	511081	0	0	0	nan	0	0	0	0.003606	0.000116	0.003606	0.000116	0.066766	0.002148
324	U	5896	415081	364280	0.016185	97588	21	415081	784	514508	489500	0.001602	87635	626	511468	0	0	0	nan	0	0	0	0.014584	0.000218	0.014584	0.000218	0.270025	0.004036
325	G	40472	415081	358883	0.112772	97512	21	415081	23593	514781	491926	0.047960	87631	626	511750	0	0	0	nan	0	0	0	0.064812	0.000642	0.064812	0.000642	1.200003	0.011887
326	A	27838	415081	323427	0.086072	97451	21	415081	6832	515560	488061	0.013998	87693	629	512542	0	0	0	nan	0	0	0	0.072074	0.000543	0.072074	0.000543	1.334460	0.010054
327	A	36914	415081	359672	0.102632	97412	21	415081	643	516088	492780	0.001305	87682	648	513085	0	0	0	nan	0	0	0	0.101328	0.000537	0.101328	0.000537	1.876102	0.009943
328	A	7155	415081	372115	0.019228	97374	21	415081	349	516374	492950	0.000708	87679	648	513383	0	0	0	nan	0	0	0	0.018520	0.000230	0.018520	0.000230	0.342900	0.004258
329	A	5722	415081	376132	0.015213	97345	21	415081	269	516517	496720	0.000542	87676	648	513534	0	0	0	nan	0	0	0	0.014671	0.000204	0.014671	0.000204	0.271636	0.003777
330	A	8065	415081	377625	0.021357	97295	21	415081	312	516727	498897	0.000625	87684	710	513756	0	0	0	nan	0	0	0	0.020732	0.000240	0.020732	0.000240	0.383856	0.004444
331	A	15023	415081	381810	0.039347	94618	21	415081	262	516802	500548	0.000523	87206	710	513890	0	0	0	nan	0	0	0	0.038823	0.000323	0.038823	0.000323	0.718813	0.005980
332	A	18517	415081	383831	0.048243	94589	21	415081	423	516955	496410	0.000852	87206	710	514097	0	0	0	nan	0	0	0	0.047390	0.000357	0.047390	0.000357	0.877432	0.006610
333	U	6726	415081	382946	0.017564	94556	21	415081	249	517010	497190	0.000501	87205	711	514205	0	0	0	nan	0	0	0	0.017063	0.000217	0.017063	0.000217	0.315924	0.004018
334	G	1906	415081	381543	0.004996	94528	21	415081	550	517066	495708	0.001110	87220	733	514277	0	0	0	nan	0	0	0	0.003886	0.000124	0.003886	0.000124	0.071950	0.002296
335	C	16154	415081	378797	0.042646	94501	21	415081	2604	517130	499105	0.005217	87220	734	514355	0	0	0	nan	0	0	0	0.037428	0.000351	0.037428	0.000351	0.692985	0.006499
336	U	15030	415081	373528	0.040238	94470	21	415081	2508	517193	502341	0.004993	87224	734	514425	0	0	0	nan	0	0	0	0.035245	0.000343	0.035245	0.000343	0.652566	0.006351
337	U	11216	415081	372004	0.030150	94408	21	415081	679	517279	501493	0.001354	87242	734	514514	0	0	0	nan	0	0	0	0.028796	0.000289	0.028796	0.000289	0.533162	0.005351
338	U	8771	415081	362582	0.024190	94338	21	415081	287	517411	500142	0.000574	87242	735	514657	0	0	0	nan	0	0	0	0.023617	0.000261	0.023617	0.000261	0.437272	0.004832
339	A	28799	415081	371801	0.077458	94285	21	415081	907	517439	489835	0.001852	87245	745	514687	0	0	0	nan	0	0	0	0.075606	0.000461	0.075606	0.000461	1.399855	0.008535
340	U	7557	415081	371207	0.020358	94203	21	415081	1042	517473	486764	0.002141	87280	760	514730	0	0	0	nan	0	0	0	0.018217	0.000243	0.018217	0.000243	0.337290	0.004499
341	U	8610	415081	370159	0.023260	94165	21	415081	289	517511	486779	0.000594	87279	761	514781	0	0	0	nan	0	0	0	0.022667	0.000253	0.022667	0.000253	0.419683	0.004684
342	U	8672	415081	373566	0.023214	94124	21	415081	454	517590	493578	0.000920	87277	761	514874	0	0	0	nan	0	0	0	0.022294	0.000253	0.022294	0.000253	0.412776	0.004684
343	G	6167	415081	374694	0.016459	94054	21	415081	453	517727	493546	0.000918	87271	762	515021	0	0	0	nan	0	0	0	0.015541	0.000214	0.015541	0.000214	0.287744	0.003962
344	U	4863	415081	373931	0.013005	93986	21	415081	548	517787	492114	0.001114	87267	772	515098	0	0	0	nan	0	0	0	0.011892	0.000192	0.011892	0.000192	0.220182	0.003555
345	G	5302	415081	363934	0.014569	93923	21	415081	919	518118	490657	0.001873	87267	790	515441	0	0	0	nan	0	0	0	0.012696	0.000209	0.012696	0.000209	0.235068	0.003870
346	A	12203	415081	354617	0.034412	93876	21	415081	409	518271	491311	0.000832	87267	790	515595	0	0	0	nan	0	0	0	0.033579	0.000314	0.033579	0.000314	0.621720	0.005814
347	A	35152	415081	366939	0.095798	93782	21	415081	378	518390	491713	0.000769	87267	790	515716	0	0	0	nan	0	0	0	0.095029	0.000512	0.095029	0.000512	1.759475	0.009480
348	A	23322	415081	369408	0.063133	93765	21	415081	651	518642	486185	0.001339	87263	790	515973	0	0	0	nan	0	0	0	0.061794	0.000417	0.061794	0.000417	1.144124	0.007721
349	U	6867	415081	371390	0.018490	93736	21	415081	1201	518913	484448	0.002479	87263	790	516253	0	0	0	nan	0	0	0	0.016011	0.000234	0.016011	0.000234	0.296446	0.004333
350	U	12144	415081	374815	0.032400	93694	21	415081	310	519213	487650	0.000636	87259	790	516567	0	0	0	nan	0	0	0	0.031764	0.000296	0.031764	0.000296	0.588115	0.005480
351	U	11452	415081	380948	0.030062	93667	21	415081	568	519657	495638	0.001146	87244	790	517028	0	0	0	nan	0	0	0	0.028916	0.000285	0.028916	0.000285	0.535384	0.005277
352	G	4875	415081	383733	0.012704	93626	21	415081	474	519868	498768	0.000950	87244	790	517243	0	0	0	nan	0	0	0	0.011754	0.000187	0.011754	0.000187	0.217627	0.003462
353	U	6375	415081	383854	0.016608	93570	21	415081	459	519957	496614	0.000924	87230	790	517343	0	0	0	nan	0	0	0	0.015684	0.000212	0.015684	0.000212	0.290391	0.003925
354	G	3018	415081	381010	0.007921	93548	21	415081	319	520150	493867	0.000646	87273	790	517554	0	0	0	nan	0	0	0	0.007275	0.000149	0.007275	0.000149	0.134698	0.002759
355	A	21086	415081	380053	0.055482	93501	21	415081	329	520263	497151	0.000662	87267	790	517674	0	0	0	nan	0	0	0	0.054820	0.000384	0.054820	0.000384	1.015000	0.007110
356	U	5513	415081	381285	0.014459	93459	21	415081	385	520362	499228	0.000771	87292	793	517777	0	0	0	nan	0	0	0	0.013688	0.000199	0.013688	0.000199	0.253435	0.003685
357	G	2570	415081	381005	0.006745	93408	21	415081	842	520530	502278	0.001676	87301	797	517948	0	0	0	nan	0	0	0	0.005069	0.000145	0.005069	0.000145	0.093853	0.002685
358	C	19730	415081	381197	0.051758	93377	21	415081	379	520754	501232	0.000756	87302	797	518177	0	0	0	nan	0	0	0	0.051002	0.000371	0.051002	0.000371	0.944309	0.006869
359	U	6498	415081	376784	0.017246	93335	21	415081	257	520869	502459	0.000511	87302	797	518293	0	0	0	nan	0	0	0	0.016734	0.000216	0.016734	0.000216	0.309832	0.003999
360	A	22128	415081	382493	0.057852	93283	21	415081	704	520973	501245	0.001405	87294	797	518404	0	0	0	nan	0	0	0	0.056448	0.000392	0.056448	0.000392	1.045142	0.007258
361	U	9228	415081	386124	0.023899	93225	21	415081	622	521098	502851	0.001237	87294	798	518534	0	0	0	nan	0	0	0	0.022662	0.000254	0.022662	0.000254	0.419590	0.004703
362	U	6613	415081	384988	0.017177	93138	21	415081	295	521225	499652	0.000590	87287	798	518667	0	0	0	nan	0	0	0	0.016587	0.000214	0.016587	0.000214	0.307111	0.003962
363	G	1546	415081	383191	0.004035	92961	21	415081	590	521378	497300	0.001186	87459	800	518823	0	0	0	nan	0	0	0	0.002848	0.000114	0.002848	0.000114	0.052731	0.002111
364	C	14112	415081	371492	0.037987	92905	21	415081	9946	521577	486109	0.020460	87458	800	519027	0	0	0	nan	0	0	0	0.017527	0.000380	0.017527	0.000380	0.324515	0.007036
365	U	12604	415081	362581	0.034762	92858	21	415081	2496	521914	486466	0.005131	88244	802	519368	0	0	0	nan	0	0	0	0.029631	0.000326	0.029631	0.000326	0.548622	0.006036
366	U	12072	415081	361196	0.033422	92771	21	415081	817	522372	486325	0.001680	88218	803	519827	0	0	0	nan	0	0	0	0.031742	0.000310	0.031742	0.000310	0.587707	0.005740
367	U	9913	415081	359083	0.027606	92691	21	415081	329	522624	496336	0.000663	88212	803	520106	0	0	0	nan	0	0	0	0.026944	0.000280	0.026944	0.000280	0.498872	0.005184
368	A	28379	415081	375681	0.075540	92574	21	415081	895	520544	493930	0.001812	88212	804	520352	0	0	0	nan	0	0	0	0.073728	0.000452	0.073728	0.000452	1.365084	0.008369
369	U	6629	415081	380650	0.017415	92553	21	415081	1209	520787	498742	0.002424	88211	805	520596	0	0	0	nan	0	0	0	0.014991	0.000225	0.014991	0.000225	0.277560	0.004166
370	U	10763	415081	388018	0.027738	92450	21	415081	291	521023	502402	0.000579	88204	807	520911	0	0	0	nan	0	0	0	0.027159	0.000270	0.027159	0.000270	0.502853	0.004999
371	U	10269	415081	390174	0.026319	92309	21	415081	323	521158	505012	0.000640	88198	808	521088	0	0	0	nan	0	0	0	0.025679	0.000262	0.025679	0.000262	0.475450	0.004851
372	G	3242	415081	388894	0.008336	92110	21	415081	380	521274	500683	0.000759	88230	809	521223	0	0	0	nan	0	0	0	0.007577	0.000151	0.007577	0.000151	0.140289	0.002796
373	U	7677	415081	384994	0.019941	92059	21	415081	594	521350	496276	0.001197	88233	810	521301	0	0	0	nan	0	0	0	0.018744	0.000233	0.018744	0.000233	0.347048	0.004314
374	A	19354	415081	387999	0.049882	91915	21	415081	507	521502	496847	0.001020	88230	835	521459	0	0	0	nan	0	0	0	0.048861	0.000361	0.048861	0.000361	0.904668	0.006684
375	A	32982	415081	398977	0.082666	91793	21	415081	3494	521639	497503	0.007023	88252	837	521597	0	0	0	nan	0	0	0	0.075643	0.000470	0.075643	0.000470	1.400541	0.008702
376	C	584	415081	404855	0.001442	91669	21	415081	435	521842	498413	0.000873	88455	947	521803	0	0	0	nan	0	0	0	0.000570	0.000073	0.000570	0.000073	0.010554	0.001352
377	C	213	415081	404666	0.000526	91363	21	415081	211	522028	497912	0.000424	88490	947	521989	0	0	0	nan	0	0	0	0.000103	0.000046	0.000103	0.000046	0.001907	0.000852
378	A	693	415081	403437	0.001718	91331	21	415081	1134	522135	495307	0.002289	88490	947	522097	0	0	0	nan	0	0	0	-0.000572	0.000094	-0.000572	0.000094	-0.010591	0.001740
379	U	1136	415081	402967	0.002819	91110	21	415081	1755	522344	493773	0.003554	88486	947	522306	0	0	0	nan	0	0	0	-0.000735	0.000119	-0.000735	0.000119	-0.013609	0.002203
380	U	186	415081	401795	0.000463	90523	21	415081	293	522505	493471	0.000594	88440	949	522468	0	0	0	nan	0	0	0	-0.000131	0.000049	-0.000131	0.000049	-0.002425	0.000907
381	A	439	415081	403799	0.001087	90454	21	415081	523	523139	497657	0.001051	88450	960	523104	0	0	0	nan	0	0	0	0.000036	0.000069	0.000036	0.000069	0.000667	0.001278
382	U	373	415081	399903	0.000933	89924	21	415081	537	523398	493245	0.001089	88436	962	523363	0	0	0	nan	0	0	0	-0.000156	0.000067	-0.000156	0.000067	-0.002888	0.001241
383	A	116	415081	397466	0.000292	89878	21	415081	117	523586	489868	0.000239	88442	964	523552	0	0	0	nan	0	0	0	0.000053	0.000035	0.000053	0.000035	0.000981	0.000648
384	A	0	415081	397202	0.000000	89032	21	415081	0	524038	490870	0.000000	88454	967	524007	0	0	0	nan	0	0	0	0.000000	0.000000	0.000000	0.000000	0.000000	0.000000
385	g	0	415081	0	nan	88997	21	415081	0	524578	0	nan	88738	967	524547	0	0	0	nan	0	0	0	nan	nan	nan	nan	nan	nan
386	c	0	415081	0	nan	88960	21	415081	0	531455	0	nan	88801	968	531424	0	0	0	nan	0	0	0	nan	nan	nan	nan	nan	nan
387	u	0	415081	0	nan	88458	21	415081	0	531808	0	nan	88787	968	531777	0	0	0	nan	0	0	0	nan	nan	nan	nan	nan	nan
388	g	0	415081	0	nan	86898	21	415081	0	532318	0	nan	88804	968	532287	0	0	0	nan	0	0	0	nan	nan	nan	nan	nan	nan
389	c	0	415081	0	nan	86864	21	415081	0	532787	0	nan	88808	969	532756	0	0	0	nan	0	0	0	nan	nan	nan	nan	nan	nan
390	a	0	415081	0	nan	86796	21	415081	0	533211	0	nan	88812	969	533181	0	0	0	nan	0	0	0	nan	nan	nan	nan	nan	nan
391	a	0	415081	0	nan	86430	21	415081	0	533453	0	nan	88802	969	533424	0	0	0	nan	0	0	0	nan	nan	nan	nan	nan	nan
392	u	0	415081	0	nan	85510	21	415081	0	533595	0	nan	88766	969	533566	0	0	0	nan	0	0	0	nan	nan	nan	nan	nan	nan
393	a	0	415081	0	nan	85486	21	415081	0	533780	0	nan	88766	969	533752	0	0	0	nan	0	0	0	nan	nan	nan	nan	nan	nan
394	a	0	415081	0	nan	84872	21	415081	0	533919	0	nan	88749	969	533892	0	0	0	nan	0	0	0	nan	nan	nan	nan	nan	nan
395	a	0	415081	0	nan	84053	21	415081	0	533919	0	nan	88670	969	533892	0	0	0	nan	0	0	0	nan	nan	nan	nan	nan	nan
396	c	0	415081	0	nan	82381	21	415081	0	533918	0	nan	88617	969	533892	0	0	0	nan	0	0	0	nan	nan	nan	nan	nan	nan
397	a	0	415081	0	nan	82366	21	415081	0	533916	0	nan	88617	969	533892	0	0	0	nan	0	0	0	nan	nan	nan	nan	nan	nan
398	a	0	415081	0	nan	80078	21	415081	0	533909	0	nan	88589	969	533892	0	0	0	nan	0	0	0	nan	nan	nan	nan	nan	nan
399	g	0	415081	0	nan	80069	21	415081	0	533906	0	nan	88589	969	533892	0	0	0	nan	0	0	0	nan	nan	nan	nan	nan	nan
400	u	0	415081	0	nan	80050	21	415081	0	533906	0	nan	88589	969	533892	0	0	0	nan	0	0	0	nan	nan	nan	nan	nan	nan
401	u	0	415081	0	nan	79091	21	415081	0	533903	0	nan	88560	969	533891	0	0	0	nan	0	0	0	nan	nan	nan	nan	nan	nan
402	a	0	415081	0	nan	79082	21	415081	0	533898	0	nan	88558	969	533890	0	0	0	nan	0	0	0	nan	nan	nan	nan	nan	nan
403	a	0	415081	0	nan	78904	21	415081	0	533897	0	nan	88521	969	533890	0	0	0	nan	0	0	0	nan	nan	nan	nan	nan	nan
404	c	0	415081	0	nan	78591	21	415081	0	533896	0	nan	88006	969	533890	0	0	0	nan	0	0	0	nan	nan	nan	nan	nan	nan
405	a	0	415081	0	nan	78562	21	415081	0	533895	0	nan	88004	969	533890	0	0	0	nan	0	0	0	nan	nan	nan	nan	nan	nan
406	a	0	415081	0	nan	78396	21	415081	0	533890	0	nan	87954	969	533890	0	0	0	nan	0	0	0	nan	nan	nan	nan	nan	nan
407	c	0	414734	0	nan	78385	21	414734	0	533748	0	nan	87953	969	533748	0	0	0	nan	0	0	0	nan	nan	nan	nan	nan	nan
408	a	0	414710	0	nan	78379	21	414710	0	533744	0	nan	87953	969	533744	0	0	0	nan	0	0	0	nan	nan	nan	nan	nan	nan
409	a	0	414499	0	nan	78374	21	414499	0	533684	0	nan	87953	969	533684	0	0	0	nan	0	0	0	nan	nan	nan	nan	nan	nan
410	c	0	414129	0	nan	78367	21	414129	0	533631	0	nan	87949	969	533631	0	0	0	nan	0	0	0	nan	nan	nan	nan	nan	nan
411	a	0	414069	0	nan	78354	21	414069	0	533601	0	nan	87944	969	533601	0	0	0	nan	0	0	0	nan	nan	nan	nan	nan	nan
412	a	0	413652	0	nan	78348	21	413652	0	533543	0	nan	87940	969	533543	0	0	0	nan	0	0	0	nan	nan	nan	nan	nan	nan
413	u	0	413627	0	nan	78342	21	413627	0	533508	0	nan	87934	969	533508	0	0	0	nan	0	0	0	nan	nan	nan	nan	nan	nan
414	u	0	413004	0	nan	78257	21	413004	0	533112	0	nan	87865	969	533112	0	0	0	nan	0	0	0	nan	nan	nan	nan	nan	nan
415	g	0	412201	0	nan	78100	21	412201	0	532659	0	nan	87797	965	532659	0	0	0	nan	0	0	0	nan	nan	nan	nan	nan	nan
416	c	0	410132	0	nan	77536	21	410132	0	531892	0	nan	87685	964	531892	0	0	0	nan	0	0	0	nan	nan	nan	nan	nan	nan