414	Window=3	Metric=PAIRMAPPER	
i	j	Sig.	Class	Zij	Zi	Zj	Mod_Depth	Mod_Comuts	Unt_Depth	Unt_Comuts
373	386	136.62	1	8.63	7.64	9.62	312638	288	790104	73
374	385	66.99	1	4.46	3.44	5.47	314906	195	800921	10
375	384	241.09	1	12.60	10.28	14.92	288409	234	707114	2
35	45	170.34	2	7.02	10.36	3.68	320648	1137	901423	49
45	69	39.51	2	2.17	0.86	3.48	310737	1602	872132	59
72	98	95.98	2	5.15	4.24	6.05	293364	604	871298	61
73	97	95.14	2	5.76	6.55	4.97	294955	777	868915	19
88	98	120.81	2	6.82	6.02	7.62	297971	616	868873	101
130	186	37.70	2	3.67	3.98	3.35	187889	433	823079	30
130	187	62.59	2	4.54	6.61	2.48	192278	709	824247	23
131	186	51.78	2	4.03	3.46	4.60	195483	605	825597	24
134	188	76.57	2	4.57	6.24	2.91	187813	826	810906	43
135	157	57.21	2	4.23	3.79	4.67	170592	782	802575	114
173	188	157.42	2	7.89	9.79	5.98	288804	1958	806875	35
188	203	92.80	2	4.82	3.53	6.12	292972	2010	806454	20
213	293	113.45	2	3.34	4.78	1.89	291275	1882	583345	71
222	251	122.65	2	2.39	3.78	1.00	294035	979	620715	44
223	250	97.08	2	3.19	5.75	0.62	309521	835	654536	18
224	249	109.43	2	4.26	7.95	0.57	295015	969	650242	15
231	240	521.26	2	9.64	7.93	11.34	281090	1216	692187	71
240	259	118.89	2	2.01	2.59	1.44	290342	1283	631163	77
275	344	33.61	2	2.30	0.90	3.71	296624	1384	588038	44
277	346	130.40	2	3.34	1.95	4.73	287000	2407	583149	44
299	324	86.73	2	2.30	2.59	2.01	249852	1314	630385	25
300	323	64.11	2	2.38	1.20	3.57	265043	1190	653688	17
302	349	103.49	2	2.18	2.59	1.76	257549	1688	643375	37
306	342	42.22	2	3.47	4.28	2.65	261251	700	675240	21
307	343	85.44	2	4.36	2.27	6.45	262671	1085	706064	8
317	337	54.30	2	2.15	3.60	0.71	290665	571	723381	55
318	336	116.09	2	3.08	5.05	1.10	287878	624	725998	43
322	333	215.65	2	6.95	12.04	1.87	268606	799	709027	9
327	337	161.64	2	4.95	7.77	2.13	263724	2160	731589	65
328	339	191.65	2	5.10	5.57	4.62	253369	1898	687085	227
339	350	149.66	2	3.94	3.61	4.26	278742	2863	688339	106
27	184	27.99	0	4.47	5.01	3.92	303841	1051	833817	23
35	72	24.13	0	1.27	1.47	1.07	314653	918	887275	62
46	64	46.87	0	3.46	3.62	3.29	309540	1240	882751	21
64	95	101.70	0	7.28	7.14	7.42	300318	2996	874658	7
65	94	48.42	0	3.60	3.84	3.36	290513	2489	869663	12
69	88	27.20	0	1.88	2.40	1.36	306705	1518	861280	57
85	95	28.17	0	1.38	0.69	2.06	304172	3744	868321	19
98	183	29.14	0	1.81	1.84	1.77	268210	706	835747	75
147	318	26.19	0	1.37	1.59	1.14	201226	740	565295	13
169	219	75.13	0	2.32	4.39	0.24	280297	4474	747133	68
183	203	27.95	0	1.77	1.70	1.85	271366	1334	805637	44
185	194	64.68	0	8.10	8.91	7.28	281898	2125	813250	24
203	215	34.12	0	1.89	2.25	1.52	272715	1417	747080	40
215	251	43.19	0	1.14	1.94	0.34	277412	1712	638525	48
219	237	67.04	0	3.37	0.21	6.54	299613	10088	697013	52
225	275	29.46	0	1.06	1.33	0.78	290644	2252	579783	35
228	245	33.06	0	0.99	0.39	1.58	287723	869	669565	12
228	256	144.54	0	1.34	1.72	0.96	282118	3249	622109	18
232	292	37.25	0	3.15	5.38	0.92	284047	2139	586896	46
234	243	70.65	0	9.24	10.05	8.44	270915	6655	620411	23
240	298	24.17	0	2.14	0.53	3.74	280617	476	532786	30
270	347	83.56	0	2.16	2.27	2.06	285538	2467	538925	5
271	340	136.62	0	4.38	4.22	4.54	251286	3296	434012	19
271	346	38.61	0	1.29	1.18	1.40	274241	1963	501803	6
275	292	40.28	0	1.04	1.08	1.00	289135	1767	621410	32
277	340	68.89	0	1.65	1.02	2.28	262559	3587	502488	51
292	304	73.67	0	1.36	1.83	0.88	276093	2012	652161	103
298	308	29.46	0	2.58	4.57	0.59	251168	1736	687113	14
303	329	346.89	0	5.60	3.63	7.58	253883	4592	691990	72
308	342	112.72	0	4.70	2.30	7.10	261242	1280	720544	3
318	331	63.69	0	2.66	2.77	2.54	282436	2072	740512	21
328	351	62.44	0	1.99	1.81	2.17	252223	1067	719802	81
340	367	31.98	0	2.25	1.05	3.45	254999	3926	575988	53
