452	Window=3	Metric=PAIRMAPPER	
i	j	Sig.	Class	Zij	Zi	Zj	Mod_Depth	Mod_Comuts	Unt_Depth	Unt_Comuts
36	79	30.31	2	3.34	0.87	5.80	284902	837	559259	0
45	82	65.73	2	2.08	1.97	2.20	291306	1857	555379	25
63	81	127.27	2	5.12	2.66	7.59	282985	1348	546820	50
68	77	85.91	2	5.79	5.17	6.41	284277	1908	542138	71
70	87	96.94	2	4.02	7.12	0.93	284786	2765	550166	31
72	81	94.51	2	5.19	4.75	5.63	282311	1101	546150	70
80	93	32.34	2	2.69	3.96	1.42	291872	822	550963	8
86	243	69.37	2	2.93	0.66	5.19	261473	1912	414255	3
93	153	29.96	2	2.46	1.31	3.60	178288	1590	536316	8
95	147	35.04	2	3.00	3.23	2.77	252133	1088	518904	3
97	108	40.96	2	2.38	4.11	0.66	285839	1588	541001	9
98	107	40.45	2	4.26	7.50	1.02	281811	1695	536851	11
112	129	40.74	2	3.39	5.03	1.75	285342	532	536706	17
113	128	63.70	2	3.34	4.32	2.35	279526	560	531540	19
114	127	203.07	2	5.98	8.41	3.54	280533	779	523983	21
115	126	380.18	2	8.97	11.48	6.46	272367	727	512413	14
116	125	663.60	2	11.46	11.71	11.21	272776	939	512246	4
124	203	25.70	2	3.12	4.41	1.83	260829	809	503377	6
144	155	105.61	2	6.66	7.93	5.40	170108	334	527997	71
162	204	159.65	2	10.97	10.75	11.19	147998	347	514739	4
163	203	134.93	2	8.39	7.19	9.59	149977	291	514261	4
164	205	25.04	2	2.61	1.85	3.38	122390	273	512961	5
169	197	27.67	2	3.29	5.32	1.26	188040	129	495910	16
170	196	32.06	2	2.90	3.10	2.71	153780	128	495390	9
177	187	56.95	2	6.26	3.23	9.28	210422	165	496320	53
177	188	116.95	2	7.95	6.63	9.27	210514	479	493937	36
178	187	37.68	2	4.16	2.17	6.15	178225	124	501759	32
178	190	76.00	2	5.89	4.38	7.41	164552	396	491942	40
179	189	54.81	2	5.73	5.38	6.08	141453	383	486675	35
179	190	71.98	2	7.04	7.06	7.01	196823	403	495889	45
187	197	27.86	2	2.91	4.55	1.27	266787	146	494898	25
188	197	41.44	2	2.59	3.29	1.88	266843	430	493696	18
216	234	102.70	2	6.60	5.61	7.59	266688	981	417012	7
217	233	113.31	2	6.78	7.85	5.72	269796	577	442722	25
220	230	48.73	2	5.12	8.52	1.72	258768	702	431859	6
233	256	142.55	2	8.16	7.19	9.12	230165	768	311497	5
266	294	34.91	2	3.44	5.06	1.82	241635	492	338126	20
266	295	25.80	2	2.24	3.74	0.74	240366	618	330431	13
270	291	31.94	2	3.54	3.89	3.19	250628	1455	333703	1
274	290	280.34	2	10.05	12.56	7.53	234498	1910	297165	1
278	287	569.06	2	12.28	10.32	14.24	238961	996	346895	3
307	330	50.02	2	3.21	3.39	3.03	220120	845	342450	0
308	329	87.07	2	6.67	7.40	5.94	209066	688	315208	1
314	424	69.10	2	3.48	5.90	1.07	251890	579	379054	28
315	423	31.80	2	2.04	3.78	0.29	261312	626	413183	26
354	391	28.13	2	2.01	3.59	0.43	259528	647	464195	6
360	415	241.91	2	4.01	1.86	6.16	273943	1486	483214	9
361	414	81.30	2	4.42	8.08	0.77	285723	876	495555	3
365	410	266.30	2	7.40	9.02	5.78	265309	2046	459066	5
368	386	257.42	2	9.13	14.17	4.09	261772	848	442716	4
369	385	115.70	2	4.46	2.23	6.68	266473	659	461124	3
370	384	124.10	2	4.65	3.04	6.26	277887	461	477936	1
371	383	32.07	2	2.89	0.75	5.03	280822	197	486014	5
372	382	30.51	2	2.70	1.26	4.14	273752	150	464090	9
372	385	202.64	2	10.02	8.34	11.71	260668	309	432028	4
373	384	40.24	2	3.39	4.76	2.03	278759	626	499753	4
390	399	234.59	2	11.49	7.62	15.36	257159	1563	507659	18
415	425	237.06	2	4.85	6.03	3.66	294218	801	527536	21
28	37	65.01	0	7.06	11.16	2.97	280064	975	544427	15
28	42	30.66	0	3.98	5.26	2.71	281461	2864	528969	8
29	41	34.85	0	3.63	4.63	2.63	281999	2535	546462	6
30	48	43.77	0	1.61	2.29	0.93	279476	1980	567357	8
32	98	24.28	0	2.56	0.61	4.50	277469	1221	554610	7
36	93	46.93	0	1.70	1.35	2.06	285106	2498	557749	4
37	46	34.89	0	1.34	1.59	1.08	283612	1060	569449	17
38	49	104.63	0	8.19	10.65	5.73	276956	2107	557697	6
43	84	94.28	0	2.98	3.47	2.49	286231	4405	557481	15
45	99	28.55	0	1.72	0.85	2.58	285526	1204	552309	5
46	76	28.31	0	1.38	0.88	1.87	287284	2298	549800	32
61	224	29.25	0	2.82	4.43	1.21	273869	1500	482848	45
66	88	104.49	0	2.96	3.11	2.81	285211	2288	556498	18
67	87	357.77	0	7.15	10.85	3.45	279754	4005	556925	38
67	167	24.98	0	1.09	0.76	1.41	170617	285	534860	16
70	233	25.62	0	1.59	1.88	1.29	268017	942	454885	22
77	158	37.05	0	2.56	2.76	2.36	121708	1126	522715	68
77	254	45.52	0	3.10	3.40	2.79	238725	2277	342897	23
83	246	23.93	0	2.04	0.46	3.62	262086	1554	370425	1
84	245	61.41	0	3.02	1.62	4.42	258254	3016	389818	0
85	244	103.76	0	6.94	6.00	7.89	254613	2767	409584	0
87	111	24.18	0	1.84	0.22	3.47	291087	909	541351	22
93	149	46.86	0	2.74	2.06	3.43	238451	2604	534761	7
94	152	33.52	0	3.69	4.46	2.93	217613	1115	534625	4
95	151	42.13	0	4.30	3.89	4.72	215455	929	541211	6
110	133	27.43	0	3.06	1.47	4.66	282246	2649	517089	29
112	121	77.41	0	8.33	9.57	7.09	271244	1452	542834	6
157	251	25.59	0	1.88	3.06	0.71	129727	292	358040	10
164	201	40.61	0	4.86	3.00	6.73	117314	563	470417	12
167	199	61.91	0	3.70	3.50	3.91	173101	187	499609	23
248	257	47.78	0	5.90	4.95	6.84	222517	505	295597	11
256	296	37.50	0	1.76	2.40	1.13	228328	995	228342	3
256	425	34.57	0	1.37	2.21	0.53	241617	687	239924	8
258	284	29.65	0	4.25	5.47	3.03	209160	2703	276307	14
274	287	38.09	0	1.33	1.71	0.95	231064	635	303400	2
288	309	41.30	0	3.32	0.85	5.80	202162	1879	268124	3
313	425	41.34	0	1.90	3.16	0.63	240202	498	343892	12
330	342	26.28	0	2.87	1.59	4.15	232748	1549	406398	2
341	409	24.08	0	2.89	3.97	1.80	251903	5069	433803	11
351	373	28.09	0	3.57	3.82	3.32	267078	1006	454289	3
351	378	25.69	0	3.21	3.50	2.92	246459	1617	407110	9
353	430	29.44	0	2.71	3.51	1.92	290658	1043	494615	2
354	366	24.18	0	1.96	3.08	0.83	277225	310	472688	4
355	421	177.90	0	6.07	10.28	1.86	280849	1785	480346	3
358	416	28.88	0	0.87	0.15	1.60	278870	781	478180	6
359	416	29.03	0	0.89	0.18	1.61	280906	695	481518	10
363	378	41.45	0	5.05	5.39	4.70	250852	775	433247	6
363	404	27.77	0	2.18	3.60	0.75	264427	513	476662	5
369	382	25.76	0	2.00	0.50	3.50	279249	409	493877	9
369	418	26.04	0	1.64	0.50	2.77	276911	458	491612	4
396	430	29.89	0	3.46	4.96	1.95	280452	5255	515489	3
