Nucleotide	Sequence	Modified_mutations	Modified_read_depth	Modified_effective_depth	Modified_rate	Modified_off_target_mapped_depth	Modified_low_mapq_mapped_depth	Modified_primer_pair_1_mapped_depth	Untreated_mutations	Untreated_read_depth	Untreated_effective_depth	Untreated_rate	Untreated_off_target_mapped_depth	Untreated_low_mapq_mapped_depth	Untreated_primer_pair_1_mapped_depth	Denatured_mutations	Denatured_read_depth	Denatured_effective_depth	Denatured_rate	Denatured_off_target_mapped_depth	Denatured_low_mapq_mapped_depth	Denatured_primer_pair_1_mapped_depth	Reactivity_profile	Std_err	HQ_profile	HQ_stderr	Norm_profile	Norm_stderr
1	c	0	445184	0	nan	143626	44	445184	0	825116	0	nan	1829	45	825116	0	0	0	nan	0	0	0	nan	nan	nan	nan	nan	nan
2	c	0	447872	0	nan	144572	44	447872	0	827515	0	nan	1834	45	827515	0	0	0	nan	0	0	0	nan	nan	nan	nan	nan	nan
3	g	0	448911	0	nan	144870	44	448911	0	828566	0	nan	1839	45	828566	0	0	0	nan	0	0	0	nan	nan	nan	nan	nan	nan
4	a	0	449218	0	nan	144921	44	449218	0	828740	0	nan	1839	45	828740	0	0	0	nan	0	0	0	nan	nan	nan	nan	nan	nan
5	g	0	449636	0	nan	145042	44	449636	0	829153	0	nan	1839	45	829153	0	0	0	nan	0	0	0	nan	nan	nan	nan	nan	nan
6	u	0	449931	0	nan	145117	44	449931	0	829198	0	nan	1839	45	829198	0	0	0	nan	0	0	0	nan	nan	nan	nan	nan	nan
7	a	0	450005	0	nan	145126	44	450005	0	829217	0	nan	1839	45	829217	0	0	0	nan	0	0	0	nan	nan	nan	nan	nan	nan
8	a	0	450189	0	nan	145135	44	450189	0	829244	0	nan	1839	45	829244	0	0	0	nan	0	0	0	nan	nan	nan	nan	nan	nan
9	c	0	450306	0	nan	145149	44	450306	0	829319	0	nan	1839	45	829319	0	0	0	nan	0	0	0	nan	nan	nan	nan	nan	nan
10	c	0	450392	0	nan	145150	44	450392	0	829326	0	nan	1839	45	829326	0	0	0	nan	0	0	0	nan	nan	nan	nan	nan	nan
11	a	0	450462	0	nan	145150	44	450462	0	829331	0	nan	1839	45	829331	0	0	0	nan	0	0	0	nan	nan	nan	nan	nan	nan
12	u	0	450462	0	nan	145225	44	450462	0	829333	0	nan	1845	45	829331	0	0	0	nan	0	0	0	nan	nan	nan	nan	nan	nan
13	c	0	450462	0	nan	145266	44	450462	0	829333	0	nan	1848	45	829331	0	0	0	nan	0	0	0	nan	nan	nan	nan	nan	nan
14	a	0	450462	0	nan	145297	44	450462	0	829333	0	nan	1849	45	829331	0	0	0	nan	0	0	0	nan	nan	nan	nan	nan	nan
15	a	0	450462	0	nan	145410	44	450462	0	829333	0	nan	1854	45	829331	0	0	0	nan	0	0	0	nan	nan	nan	nan	nan	nan
16	c	0	450462	0	nan	145486	44	450462	0	829335	0	nan	1855	45	829331	0	0	0	nan	0	0	0	nan	nan	nan	nan	nan	nan
17	g	0	450462	0	nan	145600	44	450462	0	829336	0	nan	1859	45	829332	0	0	0	nan	0	0	0	nan	nan	nan	nan	nan	nan
18	g	0	450462	0	nan	145664	44	450462	0	829336	0	nan	1868	45	829332	0	0	0	nan	0	0	0	nan	nan	nan	nan	nan	nan
19	a	0	450462	0	nan	145706	44	450462	0	829347	0	nan	1897	45	829332	0	0	0	nan	0	0	0	nan	nan	nan	nan	nan	nan
20	g	0	450462	0	nan	145746	44	450462	0	829355	0	nan	2025	45	829332	0	0	0	nan	0	0	0	nan	nan	nan	nan	nan	nan
21	U	0	450462	428150	0.000000	145782	44	450462	1	829357	776861	0.000001	2076	46	829332	0	0	0	nan	0	0	0	-0.000001	0.000001	-0.000001	0.000001	-0.000013	0.000013
22	G	2781	450462	410412	0.006776	145885	44	450462	578	829372	768708	0.000752	2282	46	829332	0	0	0	nan	0	0	0	0.006024	0.000132	0.006024	0.000132	0.081080	0.001777
23	A	31415	450462	414268	0.075833	145932	44	450462	1013	829382	774599	0.001308	2451	46	829332	0	0	0	nan	0	0	0	0.074525	0.000430	0.074525	0.000430	1.003070	0.005788
24	C	30305	450462	414981	0.073027	145978	44	450462	312	829349	795930	0.000392	2688	46	829283	0	0	0	nan	0	0	0	0.072635	0.000420	0.072635	0.000420	0.977631	0.005653
25	C	19158	450462	420971	0.045509	145975	44	450462	694	829212	810995	0.000856	2740	46	829143	0	0	0	nan	0	0	0	0.044653	0.000330	0.044653	0.000330	0.601007	0.004442
26	G	3108	450462	419166	0.007415	145518	44	450462	1221	828296	799059	0.001528	2861	46	828218	0	0	0	nan	0	0	0	0.005887	0.000140	0.005887	0.000140	0.079236	0.001884
27	G	5016	450462	419470	0.011958	142472	27	450462	2292	826031	799069	0.002868	3037	41	825939	0	0	0	nan	0	0	0	0.009090	0.000179	0.009090	0.000179	0.122347	0.002409
28	C	20882	450462	419885	0.049733	141619	14	450462	548	825481	792651	0.000691	3052	41	825387	0	0	0	nan	0	0	0	0.049041	0.000345	0.049041	0.000345	0.660068	0.004644
29	U	5434	450462	412228	0.013182	141441	14	450462	654	824695	772723	0.000846	3065	41	824601	0	0	0	nan	0	0	0	0.012336	0.000182	0.012336	0.000182	0.166037	0.002450
30	G	2600	450462	407557	0.006379	141112	10	450462	1195	823420	754738	0.001583	3140	40	823326	0	0	0	nan	0	0	0	0.004796	0.000133	0.004796	0.000133	0.064552	0.001790
31	G	4552	450462	401890	0.011326	140929	2	450462	1821	822860	747791	0.002435	3180	40	822766	0	0	0	nan	0	0	0	0.008891	0.000177	0.008891	0.000177	0.119669	0.002382
32	C	74195	450462	415128	0.178728	140919	2	450462	1296	822387	768078	0.001687	3186	40	822293	0	0	0	nan	0	0	0	0.177041	0.000658	0.177041	0.000658	2.382885	0.008856
33	G	2913	450462	423142	0.006884	141045	2	450462	1108	821898	766064	0.001446	3187	40	821804	0	0	0	nan	0	0	0	0.005438	0.000135	0.005438	0.000135	0.073193	0.001817
34	G	5054	450462	426707	0.011844	141172	2	450462	3047	821660	773678	0.003938	3188	40	821565	0	0	0	nan	0	0	0	0.007906	0.000181	0.007906	0.000181	0.106411	0.002436
35	C	6214	450462	426689	0.014563	141347	2	450462	559	821498	773328	0.000723	3190	40	821403	0	0	0	nan	0	0	0	0.013840	0.000187	0.013840	0.000187	0.186280	0.002517
36	U	2165	450462	431064	0.005022	141824	2	450462	746	821338	791065	0.000943	3195	40	821243	0	0	0	nan	0	0	0	0.004079	0.000113	0.004079	0.000113	0.054901	0.001521
37	G	4574	450462	433612	0.010549	142202	2	450462	955	821197	794173	0.001203	3201	40	821102	0	0	0	nan	0	0	0	0.009346	0.000161	0.009346	0.000161	0.125793	0.002167
38	U	2651	450462	431715	0.006141	142444	2	450462	942	821086	797893	0.001181	3201	40	820991	0	0	0	nan	0	0	0	0.004960	0.000125	0.004960	0.000125	0.066759	0.001682
39	G	2606	450462	424321	0.006142	142565	2	450462	1456	820855	796567	0.001828	3202	40	820760	0	0	0	nan	0	0	0	0.004314	0.000129	0.004314	0.000129	0.058064	0.001736
40	C	26543	450462	422819	0.062776	142540	2	450462	595	820681	789736	0.000753	3205	40	820585	0	0	0	nan	0	0	0	0.062023	0.000387	0.062023	0.000387	0.834799	0.005209
41	G	2616	450462	410783	0.006368	142371	1	450462	670	820295	779490	0.000860	3206	40	820199	0	0	0	nan	0	0	0	0.005509	0.000129	0.005509	0.000129	0.074148	0.001736
42	A	13402	450462	402559	0.033292	141892	1	450462	590	820112	777097	0.000759	3207	40	820016	0	0	0	nan	0	0	0	0.032533	0.000289	0.032533	0.000289	0.437878	0.003890
43	A	21098	450462	396443	0.053218	141245	1	450462	699	819789	782358	0.000893	3208	39	819693	0	0	0	nan	0	0	0	0.052325	0.000368	0.052325	0.000368	0.704269	0.004953
44	C	11117	450462	398186	0.027919	141181	1	450462	470	819590	778161	0.000604	3208	39	819494	0	0	0	nan	0	0	0	0.027315	0.000266	0.027315	0.000266	0.367647	0.003580
45	G	6156	450462	397007	0.015506	141120	1	450462	2787	819172	782705	0.003561	3210	38	819076	0	0	0	nan	0	0	0	0.011945	0.000209	0.011945	0.000209	0.160774	0.002813
46	C	6869	450462	389464	0.017637	141079	1	450462	341	818974	769703	0.000443	3210	38	818878	0	0	0	nan	0	0	0	0.017194	0.000214	0.017194	0.000214	0.231423	0.002880
47	A	37166	450462	394620	0.094182	140857	1	450462	938	818432	779662	0.001203	3210	37	818336	0	0	0	nan	0	0	0	0.092979	0.000490	0.092979	0.000490	1.251452	0.006595
48	U	7421	450462	397264	0.018680	140857	1	450462	774	818168	759581	0.001019	3212	37	818072	0	0	0	nan	0	0	0	0.017661	0.000220	0.017661	0.000220	0.237708	0.002961
49	U	10131	450462	384010	0.026382	140768	1	450462	1536	817678	758579	0.002025	3213	37	817582	0	0	0	nan	0	0	0	0.024357	0.000267	0.024357	0.000267	0.327833	0.003594
50	C	56609	450462	407166	0.139032	140416	1	450462	508	817243	749828	0.000677	3214	37	817146	0	0	0	nan	0	0	0	0.138354	0.000585	0.138354	0.000585	1.862177	0.007874
51	U	7423	450462	408867	0.018155	140354	1	450462	578	816769	760222	0.000760	3220	35	816671	0	0	0	nan	0	0	0	0.017395	0.000213	0.017395	0.000213	0.234128	0.002867
52	G	4788	450462	408676	0.011716	139871	1	450462	1188	816124	760943	0.001561	3221	34	816025	0	0	0	nan	0	0	0	0.010155	0.000175	0.010155	0.000175	0.136681	0.002355
53	G	3928	450462	407857	0.009631	138742	1	450462	1907	815354	755895	0.002523	3225	34	815255	0	0	0	nan	0	0	0	0.007108	0.000164	0.007108	0.000164	0.095670	0.002207
54	C	7177	450462	408136	0.017585	138582	1	450462	747	814514	754545	0.000990	3233	34	814415	0	0	0	nan	0	0	0	0.016595	0.000211	0.016595	0.000211	0.223361	0.002840
55	G	3515	450462	399572	0.008797	138474	1	450462	1172	814146	743408	0.001577	3236	32	814046	0	0	0	nan	0	0	0	0.007220	0.000155	0.007220	0.000155	0.097178	0.002086
56	A	28842	450462	400615	0.071994	138223	1	450462	373	813807	736880	0.000506	3238	32	813707	0	0	0	nan	0	0	0	0.071488	0.000425	0.071488	0.000425	0.962193	0.005720
57	A	44119	450462	406658	0.108492	138123	1	450462	548	813437	730707	0.000750	3242	30	813337	0	0	0	nan	0	0	0	0.107742	0.000518	0.107742	0.000518	1.450154	0.006972
58	U	4471	450462	412355	0.010843	138047	1	450462	900	813115	744393	0.001209	3242	30	813015	0	0	0	nan	0	0	0	0.009634	0.000167	0.009634	0.000167	0.129669	0.002248
59	U	3851	450462	418805	0.009195	137912	1	450462	1497	812805	762640	0.001963	3245	30	812705	0	0	0	nan	0	0	0	0.007232	0.000157	0.007232	0.000157	0.097339	0.002113
60	C	5433	450462	421068	0.012903	137752	1	450462	499	812712	774500	0.000644	3246	30	812612	0	0	0	nan	0	0	0	0.012259	0.000177	0.012259	0.000177	0.165000	0.002382
61	U	1949	450462	420314	0.004637	137504	1	450462	860	812537	777756	0.001106	3248	30	812437	0	0	0	nan	0	0	0	0.003531	0.000112	0.003531	0.000112	0.047526	0.001507
62	C	6584	450462	407957	0.016139	137093	1	450462	442	812285	752674	0.000587	3249	30	812185	0	0	0	nan	0	0	0	0.015552	0.000201	0.015552	0.000201	0.209322	0.002705
63	A	10692	450462	410886	0.026022	136447	1	450462	473	812088	764924	0.000618	3251	30	811988	0	0	0	nan	0	0	0	0.025403	0.000253	0.025403	0.000253	0.341912	0.003405
64	C	24278	450462	403570	0.060158	136398	1	450462	493	811974	752995	0.000655	3251	29	811873	0	0	0	nan	0	0	0	0.059503	0.000387	0.059503	0.000387	0.800881	0.005209
65	G	2832	450462	405463	0.006985	136229	1	450462	989	811586	748975	0.001320	3252	26	811485	0	0	0	nan	0	0	0	0.005664	0.000138	0.005664	0.000138	0.076235	0.001857
66	G	3594	450462	404464	0.008886	136096	1	450462	1964	811351	751278	0.002614	3286	26	811240	0	0	0	nan	0	0	0	0.006272	0.000160	0.006272	0.000160	0.084418	0.002154
67	C	26939	450462	399268	0.067471	136029	1	450462	21628	811184	748477	0.028896	3290	26	811072	0	0	0	nan	0	0	0	0.038575	0.000456	0.038575	0.000456	0.519201	0.006138
68	U	3680	450462	402250	0.009149	135986	1	450462	1154	811080	755693	0.001527	3293	25	810966	0	0	0	nan	0	0	0	0.007621	0.000157	0.007621	0.000157	0.102575	0.002113
69	U	6657	450462	402473	0.016540	135855	1	450462	732	810899	747739	0.000979	3293	25	810785	0	0	0	nan	0	0	0	0.015561	0.000206	0.015561	0.000206	0.209443	0.002773
70	U	6893	450462	400576	0.017208	135780	2	450462	3056	810775	756280	0.004041	3295	25	810661	0	0	0	nan	0	0	0	0.013167	0.000220	0.013167	0.000220	0.177221	0.002961
71	C	39778	450462	406639	0.097821	135770	4	450462	428	810648	773599	0.000553	3296	25	810534	0	0	0	nan	0	0	0	0.097268	0.000491	0.097268	0.000491	1.309180	0.006609
72	C	29228	450462	414929	0.070441	135533	4	450462	466	810367	764082	0.000610	3296	24	810252	0	0	0	nan	0	0	0	0.069831	0.000413	0.069831	0.000413	0.939891	0.005559
73	G	5095	450462	415409	0.012265	135407	4	450462	2569	809919	762019	0.003371	3296	24	809803	0	0	0	nan	0	0	0	0.008894	0.000184	0.008894	0.000184	0.119709	0.002477
74	C	6061	450462	411424	0.014732	135333	4	450462	798	809729	751580	0.001062	3297	23	809613	0	0	0	nan	0	0	0	0.013670	0.000193	0.013670	0.000193	0.183991	0.002598
75	C	6722	450462	408870	0.016440	135055	4	450462	940	809364	763137	0.001232	3297	23	809247	0	0	0	nan	0	0	0	0.015209	0.000205	0.015209	0.000205	0.204706	0.002759
76	U	4161	450462	407195	0.010219	135016	4	450462	661	808763	761902	0.000868	3307	23	808644	0	0	0	nan	0	0	0	0.009351	0.000162	0.009351	0.000162	0.125860	0.002180
77	G	1481	450462	388801	0.003809	135283	4	450462	555	808438	740278	0.000750	3314	23	808316	0	0	0	nan	0	0	0	0.003059	0.000104	0.003059	0.000104	0.041173	0.001400
78	A	27451	450462	395096	0.069479	135021	4	450462	844	807992	733825	0.001150	3315	23	807870	0	0	0	nan	0	0	0	0.068329	0.000421	0.068329	0.000421	0.919675	0.005666
79	G	3326	450462	392933	0.008465	135865	9	450462	1633	807637	730053	0.002237	3314	21	807515	0	0	0	nan	0	0	0	0.006228	0.000157	0.006228	0.000157	0.083826	0.002113
80	G	5111	450462	407211	0.012551	135778	9	450462	2153	807452	750495	0.002869	3314	19	807328	0	0	0	nan	0	0	0	0.009682	0.000186	0.009682	0.000186	0.130315	0.002503
81	U	3244	450462	402942	0.008051	135606	9	450462	691	807211	755236	0.000915	3314	19	807087	0	0	0	nan	0	0	0	0.007136	0.000146	0.007136	0.000146	0.096047	0.001965
82	U	3002	450462	402242	0.007463	135463	9	450462	530	806891	750744	0.000706	3314	19	806766	0	0	0	nan	0	0	0	0.006757	0.000140	0.006757	0.000140	0.090946	0.001884
83	G	3455	450462	383851	0.009001	135251	9	450462	443	806522	745436	0.000594	3312	18	806395	0	0	0	nan	0	0	0	0.008407	0.000156	0.008407	0.000156	0.113154	0.002100
84	A	22201	450462	373233	0.059483	134900	9	450462	524	806195	746953	0.000702	3310	18	806068	0	0	0	nan	0	0	0	0.058781	0.000400	0.058781	0.000400	0.791163	0.005384
85	A	22127	450462	370478	0.059726	134840	9	450462	502	805788	752109	0.000667	3309	17	805661	0	0	0	nan	0	0	0	0.059058	0.000403	0.059058	0.000403	0.794892	0.005424
86	G	7638	450462	365742	0.020884	135656	17	450462	613	805318	742152	0.000826	3364	17	805184	0	0	0	nan	0	0	0	0.020058	0.000241	0.020058	0.000241	0.269971	0.003244
87	A	33280	450462	366163	0.090888	134939	17	450462	817	804767	729084	0.001121	3364	17	804633	0	0	0	nan	0	0	0	0.089768	0.000500	0.089768	0.000500	1.208233	0.006730
88	G	3461	450462	367386	0.009421	134755	17	450462	1399	804355	732533	0.001910	3364	17	804220	0	0	0	nan	0	0	0	0.007511	0.000168	0.007511	0.000168	0.101094	0.002261
89	C	8847	450462	364989	0.024239	134254	17	450462	365	804208	741653	0.000492	3364	17	804069	0	0	0	nan	0	0	0	0.023747	0.000259	0.023747	0.000259	0.319623	0.003486
90	A	29241	450462	367750	0.079513	133697	17	450462	383	804126	753512	0.000508	3364	17	803985	0	0	0	nan	0	0	0	0.079005	0.000466	0.079005	0.000466	1.063369	0.006272
91	A	26186	450462	372172	0.070360	133482	18	450462	352	804011	746075	0.000472	3613	17	803814	0	0	0	nan	0	0	0	0.069888	0.000436	0.069888	0.000436	0.940658	0.005868
92	G	3029	450462	377184	0.008031	133314	19	450462	1529	803850	754286	0.002027	3612	17	803650	0	0	0	nan	0	0	0	0.006003	0.000155	0.006003	0.000155	0.080797	0.002086
93	C	8059	450462	383876	0.020994	132985	22	450462	1223	803724	758004	0.001613	3657	17	803514	0	0	0	nan	0	0	0	0.019380	0.000238	0.019380	0.000238	0.260845	0.003203
94	C	18181	450462	381728	0.047628	130611	22	450462	648	803368	761157	0.000851	3659	17	803158	0	0	0	nan	0	0	0	0.046777	0.000355	0.046777	0.000355	0.629595	0.004778
95	G	11975	450462	378643	0.031626	123814	24	450462	30283	802995	756660	0.040022	3664	17	802785	0	0	0	nan	0	0	0	-0.008396	0.000369	-0.008396	0.000369	-0.113006	0.004967
96	C	7125	450462	367523	0.019387	148399	164	450462	1147	808562	755429	0.001518	34374	72	802454	0	0	0	nan	0	0	0	0.017868	0.000234	0.017868	0.000234	0.240495	0.003150
97	C	9792	450462	364684	0.026851	143328	164	450462	607	808100	758133	0.000801	34391	72	801987	0	0	0	nan	0	0	0	0.026050	0.000273	0.026050	0.000273	0.350620	0.003674
98	G	1622	450462	330485	0.004908	139569	167	450462	543	807551	749197	0.000725	34434	72	801423	0	0	0	nan	0	0	0	0.004183	0.000126	0.004183	0.000126	0.056301	0.001696
99	A	7920	450462	325562	0.024327	133581	166	450462	382	807239	749519	0.000510	34438	72	801110	0	0	0	nan	0	0	0	0.023818	0.000275	0.023818	0.000275	0.320579	0.003701
100	U	2820	450462	299069	0.009429	133335	166	450462	450	806950	744357	0.000605	34439	72	800821	0	0	0	nan	0	0	0	0.008825	0.000180	0.008825	0.000180	0.118780	0.002423
101	A	24727	450462	301472	0.082021	133886	172	450462	558	806681	744995	0.000749	34439	72	800552	0	0	0	nan	0	0	0	0.081272	0.000523	0.081272	0.000523	1.093881	0.007039
102	C	35210	450462	271396	0.129737	132862	178	450462	329	806300	747394	0.000440	34439	72	800168	0	0	0	nan	0	0	0	0.129296	0.000692	0.129296	0.000692	1.740261	0.009314
103	A	31739	450462	275150	0.115352	131521	180	450462	551	805959	749907	0.000735	34441	72	799826	0	0	0	nan	0	0	0	0.114617	0.000648	0.114617	0.000648	1.542689	0.008722
104	U	3742	450462	247187	0.015138	129156	180	450462	757	805639	743930	0.001018	34441	72	799505	0	0	0	nan	0	0	0	0.014121	0.000250	0.014121	0.000250	0.190062	0.003365
105	U	2961	450462	237766	0.012453	127920	180	450462	467	805254	728252	0.000641	34441	71	799120	0	0	0	nan	0	0	0	0.011812	0.000231	0.011812	0.000231	0.158984	0.003109
106	G	2550	450462	216876	0.011758	117785	179	450462	1781	805075	726438	0.002452	34437	71	798941	0	0	0	nan	0	0	0	0.009306	0.000240	0.009306	0.000240	0.125254	0.003230
107	C	5989	450462	185988	0.032201	116002	179	450462	943	804955	739185	0.001276	34436	71	798820	0	0	0	nan	0	0	0	0.030925	0.000418	0.030925	0.000418	0.416235	0.005626
108	C	6523	450462	197899	0.032961	111901	179	450462	368	804730	752832	0.000489	34435	71	798594	0	0	0	nan	0	0	0	0.032472	0.000409	0.032472	0.000409	0.437057	0.005505
109	U	1337	450462	121128	0.011038	110658	179	450462	464	804490	743579	0.000624	34434	71	798354	0	0	0	nan	0	0	0	0.010414	0.000303	0.010414	0.000303	0.140167	0.004078
110	A	26248	450462	140141	0.187297	108925	179	450462	672	804299	741682	0.000906	34434	70	798163	0	0	0	nan	0	0	0	0.186391	0.001157	0.186391	0.001157	2.508731	0.015573
111	U	2408	450462	128230	0.018779	108489	179	450462	599	804201	743677	0.000805	34434	69	798065	0	0	0	nan	0	0	0	0.017973	0.000384	0.017973	0.000384	0.241908	0.005168
112	G	878	450462	192429	0.004563	107094	178	450462	580	804006	759774	0.000763	34434	69	797870	0	0	0	nan	0	0	0	0.003799	0.000157	0.003799	0.000157	0.051133	0.002113
113	U	2446	450462	193999	0.012608	106392	177	450462	2364	803801	753726	0.003136	34434	69	797665	0	0	0	nan	0	0	0	0.009472	0.000263	0.009472	0.000263	0.127488	0.003540
114	C	7357	450462	176326	0.041724	105291	177	450462	636	803636	760238	0.000837	34434	67	797500	0	0	0	nan	0	0	0	0.040887	0.000488	0.040887	0.000488	0.550319	0.006568
115	C	4092	450462	153772	0.026611	104184	176	450462	447	803310	753211	0.000593	34434	67	797174	0	0	0	nan	0	0	0	0.026017	0.000417	0.026017	0.000417	0.350176	0.005613
116	U	1455	450462	150911	0.009641	103391	176	450462	805	802993	747306	0.001077	34434	67	796857	0	0	0	nan	0	0	0	0.008564	0.000256	0.008564	0.000256	0.115267	0.003446
117	G	1643	450462	162771	0.010094	102536	176	450462	2767	802547	747088	0.003704	34434	66	796411	0	0	0	nan	0	0	0	0.006390	0.000259	0.006390	0.000259	0.086006	0.003486
118	C	11887	450462	191027	0.062227	101287	176	450462	593	802274	742792	0.000798	34433	66	796138	0	0	0	nan	0	0	0	0.061428	0.000572	0.061428	0.000572	0.826791	0.007699
119	G	1874	450462	152608	0.012280	99984	176	450462	2507	801988	751639	0.003335	34430	65	795852	0	0	0	nan	0	0	0	0.008944	0.000291	0.008944	0.000291	0.120382	0.003917
120	C	5507	450462	158467	0.034752	98348	175	450462	369	801817	744046	0.000496	34430	65	795681	0	0	0	nan	0	0	0	0.034256	0.000469	0.034256	0.000469	0.461069	0.006313
121	A	8770	450462	138927	0.063127	97198	175	450462	612	801512	753859	0.000812	34430	64	795375	0	0	0	nan	0	0	0	0.062315	0.000675	0.062315	0.000675	0.838729	0.009085
122	C	11211	450462	154744	0.072449	95673	171	450462	284	801290	748584	0.000379	34430	57	795155	0	0	0	nan	0	0	0	0.072069	0.000685	0.072069	0.000685	0.970013	0.009220
123	A	7980	450462	133355	0.059840	94473	164	450462	362	800899	723158	0.000501	34430	48	794773	0	0	0	nan	0	0	0	0.059340	0.000670	0.059340	0.000670	0.798687	0.009018
124	A	15677	450462	175891	0.089129	92457	143	450462	753	800537	710320	0.001060	34430	38	794419	0	0	0	nan	0	0	0	0.088069	0.000713	0.088069	0.000713	1.185366	0.009597
125	G	10030	450462	198687	0.050481	92134	137	450462	1128	800271	702906	0.001605	34429	27	794161	0	0	0	nan	0	0	0	0.048877	0.000506	0.048877	0.000506	0.657860	0.006811
126	A	15653	450462	244760	0.063952	90605	112	450462	794	800097	725508	0.001094	34429	24	793995	0	0	0	nan	0	0	0	0.062858	0.000513	0.062858	0.000513	0.846038	0.006905
127	A	7473	450462	189598	0.039415	89988	102	450462	370	799885	735594	0.000503	34429	21	793796	0	0	0	nan	0	0	0	0.038912	0.000457	0.038912	0.000457	0.523736	0.006151
128	A	7183	450462	202532	0.035466	89420	98	450462	441	799422	737062	0.000598	34429	16	793352	0	0	0	nan	0	0	0	0.034868	0.000419	0.034868	0.000419	0.469306	0.005640
129	G	1588	450462	185862	0.008544	89152	95	450462	1164	798911	732766	0.001589	34429	5	792866	0	0	0	nan	0	0	0	0.006955	0.000219	0.006955	0.000219	0.093611	0.002948
130	C	1505	450462	261835	0.005748	87860	71	450462	497	798359	735534	0.000676	34429	5	792356	0	0	0	nan	0	0	0	0.005072	0.000151	0.005072	0.000151	0.068267	0.002032
131	G	3503	450462	250218	0.014000	86979	58	450462	2100	797659	741310	0.002833	34428	5	791719	0	0	0	nan	0	0	0	0.011167	0.000244	0.011167	0.000244	0.150302	0.003284
132	G	1056	450462	302675	0.003489	86212	51	450462	623	796750	713583	0.000873	34425	5	790925	0	0	0	nan	0	0	0	0.002616	0.000113	0.002616	0.000113	0.035210	0.001521
133	U	1872	450462	224218	0.008349	85241	38	450462	3384	795511	685245	0.004938	34425	5	789728	0	0	0	nan	0	0	0	0.003411	0.000211	0.003411	0.000211	0.045910	0.002840
134	A	15658	450462	204065	0.076730	83342	11	450462	579	794533	679727	0.000852	34425	5	788806	0	0	0	nan	0	0	0	0.075879	0.000614	0.075879	0.000614	1.021294	0.008264
135	U	3371	450462	217112	0.015527	82937	7	450462	383	793820	693145	0.000553	34425	4	788094	0	0	0	nan	0	0	0	0.014974	0.000269	0.014974	0.000269	0.201543	0.003621
136	G	1769	450462	270861	0.006531	82361	5	450462	764	793363	706749	0.001081	34425	3	787644	0	0	0	nan	0	0	0	0.005450	0.000160	0.005450	0.000160	0.073354	0.002154
137	G	1190	450462	278083	0.004279	81557	3	450462	680	792796	699050	0.000973	34433	3	787090	0	0	0	nan	0	0	0	0.003307	0.000130	0.003307	0.000130	0.044511	0.001750
138	A	11436	450462	269995	0.042356	80551	3	450462	599	792112	688815	0.000870	34433	3	786433	0	0	0	nan	0	0	0	0.041487	0.000398	0.041487	0.000398	0.558395	0.005357
139	C	6732	450462	265677	0.025339	80210	3	450462	908	791572	701779	0.001294	34433	3	785903	0	0	0	nan	0	0	0	0.024045	0.000312	0.024045	0.000312	0.323634	0.004199
140	C	21496	450462	304645	0.070561	79322	3	450462	762	791019	710146	0.001073	34433	3	785395	0	0	0	nan	0	0	0	0.069488	0.000483	0.069488	0.000483	0.935274	0.006501
141	G	2084	450462	284723	0.007319	79102	1	450462	1493	790502	711744	0.002098	34432	2	784894	0	0	0	nan	0	0	0	0.005222	0.000169	0.005222	0.000169	0.070286	0.002275
142	G	2965	450462	285775	0.010375	78871	1	450462	2705	790287	709688	0.003812	34432	2	784682	0	0	0	nan	0	0	0	0.006564	0.000204	0.006564	0.000204	0.088348	0.002746
143	C	10228	450462	261431	0.039123	78682	1	450462	579	790042	710856	0.000815	34431	2	784441	0	0	0	nan	0	0	0	0.038309	0.000388	0.038309	0.000388	0.515620	0.005222
144	A	29146	450462	289356	0.100727	78359	1	450462	663	789836	728284	0.000910	34432	2	784242	0	0	0	nan	0	0	0	0.099817	0.000591	0.099817	0.000591	1.343488	0.007955
145	C	35424	450462	314995	0.112459	78254	1	450462	1383	789649	733757	0.001885	34433	2	784055	0	0	0	nan	0	0	0	0.110574	0.000600	0.110574	0.000600	1.488272	0.008076
146	C	21154	450462	363089	0.058261	78087	1	450462	395	789345	740010	0.000534	34435	2	783757	0	0	0	nan	0	0	0	0.057727	0.000401	0.057727	0.000401	0.776977	0.005397
147	C	7820	450462	304973	0.025642	77862	1	450462	612	788822	742496	0.000824	34435	2	783238	0	0	0	nan	0	0	0	0.024817	0.000292	0.024817	0.000292	0.334025	0.003930
148	A	14832	450462	304109	0.048772	77597	1	450462	338	788291	725226	0.000466	34435	2	782711	0	0	0	nan	0	0	0	0.048306	0.000401	0.048306	0.000401	0.650175	0.005397
149	G	3128	450462	313291	0.009984	77490	1	450462	1347	787855	720081	0.001871	34433	2	782282	0	0	0	nan	0	0	0	0.008114	0.000186	0.008114	0.000186	0.109210	0.002503
150	C	3181	450462	377136	0.008435	77336	1	450462	581	787505	718785	0.000808	34433	2	781943	0	0	0	nan	0	0	0	0.007626	0.000153	0.007626	0.000153	0.102642	0.002059
151	C	9759	450462	385004	0.025348	77003	1	450462	403	786898	723231	0.000557	34435	2	781361	0	0	0	nan	0	0	0	0.024791	0.000258	0.024791	0.000258	0.333675	0.003473
152	G	6157	450462	354130	0.017386	76639	1	450462	3386	786173	730879	0.004633	34435	2	780666	0	0	0	nan	0	0	0	0.012753	0.000235	0.012753	0.000235	0.171649	0.003163
153	C	27862	450462	349714	0.079671	76032	1	450462	8596	785728	719142	0.011953	34435	2	780249	0	0	0	nan	0	0	0	0.067718	0.000494	0.067718	0.000494	0.911451	0.006649
154	U	1857	450462	328864	0.005647	75731	1	450462	600	785106	718026	0.000836	34440	2	779656	0	0	0	nan	0	0	0	0.004811	0.000135	0.004811	0.000135	0.064754	0.001817
155	U	2343	450462	348433	0.006724	75565	1	450462	665	784707	706408	0.000941	34440	2	779274	0	0	0	nan	0	0	0	0.005783	0.000144	0.005783	0.000144	0.077836	0.001938
156	G	3681	450462	320216	0.011495	75463	1	450462	828	784317	710039	0.001166	34439	2	778899	0	0	0	nan	0	0	0	0.010329	0.000194	0.010329	0.000194	0.139023	0.002611
157	U	3608	450462	346140	0.010424	75363	1	450462	699	783985	715584	0.000977	34439	2	778584	0	0	0	nan	0	0	0	0.009447	0.000177	0.009447	0.000177	0.127152	0.002382
158	G	3132	450462	340174	0.009207	75314	1	450462	1087	783706	728224	0.001493	34439	2	778331	0	0	0	nan	0	0	0	0.007714	0.000171	0.007714	0.000171	0.103827	0.002302
159	C	12032	450462	390388	0.030821	75178	1	450462	4137	783354	734330	0.005634	34439	2	777996	0	0	0	nan	0	0	0	0.025187	0.000294	0.025187	0.000294	0.339005	0.003957
160	U	3746	450462	385362	0.009721	75049	1	450462	601	782947	737878	0.000814	34439	2	777599	0	0	0	nan	0	0	0	0.008906	0.000162	0.008906	0.000162	0.119870	0.002180
161	U	4665	450462	391283	0.011922	74896	1	450462	700	782479	734593	0.000953	34439	2	777137	0	0	0	nan	0	0	0	0.010969	0.000178	0.010969	0.000178	0.147637	0.002396
162	C	20617	450462	371155	0.055548	74636	1	450462	411	781701	726171	0.000566	34438	2	776365	0	0	0	nan	0	0	0	0.054982	0.000388	0.054982	0.000388	0.740031	0.005222
163	A	17544	450462	371544	0.047219	74368	1	450462	358	781305	719440	0.000498	34438	2	775976	0	0	0	nan	0	0	0	0.046722	0.000357	0.046722	0.000357	0.628855	0.004805
164	G	2852	450462	367622	0.007758	74241	1	450462	1036	780838	717730	0.001443	34438	2	775513	0	0	0	nan	0	0	0	0.006315	0.000152	0.006315	0.000152	0.084997	0.002046
165	C	16755	450462	363070	0.046148	74111	1	450462	427	780507	710344	0.000601	34437	2	775186	0	0	0	nan	0	0	0	0.045547	0.000358	0.045547	0.000358	0.613040	0.004819
166	U	4816	450462	339926	0.014168	73887	1	450462	907	780102	720591	0.001259	34438	2	774807	0	0	0	nan	0	0	0	0.012909	0.000208	0.012909	0.000208	0.173749	0.002800
167	C	16270	450462	340109	0.047838	73691	1	450462	530	779702	712609	0.000744	34437	2	774416	0	0	0	nan	0	0	0	0.047094	0.000376	0.047094	0.000376	0.633862	0.005061
168	G	6336	450462	333913	0.018975	73509	1	450462	2138	779234	729403	0.002931	34437	2	773966	0	0	0	nan	0	0	0	0.016044	0.000247	0.016044	0.000247	0.215944	0.003324
169	C	26392	450462	335458	0.078675	73314	1	450462	286	778842	720686	0.000397	34441	2	773578	0	0	0	nan	0	0	0	0.078278	0.000485	0.078278	0.000485	1.053583	0.006528
170	A	26041	450462	328667	0.079232	73111	1	450462	396	778368	714156	0.000555	34441	2	773114	0	0	0	nan	0	0	0	0.078678	0.000492	0.078678	0.000492	1.058967	0.006622
171	U	6535	450462	339250	0.019263	72992	1	450462	984	778044	715848	0.001375	34441	2	772801	0	0	0	nan	0	0	0	0.017888	0.000242	0.017888	0.000242	0.240764	0.003257
172	C	20080	450462	342980	0.058546	72925	1	450462	206	777843	706290	0.000292	34439	2	772611	0	0	0	nan	0	0	0	0.058254	0.000414	0.058254	0.000414	0.784070	0.005572
173	A	12504	450462	352663	0.035456	72774	1	450462	405	777665	713348	0.000568	34439	2	772435	0	0	0	nan	0	0	0	0.034888	0.000318	0.034888	0.000318	0.469575	0.004280
174	A	20451	450462	362385	0.056434	72605	1	450462	355	777476	714272	0.000497	34438	2	772252	0	0	0	nan	0	0	0	0.055937	0.000396	0.055937	0.000396	0.752885	0.005330
175	C	18488	450462	369389	0.050050	72520	1	450462	280	777270	724913	0.000386	34439	2	772052	0	0	0	nan	0	0	0	0.049664	0.000369	0.049664	0.000369	0.668453	0.004967
176	G	3217	450462	354886	0.009065	72376	0	450462	595	777053	734431	0.000810	34438	2	771837	0	0	0	nan	0	0	0	0.008255	0.000163	0.008255	0.000163	0.111108	0.002194
177	U	5524	450462	347383	0.015902	72233	0	450462	2659	776858	736860	0.003609	34438	2	771668	0	0	0	nan	0	0	0	0.012293	0.000225	0.012293	0.000225	0.165458	0.003028
178	C	23085	450462	341120	0.067674	72142	0	450462	207	776583	729235	0.000284	34437	2	771463	0	0	0	nan	0	0	0	0.067390	0.000446	0.067390	0.000446	0.907036	0.006003
179	U	4997	450462	353252	0.014146	72017	0	450462	272	776008	715774	0.000380	34439	2	771022	0	0	0	nan	0	0	0	0.013766	0.000201	0.013766	0.000201	0.185284	0.002705
180	A	21910	450462	347113	0.063121	71901	0	450462	354	775649	698350	0.000507	34439	2	770723	0	0	0	nan	0	0	0	0.062614	0.000427	0.062614	0.000427	0.842754	0.005747
181	A	40915	450462	363473	0.112567	71808	0	450462	847	775402	701976	0.001207	34438	2	770514	0	0	0	nan	0	0	0	0.111360	0.000558	0.111360	0.000558	1.498851	0.007510
182	G	2313	450462	368378	0.006279	71748	0	450462	644	775182	708045	0.000910	34438	2	770323	0	0	0	nan	0	0	0	0.005369	0.000135	0.005369	0.000135	0.072264	0.001817
183	G	4358	450462	380280	0.011460	71673	0	450462	1699	774924	717767	0.002367	34438	2	770070	0	0	0	nan	0	0	0	0.009093	0.000183	0.009093	0.000183	0.122387	0.002463
184	C	12400	450462	374859	0.033079	71624	0	450462	675	774636	722538	0.000934	34438	2	769790	0	0	0	nan	0	0	0	0.032145	0.000299	0.032145	0.000299	0.432656	0.004024
185	C	20900	450462	386146	0.054125	71519	0	450462	496	773942	717319	0.000691	34438	2	769123	0	0	0	nan	0	0	0	0.053433	0.000376	0.053433	0.000376	0.719182	0.005061
186	G	6358	450462	362164	0.017556	71443	0	450462	2479	773306	718000	0.003453	34436	2	768501	0	0	0	nan	0	0	0	0.014103	0.000231	0.014103	0.000231	0.189819	0.003109
187	C	4701	450462	369544	0.012721	71275	0	450462	360	772596	709782	0.000507	34436	2	767803	0	0	0	nan	0	0	0	0.012214	0.000187	0.012214	0.000187	0.164394	0.002517
188	G	2057	450462	360706	0.005703	71132	0	450462	592	772033	704124	0.000841	34436	2	767258	0	0	0	nan	0	0	0	0.004862	0.000130	0.004862	0.000130	0.065440	0.001750
189	A	7284	450462	379421	0.019198	70922	0	450462	288	771310	702842	0.000410	34436	2	766564	0	0	0	nan	0	0	0	0.018788	0.000226	0.018788	0.000226	0.252877	0.003042
190	C	5691	450462	358162	0.015889	70695	0	450462	242	770960	692650	0.000349	34437	2	766217	0	0	0	nan	0	0	0	0.015540	0.000212	0.015540	0.000212	0.209161	0.002853
191	U	6857	450462	355358	0.019296	70479	0	450462	2448	770450	703825	0.003478	34437	2	765721	0	0	0	nan	0	0	0	0.015818	0.000243	0.015818	0.000243	0.212903	0.003271
192	C	36084	450462	349195	0.103335	70224	0	450462	308	770267	702975	0.000438	34438	2	765545	0	0	0	nan	0	0	0	0.102897	0.000545	0.102897	0.000545	1.384943	0.007335
193	U	7177	450462	343305	0.020906	70086	0	450462	413	769599	711978	0.000580	34438	2	764897	0	0	0	nan	0	0	0	0.020326	0.000248	0.020326	0.000248	0.273578	0.003338
194	A	46495	450462	350433	0.132679	69895	0	450462	801	768838	704264	0.001137	34438	2	764147	0	0	0	nan	0	0	0	0.131541	0.000617	0.131541	0.000617	1.770477	0.008305
195	G	10026	450462	342455	0.029277	69840	0	450462	535	768606	691978	0.000773	34438	2	763927	0	0	0	nan	0	0	0	0.028504	0.000294	0.028504	0.000294	0.383650	0.003957
196	A	15221	450462	367695	0.041396	69747	0	450462	495	768035	687782	0.000720	34437	2	763360	0	0	0	nan	0	0	0	0.040676	0.000337	0.040676	0.000337	0.547479	0.004536
197	G	2048	450462	366513	0.005588	69700	0	450462	375	768858	687931	0.000545	34437	2	764196	0	0	0	nan	0	0	0	0.005043	0.000127	0.005043	0.000127	0.067876	0.001709
198	U	1891	450462	397695	0.004755	69585	0	450462	1288	768734	703196	0.001832	34437	2	764103	0	0	0	nan	0	0	0	0.002923	0.000121	0.002923	0.000121	0.039342	0.001629
199	C	1697	450462	396079	0.004284	69468	0	450462	354	768983	695993	0.000509	34437	2	764371	0	0	0	nan	0	0	0	0.003776	0.000107	0.003776	0.000107	0.050823	0.001440
200	G	5773	450462	389833	0.014809	69347	0	450462	1956	768572	696633	0.002808	34437	2	763972	0	0	0	nan	0	0	0	0.012001	0.000205	0.012001	0.000205	0.161528	0.002759
201	C	4380	450462	370472	0.011823	69052	0	450462	756	768617	676233	0.001118	34436	2	764054	0	0	0	nan	0	0	0	0.010705	0.000183	0.010705	0.000183	0.144084	0.002463
202	U	6068	450462	366491	0.016557	68838	0	450462	813	768387	684518	0.001188	34436	2	763873	0	0	0	nan	0	0	0	0.015369	0.000217	0.015369	0.000217	0.206859	0.002921
203	C	26739	450462	368159	0.072629	68769	0	450462	306	768309	680523	0.000450	34436	2	763844	0	0	0	nan	0	0	0	0.072179	0.000445	0.072179	0.000445	0.971494	0.005989
204	G	4111	450462	348232	0.011805	68705	0	450462	490	768642	673222	0.000728	34436	2	764255	0	0	0	nan	0	0	0	0.011078	0.000187	0.011078	0.000187	0.149104	0.002517
205	A	42019	450462	363645	0.115550	68624	0	450462	339	768592	673243	0.000504	34435	2	764273	0	0	0	nan	0	0	0	0.115046	0.000564	0.115046	0.000564	1.548463	0.007591
206	G	8403	450462	367803	0.022846	68604	0	450462	2042	771084	679422	0.003005	34435	2	766828	0	0	0	nan	0	0	0	0.019841	0.000258	0.019841	0.000258	0.267050	0.003473
207	G	3808	450462	401529	0.009484	68525	0	450462	796	767446	691805	0.001151	34436	2	763244	0	0	0	nan	0	0	0	0.008333	0.000159	0.008333	0.000159	0.112158	0.002140
208	G	5110	450462	406543	0.012569	68440	0	450462	1360	767331	696435	0.001953	34436	2	763176	0	0	0	nan	0	0	0	0.010617	0.000184	0.010617	0.000184	0.142900	0.002477
209	C	3924	450462	400809	0.009790	68371	0	450462	475	767427	680367	0.000698	34436	2	763339	0	0	0	nan	0	0	0	0.009092	0.000160	0.009092	0.000160	0.122374	0.002154
210	U	2241	450462	397612	0.005636	68289	0	450462	474	767830	684822	0.000692	34436	2	763806	0	0	0	nan	0	0	0	0.004944	0.000123	0.004944	0.000123	0.066544	0.001656
211	G	4059	450462	395827	0.010254	68188	0	450462	1930	768322	685097	0.002817	34436	2	764304	0	0	0	nan	0	0	0	0.007437	0.000173	0.007437	0.000173	0.100098	0.002328
212	G	2708	450462	396863	0.006824	68084	0	450462	758	768454	692965	0.001094	34436	2	764446	0	0	0	nan	0	0	0	0.005730	0.000137	0.005730	0.000137	0.077123	0.001844
213	U	4047	450462	390030	0.010376	68034	0	450462	447	768355	691961	0.000646	34436	2	764356	0	0	0	nan	0	0	0	0.009730	0.000166	0.009730	0.000166	0.130961	0.002234
214	A	24882	450462	386878	0.064315	67998	0	450462	476	768775	697465	0.000682	34437	2	764788	0	0	0	nan	0	0	0	0.063632	0.000409	0.063632	0.000409	0.856456	0.005505
215	C	59346	450462	393042	0.150991	67958	0	450462	346	769059	704866	0.000491	34436	2	765088	0	0	0	nan	0	0	0	0.150501	0.000620	0.150501	0.000620	2.025670	0.008345
216	C	32671	450462	401585	0.081355	67933	0	450462	354	768881	710258	0.000498	34437	2	764956	0	0	0	nan	0	0	0	0.080857	0.000451	0.080857	0.000451	1.088296	0.006070
217	G	5556	450462	396520	0.014012	67895	0	450462	800	769070	693802	0.001153	34437	2	765181	0	0	0	nan	0	0	0	0.012859	0.000192	0.012859	0.000192	0.173076	0.002584
218	U	5358	450462	390530	0.013720	67875	0	450462	779	769172	678560	0.001148	34437	2	765345	0	0	0	nan	0	0	0	0.012572	0.000192	0.012572	0.000192	0.169213	0.002584
219	U	3915	450462	389146	0.010060	67852	0	450462	489	769420	679087	0.000720	34437	2	765621	0	0	0	nan	0	0	0	0.009340	0.000164	0.009340	0.000164	0.125712	0.002207
220	G	3820	450462	395809	0.009651	67823	0	450462	1480	770499	690112	0.002145	34437	2	766712	0	0	0	nan	0	0	0	0.007507	0.000166	0.007507	0.000166	0.101041	0.002234
221	C	30728	450462	406874	0.075522	67781	0	450462	301	771364	705176	0.000427	34439	2	767580	0	0	0	nan	0	0	0	0.075095	0.000432	0.075095	0.000432	1.010742	0.005815
222	U	2966	450462	398890	0.007436	67724	0	450462	416	771587	690625	0.000602	34439	2	767810	0	0	0	nan	0	0	0	0.006833	0.000140	0.006833	0.000140	0.091969	0.001884
223	A	23701	450462	398029	0.059546	67649	1	450462	300	771792	686774	0.000437	34464	6	768023	0	0	0	nan	0	0	0	0.059109	0.000388	0.059109	0.000388	0.795578	0.005222
224	G	6100	450462	390002	0.015641	67595	1	450462	1447	771858	681578	0.002123	34463	6	768095	0	0	0	nan	0	0	0	0.013518	0.000208	0.013518	0.000208	0.181946	0.002800
225	C	6803	450462	372643	0.018256	67466	1	450462	370	771279	672948	0.000550	34463	6	767530	0	0	0	nan	0	0	0	0.017706	0.000223	0.017706	0.000223	0.238314	0.003001
226	A	39806	450462	395339	0.100688	67363	1	450462	272	771228	680780	0.000400	34465	6	767502	0	0	0	nan	0	0	0	0.100289	0.000505	0.100289	0.000505	1.349841	0.006797
227	C	18303	450462	398780	0.045897	67297	1	450462	293	772741	677851	0.000432	34464	6	769035	0	0	0	nan	0	0	0	0.045465	0.000340	0.045465	0.000340	0.611937	0.004576
228	G	4128	450462	370483	0.011142	67067	2	450462	444	773276	669557	0.000663	34402	6	769639	0	0	0	nan	0	0	0	0.010479	0.000176	0.010479	0.000176	0.141042	0.002369
229	A	9570	450462	369046	0.025932	67010	2	450462	290	773175	653788	0.000444	34385	6	769605	0	0	0	nan	0	0	0	0.025488	0.000266	0.025488	0.000266	0.343056	0.003580
230	G	3202	450462	372016	0.008607	66986	2	450462	978	778646	661653	0.001478	34377	7	775120	0	0	0	nan	0	0	0	0.007129	0.000159	0.007129	0.000159	0.095953	0.002140
231	C	3776	450462	399153	0.009460	66971	2	450462	2151	781085	673736	0.003193	34385	8	777583	0	0	0	nan	0	0	0	0.006267	0.000169	0.006267	0.000169	0.084351	0.002275
232	G	3265	450462	404365	0.008074	66951	2	450462	779	784370	684928	0.001137	34372	8	780899	0	0	0	nan	0	0	0	0.006937	0.000147	0.006937	0.000147	0.093369	0.001979
233	G	5726	450462	409016	0.013999	66929	2	450462	3508	787519	688418	0.005096	34370	8	784069	0	0	0	nan	0	0	0	0.008904	0.000204	0.008904	0.000204	0.119843	0.002746
234	C	1711	450462	410353	0.004170	66891	2	450462	1115	789111	691272	0.001613	34614	9	785695	0	0	0	nan	0	0	0	0.002557	0.000112	0.002557	0.000112	0.034416	0.001507
235	C	3729	450462	410143	0.009092	66831	2	450462	378	788282	665908	0.000568	34622	9	784910	0	0	0	nan	0	0	0	0.008524	0.000152	0.008524	0.000152	0.114729	0.002046
236	G	4734	450462	403581	0.011730	66761	2	450462	1270	787657	661949	0.001919	34624	9	784341	0	0	0	nan	0	0	0	0.009811	0.000179	0.009811	0.000179	0.132051	0.002409
237	C	10859	450462	384028	0.028277	66716	2	450462	483	787518	646599	0.000747	34625	9	784224	0	0	0	nan	0	0	0	0.027530	0.000273	0.027530	0.000273	0.370540	0.003674
238	U	3053	450462	363714	0.008394	66679	2	450462	389	787722	659625	0.000590	34632	9	784467	0	0	0	nan	0	0	0	0.007804	0.000155	0.007804	0.000155	0.105038	0.002086
239	U	4509	450462	352388	0.012796	66648	2	450462	381	789064	656074	0.000581	34634	9	785849	0	0	0	nan	0	0	0	0.012215	0.000193	0.012215	0.000193	0.164408	0.002598
240	A	42963	450462	367432	0.116928	66630	2	450462	432	790311	681567	0.000634	34650	9	787135	0	0	0	nan	0	0	0	0.116294	0.000565	0.116294	0.000565	1.565260	0.007605
241	C	45444	450462	376425	0.120725	66610	3	450462	244	791444	698359	0.000349	34651	9	788296	0	0	0	nan	0	0	0	0.120376	0.000567	0.120376	0.000567	1.620202	0.007632
242	C	33539	450462	382653	0.087649	66598	4	450462	439	792592	712440	0.000616	34667	9	789510	0	0	0	nan	0	0	0	0.087032	0.000479	0.087032	0.000479	1.171408	0.006447
243	G	3155	450462	380663	0.008288	66568	4	450462	873	792466	708703	0.001232	34669	9	789444	0	0	0	nan	0	0	0	0.007056	0.000153	0.007056	0.000153	0.094970	0.002059
244	G	8544	450462	378313	0.022584	66544	4	450462	1231	792195	702753	0.001752	34671	9	789195	0	0	0	nan	0	0	0	0.020833	0.000249	0.020833	0.000249	0.280402	0.003351
245	C	27435	450462	392809	0.069843	66510	4	450462	625	791736	703506	0.000888	34688	15	788747	0	0	0	nan	0	0	0	0.068955	0.000423	0.068955	0.000423	0.928100	0.005693
246	C	11861	450462	402518	0.029467	66482	4	450462	1112	790851	696851	0.001596	34691	15	787872	0	0	0	nan	0	0	0	0.027871	0.000275	0.027871	0.000275	0.375130	0.003701
247	G	3958	450462	403588	0.009807	66458	4	450462	680	788825	687325	0.000989	34691	22	785855	0	0	0	nan	0	0	0	0.008818	0.000160	0.008818	0.000160	0.118686	0.002154
248	G	6928	450462	398670	0.017378	66396	4	450462	1978	787117	679486	0.002911	34700	24	784158	0	0	0	nan	0	0	0	0.014467	0.000219	0.014467	0.000219	0.194719	0.002948
249	C	2245	450462	397680	0.005645	66264	4	450462	529	784362	670036	0.000790	34718	38	781415	0	0	0	nan	0	0	0	0.004856	0.000124	0.004856	0.000124	0.065359	0.001669
250	C	2598	450462	392329	0.006622	66082	6	450462	694	779716	664221	0.001045	34868	101	776783	0	0	0	nan	0	0	0	0.005577	0.000136	0.005577	0.000136	0.075064	0.001830
251	G	5334	450462	373279	0.014290	65903	6	450462	1589	775674	639323	0.002485	34893	103	772760	0	0	0	nan	0	0	0	0.011804	0.000205	0.011804	0.000205	0.158876	0.002759
252	C	34395	450462	354183	0.097111	65707	8	450462	4496	772003	610887	0.007360	34958	124	769112	0	0	0	nan	0	0	0	0.089751	0.000535	0.089751	0.000535	1.208004	0.007201
253	U	3975	450462	345326	0.011511	65314	10	450462	567	766579	602269	0.000941	35217	133	763750	0	0	0	nan	0	0	0	0.010569	0.000187	0.010569	0.000187	0.142254	0.002517
254	U	3820	450462	356419	0.010718	65110	10	450462	350	764344	606842	0.000577	35243	134	761545	0	0	0	nan	0	0	0	0.010141	0.000176	0.010141	0.000176	0.136493	0.002369
255	C	7915	450462	374363	0.021143	65013	10	450462	281	763617	641441	0.000438	35249	135	760844	0	0	0	nan	0	0	0	0.020705	0.000239	0.020705	0.000239	0.278679	0.003217
256	G	2072	450462	369819	0.005603	64910	10	450462	537	762208	636503	0.000844	35257	135	759478	0	0	0	nan	0	0	0	0.004759	0.000128	0.004759	0.000128	0.064054	0.001723
257	A	13358	450462	374560	0.035663	64825	10	450462	327	762794	652056	0.000501	35260	135	760093	0	0	0	nan	0	0	0	0.035162	0.000310	0.035162	0.000310	0.473263	0.004172
258	G	6091	450462	376186	0.016191	64785	12	450462	1524	763968	653303	0.002333	35260	136	761273	0	0	0	nan	0	0	0	0.013859	0.000216	0.013859	0.000216	0.186535	0.002907
259	C	7258	450462	385919	0.018807	64720	12	450462	337	764946	669014	0.000504	35260	136	762256	0	0	0	nan	0	0	0	0.018303	0.000222	0.018303	0.000222	0.246349	0.002988
260	A	27632	450462	389356	0.070968	64661	12	450462	398	764376	675867	0.000589	35259	137	761712	0	0	0	nan	0	0	0	0.070380	0.000428	0.070380	0.000428	0.947280	0.005761
261	G	3474	450462	382859	0.009074	64584	12	450462	366	764079	676786	0.000541	35259	137	761428	0	0	0	nan	0	0	0	0.008533	0.000157	0.008533	0.000157	0.114850	0.002113
262	A	19874	450462	375861	0.052876	64520	12	450462	482	764571	667860	0.000722	35259	137	761935	0	0	0	nan	0	0	0	0.052154	0.000377	0.052154	0.000377	0.701967	0.005074
263	C	25419	450462	367923	0.069088	64453	12	450462	217	764306	661032	0.000328	35260	137	761691	0	0	0	nan	0	0	0	0.068760	0.000434	0.068760	0.000434	0.925476	0.005841
264	A	26491	450462	370064	0.071585	64409	12	450462	241	764258	654153	0.000368	35260	137	761671	0	0	0	nan	0	0	0	0.071216	0.000440	0.071216	0.000440	0.958532	0.005922
265	U	7471	450462	372527	0.020055	64366	13	450462	486	764645	679427	0.000715	35261	139	762081	0	0	0	nan	0	0	0	0.019340	0.000234	0.019340	0.000234	0.260307	0.003150
266	G	8228	450462	367797	0.022371	64338	13	450462	405	765298	681180	0.000595	35264	141	762764	0	0	0	nan	0	0	0	0.021776	0.000248	0.021776	0.000248	0.293094	0.003338
267	A	28447	450462	370809	0.076716	64308	13	450462	388	765134	683898	0.000567	35263	146	762630	0	0	0	nan	0	0	0	0.076149	0.000456	0.076149	0.000456	1.024928	0.006138
268	U	5864	450462	363917	0.016114	64280	13	450462	344	765716	674493	0.000510	35264	147	763226	0	0	0	nan	0	0	0	0.015604	0.000212	0.015604	0.000212	0.210022	0.002853
269	A	18962	450462	353314	0.053669	64214	13	450462	326	765689	677128	0.000481	35264	147	763212	0	0	0	nan	0	0	0	0.053188	0.000391	0.053188	0.000391	0.715884	0.005263
270	A	24195	450462	362165	0.066807	64158	13	450462	506	765534	687979	0.000735	35264	147	763070	0	0	0	nan	0	0	0	0.066071	0.000431	0.066071	0.000431	0.889283	0.005801
271	G	4673	450462	354572	0.013179	64125	15	450462	346	765041	679112	0.000509	35264	149	762586	0	0	0	nan	0	0	0	0.012670	0.000195	0.012670	0.000195	0.170532	0.002625
272	A	22377	450462	351008	0.063751	64083	15	450462	321	764393	670702	0.000479	35266	150	761947	0	0	0	nan	0	0	0	0.063272	0.000427	0.063272	0.000427	0.851610	0.005747
273	U	6962	450462	347657	0.020025	64020	15	450462	416	763964	672595	0.000618	35266	150	761530	0	0	0	nan	0	0	0	0.019407	0.000242	0.019407	0.000242	0.261209	0.003257
274	A	26896	450462	337626	0.079662	63965	15	450462	381	764594	680111	0.000560	35266	153	762169	0	0	0	nan	0	0	0	0.079102	0.000487	0.079102	0.000487	1.064674	0.006555
275	C	46200	450462	358444	0.128890	63888	15	450462	239	764572	690841	0.000346	35270	155	762156	0	0	0	nan	0	0	0	0.128544	0.000600	0.128544	0.000600	1.730139	0.008076
276	A	34350	450462	365439	0.093997	63832	15	450462	221	764322	668234	0.000331	35271	155	761914	0	0	0	nan	0	0	0	0.093666	0.000508	0.093666	0.000508	1.260698	0.006837
277	U	6890	450462	367229	0.018762	63778	16	450462	579	764331	660815	0.000876	35270	155	761938	0	0	0	nan	0	0	0	0.017886	0.000229	0.017886	0.000229	0.240737	0.003082
278	U	6936	450462	360819	0.019223	63719	16	450462	398	764119	661595	0.000602	35272	156	761748	0	0	0	nan	0	0	0	0.018621	0.000233	0.018621	0.000233	0.250630	0.003136
279	G	6736	450462	364711	0.018469	63622	16	450462	328	763451	674823	0.000486	35272	156	761102	0	0	0	nan	0	0	0	0.017983	0.000227	0.017983	0.000227	0.242042	0.003055
280	A	37548	450462	385540	0.097391	63557	16	450462	266	763163	679086	0.000392	35271	156	760833	0	0	0	nan	0	0	0	0.096999	0.000503	0.096999	0.000503	1.305559	0.006770
281	U	6310	450462	386963	0.016306	63482	16	450462	393	763074	673788	0.000583	35271	157	760759	0	0	0	nan	0	0	0	0.015723	0.000207	0.015723	0.000207	0.211624	0.002786
282	G	3311	450462	372805	0.008881	63422	16	450462	356	763374	664452	0.000536	35274	157	761069	0	0	0	nan	0	0	0	0.008346	0.000157	0.008346	0.000157	0.112333	0.002113
283	A	37377	450462	387593	0.096434	63384	16	450462	318	763767	671028	0.000474	35274	156	761472	0	0	0	nan	0	0	0	0.095960	0.000500	0.095960	0.000500	1.291575	0.006730
284	G	13436	450462	388713	0.034565	63361	16	450462	2832	764864	674569	0.004198	35274	156	762582	0	0	0	nan	0	0	0	0.030367	0.000308	0.030367	0.000308	0.408725	0.004146
285	U	4543	450462	393109	0.011557	63353	16	450462	897	766801	695150	0.001290	35274	156	764531	0	0	0	nan	0	0	0	0.010266	0.000177	0.010266	0.000177	0.138175	0.002382
286	U	5021	450462	394805	0.012718	63330	16	450462	380	768378	693100	0.000548	35274	156	766114	0	0	0	nan	0	0	0	0.012169	0.000182	0.012169	0.000182	0.163789	0.002450
287	U	4959	450462	399820	0.012403	63309	16	450462	370	768903	694468	0.000533	35276	157	766653	0	0	0	nan	0	0	0	0.011870	0.000178	0.011870	0.000178	0.159764	0.002396
288	G	4186	450462	401483	0.010426	63270	16	450462	1003	768784	700000	0.001433	35277	157	766549	0	0	0	nan	0	0	0	0.008993	0.000167	0.008993	0.000167	0.121041	0.002248
289	G	2264	450462	387497	0.005843	63228	16	450462	560	768800	696857	0.000804	35277	158	766584	0	0	0	nan	0	0	0	0.005039	0.000127	0.005039	0.000127	0.067822	0.001709
290	A	13392	450462	375233	0.035690	63199	16	450462	573	768388	696213	0.000823	35277	159	766204	0	0	0	nan	0	0	0	0.034867	0.000310	0.034867	0.000310	0.469293	0.004172
291	C	31768	450462	357003	0.088985	63182	16	450462	654	768614	694818	0.000941	35277	159	766445	0	0	0	nan	0	0	0	0.088044	0.000501	0.088044	0.000501	1.185029	0.006743
292	A	14616	450462	347280	0.042087	63165	16	450462	349	769047	697513	0.000500	35278	159	766897	0	0	0	nan	0	0	0	0.041587	0.000349	0.041587	0.000349	0.559741	0.004697
293	A	22297	450462	343905	0.064835	63137	16	450462	279	769477	705087	0.000396	35280	159	767346	0	0	0	nan	0	0	0	0.064439	0.000435	0.064439	0.000435	0.867317	0.005855
294	A	20313	450462	344208	0.059014	63090	16	450462	328	769635	696184	0.000471	35280	158	767517	0	0	0	nan	0	0	0	0.058543	0.000415	0.058543	0.000415	0.787960	0.005586
295	C	18145	450462	334421	0.054258	63048	16	450462	322	769302	682793	0.000472	35280	158	767195	0	0	0	nan	0	0	0	0.053786	0.000404	0.053786	0.000404	0.723933	0.005438
296	C	14973	450462	330311	0.045330	62991	16	450462	338	740817	669842	0.000505	35280	158	738734	0	0	0	nan	0	0	0	0.044825	0.000371	0.044825	0.000371	0.603323	0.004993
297	A	19144	450462	334024	0.057313	62909	16	450462	346	740759	666601	0.000519	35280	158	738685	0	0	0	nan	0	0	0	0.056794	0.000415	0.056794	0.000415	0.764419	0.005586
298	C	28894	450462	329311	0.087741	62700	16	450462	264	740875	680819	0.000388	35279	158	738825	0	0	0	nan	0	0	0	0.087353	0.000517	0.087353	0.000517	1.175729	0.006959
299	A	22617	450462	335482	0.067416	62589	16	450462	316	741292	687000	0.000460	35279	158	739263	0	0	0	nan	0	0	0	0.066956	0.000449	0.066956	0.000449	0.901195	0.006043
300	A	21264	450462	339611	0.062613	62421	16	450462	246	741779	677086	0.000363	35279	158	739765	0	0	0	nan	0	0	0	0.062249	0.000430	0.062249	0.000430	0.837841	0.005788
301	C	26736	450462	337486	0.079221	62223	16	450462	173	741997	648483	0.000267	35279	158	740006	0	0	0	nan	0	0	0	0.078954	0.000485	0.078954	0.000485	1.062682	0.006528
302	U	4618	450462	334474	0.013807	62078	16	450462	557	742196	642893	0.000866	35279	158	740227	0	0	0	nan	0	0	0	0.012940	0.000206	0.012940	0.000206	0.174166	0.002773
303	A	35568	450462	347998	0.102207	61928	16	450462	289	742663	657275	0.000440	35279	158	740710	0	0	0	nan	0	0	0	0.101768	0.000543	0.101768	0.000543	1.369747	0.007309
304	G	8794	450462	360249	0.024411	61717	16	450462	427	742912	689948	0.000619	35282	158	740974	0	0	0	nan	0	0	0	0.023792	0.000262	0.023792	0.000262	0.320229	0.003526
305	A	19623	450462	358613	0.054719	61464	16	450462	309	743103	681932	0.000453	35282	159	741180	0	0	0	nan	0	0	0	0.054266	0.000391	0.054266	0.000391	0.730394	0.005263
306	A	32575	450462	366037	0.088994	61246	16	450462	276	743547	664398	0.000415	35283	159	741637	0	0	0	nan	0	0	0	0.088578	0.000494	0.088578	0.000494	1.192216	0.006649
307	U	6651	450462	371029	0.017926	61082	16	450462	422	743920	667391	0.000632	35283	159	742023	0	0	0	nan	0	0	0	0.017294	0.000222	0.017294	0.000222	0.232769	0.002988
308	G	2707	450462	368274	0.007351	60818	16	450462	1181	744274	660785	0.001787	35286	159	742391	0	0	0	nan	0	0	0	0.005563	0.000151	0.005563	0.000151	0.074875	0.002032
309	C	11923	450462	369036	0.032309	60559	16	450462	324	744644	670628	0.000483	35289	160	742765	0	0	0	nan	0	0	0	0.031825	0.000297	0.031825	0.000297	0.428349	0.003997
310	A	14296	450462	366130	0.039046	60306	16	450462	338	745250	676506	0.000500	35290	160	743373	0	0	0	nan	0	0	0	0.038547	0.000328	0.038547	0.000328	0.518824	0.004415
311	G	3066	450462	350174	0.008756	60091	16	450462	306	746048	684576	0.000447	35290	160	744174	0	0	0	nan	0	0	0	0.008309	0.000160	0.008309	0.000160	0.111835	0.002154
312	U	6503	450462	345811	0.018805	59871	16	450462	555	746944	684114	0.000811	35290	160	745079	0	0	0	nan	0	0	0	0.017994	0.000236	0.017994	0.000236	0.242190	0.003176
313	G	59392	450462	350287	0.169552	59672	16	450462	22928	747631	659589	0.034761	35294	160	745769	0	0	0	nan	0	0	0	0.134791	0.000733	0.134791	0.000733	1.814221	0.009866
314	A	31196	450462	317005	0.098409	59504	16	450462	8176	749307	656085	0.012462	35297	160	747453	0	0	0	nan	0	0	0	0.085947	0.000574	0.085947	0.000574	1.156804	0.007726
315	A	43613	450462	362764	0.120224	59377	16	450462	502	750975	665149	0.000755	35295	162	749136	0	0	0	nan	0	0	0	0.119469	0.000577	0.119469	0.000577	1.607994	0.007766
316	A	11188	450462	381465	0.029329	59282	16	450462	264	752167	677268	0.000390	35295	162	750351	0	0	0	nan	0	0	0	0.028939	0.000278	0.028939	0.000278	0.389505	0.003742
317	A	5997	450462	387335	0.015483	59196	16	450462	252	753082	679393	0.000371	35295	162	751303	0	0	0	nan	0	0	0	0.015112	0.000201	0.015112	0.000201	0.203400	0.002705
318	A	7372	450462	388295	0.018986	59116	16	450462	273	754326	676325	0.000404	35295	162	752603	0	0	0	nan	0	0	0	0.018582	0.000222	0.018582	0.000222	0.250105	0.002988
319	A	10457	450462	391279	0.026725	57478	16	450462	244	755210	684548	0.000356	35292	164	753535	0	0	0	nan	0	0	0	0.026369	0.000262	0.026369	0.000262	0.354914	0.003526
320	A	26887	450462	394881	0.068089	57426	16	450462	476	755877	686694	0.000693	35292	164	754226	0	0	0	nan	0	0	0	0.067396	0.000416	0.067396	0.000416	0.907117	0.005599
321	U	6178	450462	395614	0.015616	57360	16	450462	291	756574	701175	0.000415	35292	165	754941	0	0	0	nan	0	0	0	0.015201	0.000200	0.015201	0.000200	0.204598	0.002692
322	G	3606	450462	392628	0.009184	57323	17	450462	710	757162	707034	0.001004	35292	165	755545	0	0	0	nan	0	0	0	0.008180	0.000158	0.008180	0.000158	0.110099	0.002127
323	C	31298	450462	393409	0.079556	57230	17	450462	2842	757532	719003	0.003953	35292	165	755922	0	0	0	nan	0	0	0	0.075603	0.000456	0.075603	0.000456	1.017579	0.006138
324	U	10786	450462	382400	0.028206	57141	17	450462	2635	757785	714586	0.003687	35292	165	756187	0	0	0	nan	0	0	0	0.024519	0.000281	0.024519	0.000281	0.330014	0.003782
325	U	9391	450462	372942	0.025181	56990	17	450462	708	758096	701729	0.001009	35292	165	756506	0	0	0	nan	0	0	0	0.024172	0.000263	0.024172	0.000263	0.325343	0.003540
326	U	6540	450462	356663	0.018337	56853	17	450462	391	758555	689717	0.000567	35292	165	756974	0	0	0	nan	0	0	0	0.017770	0.000229	0.017770	0.000229	0.239175	0.003082
327	A	43628	450462	369770	0.117987	56725	17	450462	789	758718	680705	0.001159	35292	165	757142	0	0	0	nan	0	0	0	0.116828	0.000566	0.116828	0.000566	1.572448	0.007618
328	U	6391	450462	363228	0.017595	56596	17	450462	1317	758943	666073	0.001977	35292	165	757380	0	0	0	nan	0	0	0	0.015618	0.000227	0.015618	0.000227	0.210211	0.003055
329	U	7540	450462	359710	0.020961	56487	17	450462	896	759201	672292	0.001333	35291	165	757652	0	0	0	nan	0	0	0	0.019629	0.000245	0.019629	0.000245	0.264197	0.003298
330	U	6398	450462	363171	0.017617	56353	17	450462	444	759676	683064	0.000650	35286	165	758137	0	0	0	nan	0	0	0	0.016967	0.000222	0.016967	0.000222	0.228368	0.002988
331	G	14698	450462	370789	0.039640	56221	17	450462	539	760138	701291	0.000769	35287	165	758606	0	0	0	nan	0	0	0	0.038871	0.000329	0.038871	0.000329	0.523185	0.004428
332	U	5363	450462	374805	0.014309	56077	17	450462	650	760422	707134	0.000919	35255	165	758902	0	0	0	nan	0	0	0	0.013390	0.000199	0.013390	0.000199	0.180223	0.002678
333	G	11755	450462	361683	0.032501	55927	17	450462	859	760702	689875	0.001245	35255	165	759190	0	0	0	nan	0	0	0	0.031256	0.000303	0.031256	0.000303	0.420690	0.004078
334	A	10113	450462	350429	0.028859	55802	17	450462	354	760826	680971	0.000520	35255	165	759319	0	0	0	nan	0	0	0	0.028339	0.000288	0.028339	0.000288	0.381429	0.003876
335	A	35035	450462	365645	0.095817	55656	17	450462	249	761047	671852	0.000371	35247	165	759543	0	0	0	nan	0	0	0	0.095446	0.000512	0.095446	0.000512	1.284656	0.006891
336	A	40498	450462	376078	0.107685	55587	17	450462	611	761445	666390	0.000917	35201	165	759943	0	0	0	nan	0	0	0	0.106768	0.000536	0.106768	0.000536	1.437045	0.007214
337	U	5164	450462	381205	0.013547	55472	17	450462	1625	761886	678623	0.002395	35199	165	760388	0	0	0	nan	0	0	0	0.011152	0.000198	0.011152	0.000198	0.150100	0.002665
338	U	7861	450462	384473	0.020446	55364	17	450462	390	762476	685585	0.000569	35167	165	760985	0	0	0	nan	0	0	0	0.019877	0.000232	0.019877	0.000232	0.267535	0.003123
339	U	6906	450462	394049	0.017526	55120	17	450462	433	763467	705424	0.000614	35109	166	761994	0	0	0	nan	0	0	0	0.016912	0.000213	0.016912	0.000213	0.227627	0.002867
340	G	11470	450462	392066	0.029255	54813	17	450462	452	763878	698361	0.000647	35105	167	762411	0	0	0	nan	0	0	0	0.028608	0.000275	0.028608	0.000275	0.385050	0.003701
341	U	5217	450462	391030	0.013342	54440	17	450462	600	764138	698279	0.000859	35009	167	762693	0	0	0	nan	0	0	0	0.012482	0.000188	0.012482	0.000188	0.168002	0.002530
342	G	4441	450462	383001	0.011595	54213	17	450462	347	764397	690332	0.000503	35009	167	762969	0	0	0	nan	0	0	0	0.011093	0.000176	0.011093	0.000176	0.149306	0.002369
343	A	29673	450462	386638	0.076746	53848	17	450462	281	764609	701199	0.000401	34959	167	763190	0	0	0	nan	0	0	0	0.076345	0.000446	0.076345	0.000446	1.027566	0.006003
344	U	5893	450462	387240	0.015218	53726	17	450462	505	764963	702189	0.000719	34960	168	763550	0	0	0	nan	0	0	0	0.014499	0.000201	0.014499	0.000201	0.195149	0.002705
345	G	3094	450462	387117	0.007992	53601	17	450462	1018	765731	707393	0.001439	34957	168	764327	0	0	0	nan	0	0	0	0.006553	0.000151	0.006553	0.000151	0.088200	0.002032
346	C	28828	450462	380425	0.075778	53520	17	450462	350	766345	691696	0.000506	34957	169	764943	0	0	0	nan	0	0	0	0.075272	0.000447	0.075272	0.000447	1.013124	0.006016
347	U	5783	450462	376470	0.015361	53459	17	450462	464	766847	688280	0.000674	34957	170	765447	0	0	0	nan	0	0	0	0.014687	0.000204	0.014687	0.000204	0.197680	0.002746
348	A	33163	450462	370026	0.089623	53367	17	450462	501	767793	661022	0.000758	34953	170	766395	0	0	0	nan	0	0	0	0.088866	0.000493	0.088866	0.000493	1.196093	0.006636
349	U	7903	450462	379144	0.020844	53317	17	450462	859	768574	674374	0.001274	34953	171	767178	0	0	0	nan	0	0	0	0.019571	0.000238	0.019571	0.000238	0.263416	0.003203
350	U	5585	450462	382151	0.014615	53256	17	450462	563	769579	679515	0.000829	34948	172	768185	0	0	0	nan	0	0	0	0.013786	0.000199	0.013786	0.000199	0.185553	0.002678
351	G	2135	450462	401315	0.005320	53142	17	450462	787	770292	721734	0.001090	34933	174	768901	0	0	0	nan	0	0	0	0.004230	0.000122	0.004230	0.000122	0.056934	0.001642
352	C	26377	450462	398935	0.066119	53095	17	450462	5416	771040	711882	0.007608	34933	175	769653	0	0	0	nan	0	0	0	0.058511	0.000420	0.058511	0.000420	0.787529	0.005653
353	U	9525	450462	387420	0.024586	53035	17	450462	1919	771634	710965	0.002699	34934	175	770248	0	0	0	nan	0	0	0	0.021887	0.000259	0.021887	0.000259	0.294588	0.003486
354	U	9576	450462	383886	0.024945	52945	17	450462	713	772371	705030	0.001011	34931	176	770988	0	0	0	nan	0	0	0	0.023934	0.000258	0.023934	0.000258	0.322140	0.003473
355	U	7223	450462	378029	0.019107	52763	17	450462	280	772723	721435	0.000388	34926	176	771345	0	0	0	nan	0	0	0	0.018719	0.000226	0.018719	0.000226	0.251949	0.003042
356	A	44182	450462	393749	0.112209	52545	17	450462	825	772846	689213	0.001197	34921	176	771475	0	0	0	nan	0	0	0	0.111012	0.000535	0.111012	0.000535	1.494167	0.007201
357	U	5653	450462	393622	0.014361	52463	17	450462	1710	773011	689183	0.002481	34921	176	771642	0	0	0	nan	0	0	0	0.011880	0.000200	0.011880	0.000200	0.159899	0.002692
358	U	8065	450462	386665	0.020858	52260	16	450462	391	773291	656980	0.000595	34921	176	771925	0	0	0	nan	0	0	0	0.020263	0.000234	0.020263	0.000234	0.272730	0.003150
359	U	8150	450462	399279	0.020412	52092	16	450462	1592	773402	694061	0.002294	34920	176	772047	0	0	0	nan	0	0	0	0.018118	0.000233	0.018118	0.000233	0.243859	0.003136
360	G	8954	450462	401849	0.022282	51749	16	450462	401	773798	691198	0.000580	34937	176	772449	0	0	0	nan	0	0	0	0.021702	0.000237	0.021702	0.000237	0.292098	0.003190
361	U	6888	450462	405630	0.016981	51643	16	450462	552	773963	729885	0.000756	34937	176	772620	0	0	0	nan	0	0	0	0.016225	0.000207	0.016225	0.000207	0.218381	0.002786
362	A	22133	450462	411988	0.053722	51361	16	450462	461	774215	712475	0.000647	34938	178	772886	0	0	0	nan	0	0	0	0.053075	0.000362	0.053075	0.000362	0.714363	0.004872
363	A	0	450462	421575	0.000000	51013	16	450462	0	774366	722270	0.000000	34939	179	773041	0	0	0	nan	0	0	0	0.000000	0.000000	0.000000	0.000000	0.000000	0.000000
364	c	0	450462	0	nan	50682	16	450462	0	774566	0	nan	34959	181	773243	0	0	0	nan	0	0	0	nan	nan	nan	nan	nan	nan
365	c	0	450462	0	nan	49911	16	450462	0	774690	0	nan	34955	181	773374	0	0	0	nan	0	0	0	nan	nan	nan	nan	nan	nan
366	a	0	450462	0	nan	49688	16	450462	0	774892	0	nan	34955	182	773585	0	0	0	nan	0	0	0	nan	nan	nan	nan	nan	nan
367	u	0	450462	0	nan	48899	16	450462	0	775012	0	nan	34953	182	773706	0	0	0	nan	0	0	0	nan	nan	nan	nan	nan	nan
368	u	0	450462	0	nan	48022	16	450462	0	775107	0	nan	34941	185	773885	0	0	0	nan	0	0	0	nan	nan	nan	nan	nan	nan
369	a	0	450462	0	nan	47979	16	450462	0	774526	0	nan	34941	191	774443	0	0	0	nan	0	0	0	nan	nan	nan	nan	nan	nan
370	u	0	450462	0	nan	47505	16	450462	0	774841	0	nan	34936	193	774758	0	0	0	nan	0	0	0	nan	nan	nan	nan	nan	nan
371	a	0	450462	0	nan	47483	16	450462	0	775300	0	nan	34936	195	775236	0	0	0	nan	0	0	0	nan	nan	nan	nan	nan	nan
372	a	0	450462	0	nan	46622	16	450462	0	776496	0	nan	34932	196	776433	0	0	0	nan	0	0	0	nan	nan	nan	nan	nan	nan
373	g	0	450462	0	nan	46590	16	450462	0	778517	0	nan	34932	196	778456	0	0	0	nan	0	0	0	nan	nan	nan	nan	nan	nan
374	c	0	450462	0	nan	46558	16	450462	0	779152	0	nan	34932	196	779092	0	0	0	nan	0	0	0	nan	nan	nan	nan	nan	nan
375	u	0	450462	0	nan	46390	16	450462	0	779439	0	nan	34911	196	779379	0	0	0	nan	0	0	0	nan	nan	nan	nan	nan	nan
376	g	0	450462	0	nan	45967	16	450462	0	779439	0	nan	34787	196	779379	0	0	0	nan	0	0	0	nan	nan	nan	nan	nan	nan
377	c	0	450462	0	nan	45909	16	450462	0	779438	0	nan	34786	196	779379	0	0	0	nan	0	0	0	nan	nan	nan	nan	nan	nan
378	a	0	450462	0	nan	45898	16	450462	0	779436	0	nan	34786	196	779379	0	0	0	nan	0	0	0	nan	nan	nan	nan	nan	nan
379	a	0	450462	0	nan	45799	16	450462	0	779434	0	nan	34604	195	779378	0	0	0	nan	0	0	0	nan	nan	nan	nan	nan	nan
380	u	0	450462	0	nan	45651	16	450462	0	779433	0	nan	34454	195	779378	0	0	0	nan	0	0	0	nan	nan	nan	nan	nan	nan
381	a	0	450462	0	nan	45539	16	450462	0	779428	0	nan	34454	194	779378	0	0	0	nan	0	0	0	nan	nan	nan	nan	nan	nan
382	a	0	450462	0	nan	45445	16	450462	0	779417	0	nan	34215	194	779377	0	0	0	nan	0	0	0	nan	nan	nan	nan	nan	nan
383	a	0	450462	0	nan	45312	16	450462	0	779408	0	nan	34044	194	779377	0	0	0	nan	0	0	0	nan	nan	nan	nan	nan	nan
384	c	0	450462	0	nan	45008	16	450462	0	779397	0	nan	33895	193	779376	0	0	0	nan	0	0	0	nan	nan	nan	nan	nan	nan
385	a	0	450462	0	nan	44527	16	450462	0	779397	0	nan	33895	193	779376	0	0	0	nan	0	0	0	nan	nan	nan	nan	nan	nan
386	a	0	450462	0	nan	44214	16	450462	0	779378	0	nan	33752	193	779375	0	0	0	nan	0	0	0	nan	nan	nan	nan	nan	nan
387	g	0	450462	0	nan	44207	16	450462	0	779376	0	nan	33751	192	779375	0	0	0	nan	0	0	0	nan	nan	nan	nan	nan	nan
388	u	0	450462	0	nan	44197	16	450462	0	779375	0	nan	33751	192	779375	0	0	0	nan	0	0	0	nan	nan	nan	nan	nan	nan
389	u	0	450264	0	nan	44196	16	450264	0	779371	0	nan	33751	192	779371	0	0	0	nan	0	0	0	nan	nan	nan	nan	nan	nan
390	a	0	450258	0	nan	44193	16	450258	0	779367	0	nan	33751	192	779367	0	0	0	nan	0	0	0	nan	nan	nan	nan	nan	nan
391	a	0	450176	0	nan	44192	16	450176	0	779366	0	nan	33751	192	779366	0	0	0	nan	0	0	0	nan	nan	nan	nan	nan	nan
392	c	0	449884	0	nan	44187	16	449884	0	779360	0	nan	33751	192	779360	0	0	0	nan	0	0	0	nan	nan	nan	nan	nan	nan
393	a	0	449690	0	nan	44147	16	449690	0	779359	0	nan	33751	192	779359	0	0	0	nan	0	0	0	nan	nan	nan	nan	nan	nan
394	a	0	449589	0	nan	44146	15	449589	0	779346	0	nan	33751	192	779346	0	0	0	nan	0	0	0	nan	nan	nan	nan	nan	nan
395	c	0	449337	0	nan	44139	15	449337	0	779308	0	nan	33749	192	779308	0	0	0	nan	0	0	0	nan	nan	nan	nan	nan	nan
396	a	0	449313	0	nan	44137	14	449313	0	779293	0	nan	33748	192	779293	0	0	0	nan	0	0	0	nan	nan	nan	nan	nan	nan
397	a	0	448882	0	nan	44096	14	448882	0	778950	0	nan	33732	192	778950	0	0	0	nan	0	0	0	nan	nan	nan	nan	nan	nan
398	c	0	447917	0	nan	43984	14	447917	0	777882	0	nan	33693	192	777882	0	0	0	nan	0	0	0	nan	nan	nan	nan	nan	nan