416	Window=3	Metric=PAIRMAPPER	
i	j	Sig.	Class	Zij	Zi	Zj	Mod_Depth	Mod_Comuts	Unt_Depth	Unt_Comuts
240	273	129.39	1	4.55	2.70	6.39	148843	410	310670	4
28	64	54.18	2	2.08	3.59	0.57	177772	967	489843	3
36	63	83.67	2	3.13	5.51	0.75	186353	479	521624	3
37	62	103.64	2	5.15	9.50	0.80	185462	532	522483	2
37	72	49.21	2	2.62	4.49	0.74	180416	419	488239	8
38	88	36.78	2	2.30	2.84	1.76	169444	1350	466684	4
44	53	464.12	2	9.30	6.87	11.72	174311	680	510850	14
52	106	51.22	2	2.32	3.18	1.46	157211	467	428805	5
67	90	24.45	2	2.50	4.26	0.73	161797	1793	439783	24
90	159	47.31	2	3.52	1.43	5.60	143010	848	329317	6
112	137	29.19	2	2.10	2.32	1.88	80693	259	358819	2
113	136	36.01	2	3.37	2.14	4.61	84691	231	349078	4
115	162	39.63	2	2.70	3.04	2.35	84807	410	302635	5
120	156	27.13	2	4.26	2.57	5.94	67345	185	317962	2
135	146	39.62	2	5.09	9.21	0.98	97547	150	347119	1
140	150	108.43	2	8.22	9.37	7.07	112709	617	338596	28
152	163	36.28	2	3.03	2.96	3.09	109935	902	288735	15
194	254	114.31	2	2.80	2.06	3.54	133365	731	138564	1
195	253	35.05	2	2.03	3.54	0.51	109868	386	118764	0
209	231	127.93	2	5.23	6.78	3.68	118376	374	155092	1
210	230	129.65	2	7.26	3.88	10.65	122647	299	165882	2
214	227	192.54	2	6.37	5.11	7.63	131096	566	201631	0
215	226	61.65	2	3.09	3.24	2.94	135703	390	220416	3
227	253	80.57	2	2.19	3.19	1.18	140082	713	277845	5
237	276	311.10	2	4.77	3.11	6.42	153867	1285	345018	1
238	275	161.55	2	3.60	4.17	3.02	152690	630	334082	1
239	274	33.94	2	2.49	4.30	0.68	154500	238	327604	5
241	272	169.70	2	5.15	3.21	7.09	164751	522	366413	3
242	271	318.09	2	7.35	6.82	7.88	161329	619	397513	3
243	270	272.26	2	6.68	5.59	7.77	166746	717	419196	19
249	267	45.58	2	6.62	6.81	6.42	151334	652	358265	3
320	333	49.90	2	5.87	5.81	5.92	169000	1047	603501	46
26	106	29.00	0	1.26	1.70	0.83	159937	745	433037	7
32	50	31.27	0	1.40	0.12	2.69	185882	6390	521473	15
34	52	25.47	0	1.35	1.12	1.58	182167	251	501480	13
35	64	83.71	0	1.77	2.65	0.89	181406	551	493882	10
41	58	37.78	0	1.32	0.65	1.99	180581	553	511448	3
41	69	114.32	0	1.42	1.99	0.86	174566	2069	496077	3
53	72	34.07	0	0.68	0.86	0.51	174948	577	462778	12
53	105	50.53	0	1.98	1.28	2.68	151819	321	406233	6
56	80	25.45	0	5.07	5.21	4.93	170074	703	455653	5
69	86	43.60	0	2.18	0.32	4.03	158501	2160	428245	8
88	105	25.37	0	1.28	1.21	1.35	144203	792	393345	6
88	116	34.52	0	1.49	1.65	1.33	103349	921	398953	5
90	153	27.28	0	1.75	0.82	2.68	123756	1227	326870	13
111	121	25.28	0	4.69	7.38	2.01	68614	346	395863	4
116	142	33.64	0	2.28	1.30	3.26	77023	937	352404	18
170	291	24.03	0	3.41	4.18	2.65	112048	1795	128639	1
188	240	82.88	0	1.84	1.94	1.73	127330	760	129797	0
191	257	113.30	0	2.81	2.91	2.72	137184	1067	152856	7
192	256	166.91	0	3.68	1.74	5.62	141006	1495	155462	2
193	255	332.76	0	5.05	5.69	4.41	135904	1215	139767	1
202	246	42.56	0	3.39	3.58	3.19	142651	1390	174770	2
202	257	38.67	0	2.09	3.25	0.92	142853	1076	178215	5
228	254	29.92	0	1.06	1.21	0.92	152931	416	326828	8
234	247	24.21	0	1.24	0.52	1.97	142723	1093	259545	5
276	287	39.26	0	3.75	0.81	6.69	149664	1784	542414	2
296	305	29.28	0	4.51	5.01	4.02	149929	1165	570661	8
361	373	31.57	0	7.14	7.18	7.09	186094	1152	639776	7
