Nucleotide	Sequence	Modified_mutations	Modified_read_depth	Modified_effective_depth	Modified_rate	Modified_off_target_mapped_depth	Modified_low_mapq_mapped_depth	Modified_primer_pair_1_mapped_depth	Untreated_mutations	Untreated_read_depth	Untreated_effective_depth	Untreated_rate	Untreated_off_target_mapped_depth	Untreated_low_mapq_mapped_depth	Untreated_primer_pair_1_mapped_depth	Denatured_mutations	Denatured_read_depth	Denatured_effective_depth	Denatured_rate	Denatured_off_target_mapped_depth	Denatured_low_mapq_mapped_depth	Denatured_primer_pair_1_mapped_depth	Reactivity_profile	Std_err	HQ_profile	HQ_stderr	Norm_profile	Norm_stderr
1	c	0	199207	0	nan	245986	227	199207	0	677332	0	nan	84	41	677332	0	0	0	nan	0	0	0	nan	nan	nan	nan	nan	nan
2	c	0	200175	0	nan	246684	227	200175	0	678338	0	nan	86	41	678338	0	0	0	nan	0	0	0	nan	nan	nan	nan	nan	nan
3	g	0	200864	0	nan	246919	227	200864	0	679035	0	nan	86	41	679035	0	0	0	nan	0	0	0	nan	nan	nan	nan	nan	nan
4	a	0	201149	0	nan	246990	227	201149	0	679175	0	nan	87	41	679175	0	0	0	nan	0	0	0	nan	nan	nan	nan	nan	nan
5	g	0	201446	0	nan	247113	227	201446	0	679430	0	nan	87	41	679430	0	0	0	nan	0	0	0	nan	nan	nan	nan	nan	nan
6	u	0	201825	0	nan	247174	227	201825	0	679447	0	nan	87	41	679447	0	0	0	nan	0	0	0	nan	nan	nan	nan	nan	nan
7	a	0	202020	0	nan	247180	227	202020	0	679450	0	nan	87	41	679450	0	0	0	nan	0	0	0	nan	nan	nan	nan	nan	nan
8	a	0	202481	0	nan	247185	227	202481	0	679458	0	nan	87	41	679458	0	0	0	nan	0	0	0	nan	nan	nan	nan	nan	nan
9	c	0	202663	0	nan	247199	227	202663	0	679495	0	nan	87	41	679495	0	0	0	nan	0	0	0	nan	nan	nan	nan	nan	nan
10	c	0	202854	0	nan	247199	227	202854	0	679497	0	nan	87	41	679497	0	0	0	nan	0	0	0	nan	nan	nan	nan	nan	nan
11	a	0	203031	0	nan	247200	227	203031	0	679497	0	nan	89	41	679497	0	0	0	nan	0	0	0	nan	nan	nan	nan	nan	nan
12	u	0	203031	0	nan	247323	227	203031	0	679498	0	nan	90	41	679497	0	0	0	nan	0	0	0	nan	nan	nan	nan	nan	nan
13	c	0	203031	0	nan	247655	227	203031	0	679498	0	nan	92	41	679497	0	0	0	nan	0	0	0	nan	nan	nan	nan	nan	nan
14	a	0	203031	0	nan	247853	227	203031	0	679498	0	nan	94	41	679497	0	0	0	nan	0	0	0	nan	nan	nan	nan	nan	nan
15	a	0	203031	0	nan	248254	227	203031	0	679498	0	nan	98	41	679497	0	0	0	nan	0	0	0	nan	nan	nan	nan	nan	nan
16	c	0	203031	0	nan	248668	227	203031	0	679498	0	nan	98	41	679497	0	0	0	nan	0	0	0	nan	nan	nan	nan	nan	nan
17	g	0	203031	0	nan	248900	227	203031	0	679498	0	nan	98	41	679497	0	0	0	nan	0	0	0	nan	nan	nan	nan	nan	nan
18	g	0	203031	0	nan	249339	227	203031	0	679498	0	nan	98	41	679497	0	0	0	nan	0	0	0	nan	nan	nan	nan	nan	nan
19	a	0	203031	0	nan	249742	227	203031	0	679500	0	nan	98	41	679497	0	0	0	nan	0	0	0	nan	nan	nan	nan	nan	nan
20	g	0	203031	0	nan	250539	227	203031	0	679501	0	nan	98	41	679497	0	0	0	nan	0	0	0	nan	nan	nan	nan	nan	nan
21	U	0	203031	195946	0.000000	251102	227	203031	1	679501	596661	0.000002	99	41	679497	0	0	0	nan	0	0	0	-0.000002	0.000002	-0.000002	0.000002	-0.000029	0.000029
22	G	1105	203031	190140	0.005812	251615	227	203031	305	679501	599579	0.000509	100	41	679497	0	0	0	nan	0	0	0	0.005303	0.000177	0.005303	0.000177	0.076601	0.002557
23	A	15225	203031	192604	0.079048	251960	227	203031	347	679502	583769	0.000594	103	41	679497	0	0	0	nan	0	0	0	0.078454	0.000641	0.078454	0.000641	1.133261	0.009259
24	C	17151	203031	190194	0.090176	252456	227	203031	202	676349	577894	0.000350	103	41	676344	0	0	0	nan	0	0	0	0.089827	0.000689	0.089827	0.000689	1.297543	0.009953
25	C	10021	203031	187923	0.053325	252867	227	203031	421	673690	557999	0.000754	104	41	673684	0	0	0	nan	0	0	0	0.052571	0.000534	0.052571	0.000534	0.759383	0.007714
26	G	959	203031	183621	0.005223	251889	227	203031	575	669826	518825	0.001108	104	41	669820	0	0	0	nan	0	0	0	0.004114	0.000175	0.004114	0.000175	0.059426	0.002528
27	G	1987	203031	183433	0.010832	244684	64	203031	947	664493	514589	0.001840	105	7	664476	0	0	0	nan	0	0	0	0.008992	0.000250	0.008992	0.000250	0.129889	0.003611
28	C	8508	203031	184815	0.046035	243468	44	203031	219	662836	526695	0.000416	105	7	662819	0	0	0	nan	0	0	0	0.045619	0.000500	0.045619	0.000500	0.658962	0.007222
29	U	2442	203031	184685	0.013223	243318	43	203031	243	660122	541819	0.000448	105	7	660105	0	0	0	nan	0	0	0	0.012774	0.000269	0.012774	0.000269	0.184519	0.003886
30	G	830	203031	180277	0.004604	242550	39	203031	515	655178	509124	0.001012	105	7	655161	0	0	0	nan	0	0	0	0.003592	0.000166	0.003592	0.000166	0.051886	0.002398
31	G	1391	203031	178063	0.007812	241598	22	203031	742	652343	501230	0.001480	105	7	652326	0	0	0	nan	0	0	0	0.006331	0.000216	0.006331	0.000216	0.091451	0.003120
32	C	35903	203031	183324	0.195845	241267	20	203031	548	650976	508867	0.001077	105	7	650959	0	0	0	nan	0	0	0	0.194768	0.001035	0.194768	0.001035	2.813407	0.014950
33	G	833	203031	187941	0.004432	241407	20	203031	469	649034	513622	0.000913	105	7	649017	0	0	0	nan	0	0	0	0.003519	0.000159	0.003519	0.000159	0.050832	0.002297
34	G	1813	203031	188514	0.009617	241728	20	203031	1463	647977	517197	0.002829	105	7	647960	0	0	0	nan	0	0	0	0.006789	0.000238	0.006789	0.000238	0.098067	0.003438
35	C	2987	203031	189137	0.015793	241861	20	203031	223	646889	522142	0.000427	105	7	646870	0	0	0	nan	0	0	0	0.015366	0.000290	0.015366	0.000290	0.221961	0.004189
36	U	879	203031	192236	0.004573	241836	20	203031	311	645544	549260	0.000566	105	7	645525	0	0	0	nan	0	0	0	0.004006	0.000158	0.004006	0.000158	0.057866	0.002282
37	G	1968	203031	193582	0.010166	241703	19	203031	449	644207	562876	0.000798	106	7	644188	0	0	0	nan	0	0	0	0.009369	0.000232	0.009369	0.000232	0.135334	0.003351
38	U	1082	203031	192022	0.005635	241604	19	203031	391	643261	559132	0.000699	106	7	643242	0	0	0	nan	0	0	0	0.004935	0.000175	0.004935	0.000175	0.071286	0.002528
39	G	800	203031	188832	0.004237	241329	19	203031	585	641753	554603	0.001055	108	7	641734	0	0	0	nan	0	0	0	0.003182	0.000156	0.003182	0.000156	0.045964	0.002253
40	C	11861	203031	187522	0.063251	240844	19	203031	305	640312	536285	0.000569	108	7	640290	0	0	0	nan	0	0	0	0.062683	0.000582	0.062683	0.000582	0.905450	0.008407
41	G	1201	203031	182840	0.006569	240500	17	203031	287	639059	531531	0.000540	108	7	639032	0	0	0	nan	0	0	0	0.006029	0.000192	0.006029	0.000192	0.087088	0.002773
42	A	6359	203031	180909	0.035150	240159	17	203031	212	638100	549212	0.000386	108	7	638073	0	0	0	nan	0	0	0	0.034764	0.000442	0.034764	0.000442	0.502163	0.006385
43	A	8208	203031	179039	0.045845	239790	16	203031	229	636953	550025	0.000416	108	7	636926	0	0	0	nan	0	0	0	0.045428	0.000507	0.045428	0.000507	0.656203	0.007324
44	C	4747	203031	180010	0.026371	239433	17	203031	233	635322	551126	0.000423	108	6	635295	0	0	0	nan	0	0	0	0.025948	0.000384	0.025948	0.000384	0.374817	0.005547
45	G	2179	203031	178615	0.012199	238856	14	203031	1277	633906	536218	0.002381	108	5	633878	0	0	0	nan	0	0	0	0.009818	0.000270	0.009818	0.000270	0.141820	0.003900
46	C	2825	203031	175715	0.016077	238191	14	203031	177	631884	529818	0.000334	109	5	631855	0	0	0	nan	0	0	0	0.015743	0.000304	0.015743	0.000304	0.227406	0.004391
47	A	13648	203031	175654	0.077698	237519	14	203031	460	629270	519934	0.000885	109	5	629239	0	0	0	nan	0	0	0	0.076813	0.000666	0.076813	0.000666	1.109557	0.009620
48	U	3213	203031	178038	0.018047	237421	14	203031	358	627709	507129	0.000706	109	5	627677	0	0	0	nan	0	0	0	0.017341	0.000321	0.017341	0.000321	0.250489	0.004637
49	U	4272	203031	170498	0.025056	237112	14	203031	719	626350	515430	0.001395	109	5	626318	0	0	0	nan	0	0	0	0.023661	0.000387	0.023661	0.000387	0.341781	0.005590
50	C	25028	203031	185924	0.134614	236503	14	203031	195	624867	527656	0.000370	109	5	624835	0	0	0	nan	0	0	0	0.134245	0.000851	0.134245	0.000851	1.939157	0.012293
51	U	3387	203031	186684	0.018143	236267	13	203031	257	623186	528695	0.000486	109	5	623154	0	0	0	nan	0	0	0	0.017657	0.000313	0.017657	0.000313	0.255054	0.004521
52	G	2283	203031	182335	0.012521	235589	13	203031	552	619847	499172	0.001106	110	5	619813	0	0	0	nan	0	0	0	0.011415	0.000266	0.011415	0.000266	0.164889	0.003842
53	G	1170	203031	181769	0.006437	234559	13	203031	829	616647	492317	0.001684	110	5	616613	0	0	0	nan	0	0	0	0.004753	0.000197	0.004753	0.000197	0.068657	0.002846
54	C	2919	203031	180856	0.016140	233964	13	203031	282	614855	483454	0.000583	110	5	614821	0	0	0	nan	0	0	0	0.015557	0.000301	0.015557	0.000301	0.224719	0.004348
55	G	1388	203031	175899	0.007891	233465	13	203031	464	613566	472103	0.000983	110	5	613532	0	0	0	nan	0	0	0	0.006908	0.000217	0.006908	0.000217	0.099785	0.003135
56	A	9994	203031	174163	0.057383	232747	12	203031	188	611811	456616	0.000412	111	3	611774	0	0	0	nan	0	0	0	0.056971	0.000575	0.056971	0.000575	0.822941	0.008306
57	A	18557	203031	177454	0.104574	232073	12	203031	329	609178	449153	0.000732	111	3	609139	0	0	0	nan	0	0	0	0.103841	0.000769	0.103841	0.000769	1.499974	0.011108
58	U	1681	203031	180866	0.009294	231619	12	203031	352	606701	477596	0.000737	111	3	606661	0	0	0	nan	0	0	0	0.008557	0.000230	0.008557	0.000230	0.123605	0.003322
59	U	1392	203031	184438	0.007547	231109	12	203031	641	605650	493027	0.001300	111	3	605609	0	0	0	nan	0	0	0	0.006247	0.000209	0.006247	0.000209	0.090237	0.003019
60	C	2233	203031	185894	0.012012	230652	12	203031	250	604531	510884	0.000489	111	3	604490	0	0	0	nan	0	0	0	0.011523	0.000256	0.011523	0.000256	0.166449	0.003698
61	U	685	203031	185371	0.003695	230372	12	203031	383	603391	503188	0.000761	111	3	603350	0	0	0	nan	0	0	0	0.002934	0.000146	0.002934	0.000146	0.042381	0.002109
62	C	2819	203031	182332	0.015461	229710	12	203031	190	601399	499739	0.000380	111	3	601357	0	0	0	nan	0	0	0	0.015081	0.000292	0.015081	0.000292	0.217844	0.004218
63	A	4593	203031	183465	0.025035	229190	12	203031	249	599939	505576	0.000493	111	3	599897	0	0	0	nan	0	0	0	0.024542	0.000371	0.024542	0.000371	0.354507	0.005359
64	C	10055	203031	180801	0.055614	228803	12	203031	207	598516	489680	0.000423	112	3	598475	0	0	0	nan	0	0	0	0.055191	0.000555	0.055191	0.000555	0.797229	0.008017
65	G	1012	203031	178100	0.005682	228180	12	203031	525	596613	467915	0.001122	112	3	596571	0	0	0	nan	0	0	0	0.004560	0.000185	0.004560	0.000185	0.065869	0.002672
66	G	1366	203031	175975	0.007762	227293	12	203031	867	594884	456430	0.001900	175	3	594790	0	0	0	nan	0	0	0	0.005863	0.000220	0.005863	0.000220	0.084691	0.003178
67	C	9590	203031	174152	0.055067	226494	12	203031	9014	592757	456426	0.019749	179	3	592660	0	0	0	nan	0	0	0	0.035318	0.000600	0.035318	0.000600	0.510165	0.008667
68	U	1856	203031	175700	0.010563	225955	12	203031	572	591430	471083	0.001214	181	3	591330	0	0	0	nan	0	0	0	0.009349	0.000250	0.009349	0.000250	0.135045	0.003611
69	U	2700	203031	174129	0.015506	225297	12	203031	313	590202	473700	0.000661	181	3	590101	0	0	0	nan	0	0	0	0.014845	0.000301	0.014845	0.000301	0.214435	0.004348
70	U	2264	203031	172468	0.013127	224591	12	203031	1059	588947	477221	0.002219	185	3	588845	0	0	0	nan	0	0	0	0.010908	0.000284	0.010908	0.000284	0.157565	0.004102
71	C	15694	203031	175501	0.089424	223996	16	203031	197	587883	485661	0.000406	187	3	587779	0	0	0	nan	0	0	0	0.089018	0.000714	0.089018	0.000714	1.285857	0.010314
72	C	11262	203031	178000	0.063270	223154	16	203031	233	587030	463154	0.000503	187	3	586927	0	0	0	nan	0	0	0	0.062767	0.000597	0.062767	0.000597	0.906664	0.008624
73	G	1750	203031	178330	0.009813	222421	17	203031	1002	585879	470752	0.002129	188	3	585776	0	0	0	nan	0	0	0	0.007685	0.000244	0.007685	0.000244	0.111009	0.003525
74	C	2539	203031	177815	0.014279	221984	19	203031	353	584964	476362	0.000741	190	3	584859	0	0	0	nan	0	0	0	0.013538	0.000286	0.013538	0.000286	0.195555	0.004131
75	C	2620	203031	176327	0.014859	220928	19	203031	390	583486	507283	0.000769	191	3	583381	0	0	0	nan	0	0	0	0.014090	0.000293	0.014090	0.000293	0.203529	0.004232
76	U	1533	203031	175728	0.008724	220645	19	203031	293	580748	497781	0.000589	196	3	580631	0	0	0	nan	0	0	0	0.008135	0.000225	0.008135	0.000225	0.117509	0.003250
77	G	504	203031	160417	0.003142	220551	19	203031	193	578606	432987	0.000446	197	3	578486	0	0	0	nan	0	0	0	0.002696	0.000144	0.002696	0.000144	0.038943	0.002080
78	A	11217	203031	164753	0.068084	219039	19	203031	320	577084	419214	0.000763	197	3	576963	0	0	0	nan	0	0	0	0.067320	0.000644	0.067320	0.000644	0.972431	0.009303
79	G	1399	203031	161995	0.008636	220741	25	203031	743	576093	407284	0.001824	197	3	575971	0	0	0	nan	0	0	0	0.006812	0.000240	0.006812	0.000240	0.098399	0.003467
80	G	1649	203031	171171	0.009634	219828	25	203031	956	574854	439725	0.002174	197	3	574729	0	0	0	nan	0	0	0	0.007460	0.000247	0.007460	0.000247	0.107759	0.003568
81	U	1196	203031	165319	0.007234	218997	25	203031	300	574015	449084	0.000668	198	3	573890	0	0	0	nan	0	0	0	0.006566	0.000213	0.006566	0.000213	0.094845	0.003077
82	U	1109	203031	165993	0.006681	218046	26	203031	225	572493	472451	0.000476	198	3	572369	0	0	0	nan	0	0	0	0.006205	0.000203	0.006205	0.000203	0.089631	0.002932
83	G	1238	203031	160076	0.007734	216875	26	203031	179	569740	452528	0.000396	198	3	569615	0	0	0	nan	0	0	0	0.007338	0.000222	0.007338	0.000222	0.105997	0.003207
84	A	8766	203031	161142	0.054399	215294	25	203031	245	566730	448615	0.000546	198	3	566605	0	0	0	nan	0	0	0	0.053853	0.000582	0.053853	0.000582	0.777902	0.008407
85	A	8963	203031	159414	0.056225	214603	25	203031	242	564487	440183	0.000550	198	3	564362	0	0	0	nan	0	0	0	0.055675	0.000595	0.055675	0.000595	0.804220	0.008595
86	G	5081	203031	158443	0.032068	215861	54	203031	217	562337	427693	0.000507	225	4	562189	0	0	0	nan	0	0	0	0.031561	0.000451	0.031561	0.000451	0.455896	0.006515
87	A	11643	203031	157530	0.073910	214623	54	203031	256	560371	418157	0.000612	225	4	560222	0	0	0	nan	0	0	0	0.073298	0.000686	0.073298	0.000686	1.058783	0.009909
88	G	853	203031	156293	0.005458	214022	54	203031	528	558608	415770	0.001270	226	4	558457	0	0	0	nan	0	0	0	0.004188	0.000195	0.004188	0.000195	0.060495	0.002817
89	C	3950	203031	157847	0.025024	213162	53	203031	175	556898	435530	0.000402	226	4	556747	0	0	0	nan	0	0	0	0.024622	0.000399	0.024622	0.000399	0.355663	0.005764
90	A	12110	203031	161353	0.075053	212372	54	203031	190	555366	443409	0.000428	227	4	555214	0	0	0	nan	0	0	0	0.074624	0.000683	0.074624	0.000683	1.077937	0.009866
91	A	9303	203031	162468	0.057261	211622	54	203031	161	553211	430258	0.000374	375	4	552935	0	0	0	nan	0	0	0	0.056886	0.000594	0.056886	0.000594	0.821713	0.008580
92	G	928	203031	162259	0.005719	210922	56	203031	496	550764	419858	0.001181	375	4	550488	0	0	0	nan	0	0	0	0.004538	0.000195	0.004538	0.000195	0.065551	0.002817
93	C	3673	203031	162934	0.022543	210372	57	203031	464	549154	409028	0.001134	438	4	548846	0	0	0	nan	0	0	0	0.021408	0.000376	0.021408	0.000376	0.309237	0.005431
94	C	9455	203031	163943	0.057672	209644	58	203031	453	547745	419245	0.001081	439	4	547434	0	0	0	nan	0	0	0	0.056592	0.000595	0.056592	0.000595	0.817466	0.008595
95	G	5552	203031	164424	0.033766	208710	59	203031	14988	545795	428140	0.035007	444	4	545477	0	0	0	nan	0	0	0	-0.001241	0.000536	-0.001241	0.000536	-0.017926	0.007742
96	C	2888	203031	163496	0.017664	257873	1038	203031	388	562274	449113	0.000864	24113	136	544042	0	0	0	nan	0	0	0	0.016800	0.000332	0.016800	0.000332	0.242675	0.004796
97	C	3980	203031	165671	0.024024	257243	1039	203031	231	560056	451772	0.000511	24150	136	541756	0	0	0	nan	0	0	0	0.023512	0.000382	0.023512	0.000382	0.339629	0.005518
98	G	500	203031	151804	0.003294	257447	1051	203031	189	557343	413966	0.000457	24200	136	538995	0	0	0	nan	0	0	0	0.002837	0.000151	0.002837	0.000151	0.040980	0.002181
99	A	3001	203031	147809	0.020303	255905	1051	203031	207	554430	408781	0.000506	24201	136	536076	0	0	0	nan	0	0	0	0.019797	0.000372	0.019797	0.000372	0.285966	0.005374
100	U	1277	203031	141768	0.009008	256109	1056	203031	176	552795	382646	0.000460	24202	136	534441	0	0	0	nan	0	0	0	0.008548	0.000254	0.008548	0.000254	0.123475	0.003669
101	A	11267	203031	145805	0.077274	257683	1070	203031	259	551154	415657	0.000623	24208	136	532799	0	0	0	nan	0	0	0	0.076651	0.000729	0.076651	0.000729	1.107217	0.010530
102	C	19181	203031	151926	0.126252	259749	1084	203031	132	549437	409803	0.000322	24209	136	531081	0	0	0	nan	0	0	0	0.125930	0.000912	0.125930	0.000912	1.819048	0.013174
103	A	15545	203031	156111	0.099577	261490	1103	203031	285	547749	427705	0.000666	24214	137	529387	0	0	0	nan	0	0	0	0.098910	0.000800	0.098910	0.000800	1.428746	0.011556
104	U	2104	203031	149333	0.014089	262794	1105	203031	299	546707	414224	0.000722	24216	137	528343	0	0	0	nan	0	0	0	0.013367	0.000310	0.013367	0.000310	0.193085	0.004478
105	U	1756	203031	144171	0.012180	262066	1104	203031	252	545454	396789	0.000635	24217	137	527090	0	0	0	nan	0	0	0	0.011545	0.000293	0.011545	0.000293	0.166767	0.004232
106	G	1257	203031	145538	0.008637	261037	1105	203031	644	544292	399227	0.001613	24217	136	525928	0	0	0	nan	0	0	0	0.007024	0.000252	0.007024	0.000252	0.101461	0.003640
107	C	4578	203031	150796	0.030359	260091	1104	203031	379	543495	418581	0.000905	24220	136	525130	0	0	0	nan	0	0	0	0.029453	0.000451	0.029453	0.000451	0.425446	0.006515
108	C	4388	203031	151566	0.028951	258252	1104	203031	245	542190	453193	0.000541	24220	136	523825	0	0	0	nan	0	0	0	0.028410	0.000438	0.028410	0.000438	0.410380	0.006327
109	U	1363	203031	130280	0.010462	255416	1101	203031	276	540606	431892	0.000639	24220	136	522241	0	0	0	nan	0	0	0	0.009823	0.000286	0.009823	0.000286	0.141892	0.004131
110	A	15000	203031	126928	0.118177	252846	1101	203031	281	538763	422616	0.000665	24220	136	520397	0	0	0	nan	0	0	0	0.117512	0.000966	0.117512	0.000966	1.697451	0.013954
111	U	2550	203031	121323	0.021018	251839	1099	203031	244	537398	400298	0.000610	24221	135	519031	0	0	0	nan	0	0	0	0.020409	0.000418	0.020409	0.000418	0.294806	0.006038
112	G	597	203031	112995	0.005283	249871	1098	203031	297	535819	421153	0.000705	24220	135	517452	0	0	0	nan	0	0	0	0.004578	0.000220	0.004578	0.000220	0.066129	0.003178
113	U	1123	203031	117047	0.009594	247831	1098	203031	660	534482	406824	0.001622	24220	135	516115	0	0	0	nan	0	0	0	0.007972	0.000293	0.007972	0.000293	0.115155	0.004232
114	C	3681	203031	111311	0.033070	245672	1098	203031	282	532618	423091	0.000667	24220	135	514251	0	0	0	nan	0	0	0	0.032403	0.000547	0.032403	0.000547	0.468058	0.007901
115	C	2679	203031	98649	0.027157	242472	1099	203031	206	530700	416624	0.000494	24220	135	512333	0	0	0	nan	0	0	0	0.026662	0.000526	0.026662	0.000526	0.385130	0.007598
116	U	803	203031	89151	0.009007	238980	1098	203031	297	528988	411563	0.000722	24220	135	510621	0	0	0	nan	0	0	0	0.008286	0.000321	0.008286	0.000321	0.119691	0.004637
117	G	736	203031	81893	0.008987	235918	1098	203031	1019	526077	411995	0.002473	24222	135	507710	0	0	0	nan	0	0	0	0.006514	0.000340	0.006514	0.000340	0.094094	0.004911
118	C	7194	203031	80843	0.088987	232467	1098	203031	216	524237	395589	0.000546	24222	135	505870	0	0	0	nan	0	0	0	0.088441	0.001050	0.088441	0.001050	1.277522	0.015167
119	G	584	203031	66080	0.008838	229614	1098	203031	961	521608	402403	0.002388	24222	135	503241	0	0	0	nan	0	0	0	0.006450	0.000374	0.006450	0.000374	0.093170	0.005402
120	C	945	203031	65844	0.014352	227235	1097	203031	119	519412	382162	0.000311	24221	135	501045	0	0	0	nan	0	0	0	0.014041	0.000468	0.014041	0.000468	0.202821	0.006760
121	A	3405	203031	62862	0.054166	224357	1095	203031	322	516546	400624	0.000804	24221	135	498179	0	0	0	nan	0	0	0	0.053363	0.000929	0.053363	0.000929	0.770824	0.013419
122	C	3165	203031	71658	0.044168	220919	1060	203031	90	514428	388981	0.000231	24221	88	496065	0	0	0	nan	0	0	0	0.043937	0.000785	0.043937	0.000785	0.634666	0.011339
123	A	4137	203031	59959	0.068997	218441	1012	203031	185	511031	374422	0.000494	24221	71	492769	0	0	0	nan	0	0	0	0.068503	0.001073	0.068503	0.001073	0.989520	0.015499
124	A	6262	203031	69660	0.089894	214185	881	203031	283	507286	354284	0.000799	24221	53	489160	0	0	0	nan	0	0	0	0.089095	0.001137	0.089095	0.001137	1.286969	0.016424
125	G	4863	203031	75751	0.064197	212588	803	203031	430	504494	347093	0.001239	24219	39	486468	0	0	0	nan	0	0	0	0.062958	0.000923	0.062958	0.000923	0.909423	0.013333
126	A	6796	203031	84317	0.080601	209943	686	203031	291	502428	358987	0.000811	24219	32	484505	0	0	0	nan	0	0	0	0.079790	0.000979	0.079790	0.000979	1.152560	0.014142
127	A	4009	203031	77446	0.051765	208253	608	203031	159	500535	351139	0.000453	24219	24	482713	0	0	0	nan	0	0	0	0.051312	0.000818	0.051312	0.000818	0.741197	0.011816
128	A	2815	203031	80785	0.034846	206585	557	203031	214	497593	353132	0.000606	24219	11	479899	0	0	0	nan	0	0	0	0.034240	0.000658	0.034240	0.000658	0.494594	0.009505
129	G	307	203031	72150	0.004255	205102	469	203031	397	495271	352389	0.001127	24219	2	477676	0	0	0	nan	0	0	0	0.003128	0.000249	0.003128	0.000249	0.045184	0.003597
130	C	576	203031	96251	0.005984	202668	367	203031	139	492794	365708	0.000380	24219	2	475315	0	0	0	nan	0	0	0	0.005604	0.000251	0.005604	0.000251	0.080949	0.003626
131	G	1053	203031	91709	0.011482	199889	281	203031	727	489976	368427	0.001973	24219	2	472592	0	0	0	nan	0	0	0	0.009509	0.000361	0.009509	0.000361	0.137357	0.005215
132	G	208	203031	89700	0.002319	197365	210	203031	229	486969	354756	0.000646	24219	2	469716	0	0	0	nan	0	0	0	0.001673	0.000166	0.001673	0.000166	0.024166	0.002398
133	U	749	203031	68225	0.010978	194506	145	203031	203	484068	336211	0.000604	24221	1	466941	0	0	0	nan	0	0	0	0.010375	0.000403	0.010375	0.000403	0.149866	0.005821
134	A	3903	203031	54303	0.071874	192002	95	203031	197	481325	332407	0.000593	24221	1	464295	0	0	0	nan	0	0	0	0.071282	0.001151	0.071282	0.001151	1.029662	0.016626
135	U	1025	203031	68640	0.014933	190756	74	203031	165	479399	338636	0.000487	24220	1	462468	0	0	0	nan	0	0	0	0.014446	0.000468	0.014446	0.000468	0.208671	0.006760
136	G	333	203031	76190	0.004371	189908	63	203031	283	477724	333666	0.000848	24220	1	460898	0	0	0	nan	0	0	0	0.003522	0.000245	0.003522	0.000245	0.050875	0.003539
137	G	223	203031	92236	0.002418	189200	54	203031	295	475196	334280	0.000882	24232	1	458533	0	0	0	nan	0	0	0	0.001535	0.000170	0.001535	0.000170	0.022173	0.002456
138	A	3414	203031	89218	0.038266	187965	43	203031	240	473271	333423	0.000720	24232	1	456742	0	0	0	nan	0	0	0	0.037546	0.000657	0.037546	0.000657	0.542349	0.009490
139	C	2777	203031	94113	0.029507	187096	40	203031	321	471332	342503	0.000937	24232	1	454990	0	0	0	nan	0	0	0	0.028570	0.000562	0.028570	0.000562	0.412691	0.008118
140	C	9532	203031	114853	0.082993	185331	34	203031	328	468260	350905	0.000935	24233	1	452093	0	0	0	nan	0	0	0	0.082058	0.000852	0.082058	0.000852	1.185321	0.012307
141	G	599	203031	102589	0.005839	184555	32	203031	511	465316	339613	0.001505	24234	1	449266	0	0	0	nan	0	0	0	0.004334	0.000248	0.004334	0.000248	0.062604	0.003582
142	G	670	203031	97811	0.006850	183489	30	203031	940	463380	339914	0.002765	24232	1	447416	0	0	0	nan	0	0	0	0.004085	0.000280	0.004085	0.000280	0.059007	0.004045
143	C	2693	203031	82565	0.032617	182833	26	203031	159	461818	319840	0.000497	24233	1	445926	0	0	0	nan	0	0	0	0.032120	0.000630	0.032120	0.000630	0.463971	0.009100
144	A	12693	203031	96203	0.131940	181561	24	203031	356	460162	333392	0.001068	24233	1	444307	0	0	0	nan	0	0	0	0.130872	0.001172	0.130872	0.001172	1.890435	0.016929
145	C	10294	203031	112487	0.091513	180960	24	203031	457	458979	334529	0.001366	24233	1	443167	0	0	0	nan	0	0	0	0.090147	0.000904	0.090147	0.000904	1.302165	0.013058
146	C	3853	203031	134356	0.028678	180195	23	203031	172	457462	356273	0.000483	24233	1	441713	0	0	0	nan	0	0	0	0.028195	0.000463	0.028195	0.000463	0.407274	0.006688
147	C	2210	203031	109608	0.020163	179127	23	203031	183	455716	355707	0.000514	24235	1	440031	0	0	0	nan	0	0	0	0.019648	0.000431	0.019648	0.000431	0.283814	0.006226
148	A	4048	203031	101908	0.039722	177940	20	203031	169	453374	328729	0.000514	24236	1	437779	0	0	0	nan	0	0	0	0.039208	0.000626	0.039208	0.000626	0.566356	0.009043
149	G	694	203031	109105	0.006361	177228	17	203031	367	451651	329439	0.001114	24234	1	436157	0	0	0	nan	0	0	0	0.005247	0.000248	0.005247	0.000248	0.075792	0.003582
150	C	1067	203031	129521	0.008238	176338	17	203031	618	449991	329952	0.001873	24239	0	434620	0	0	0	nan	0	0	0	0.006365	0.000263	0.006365	0.000263	0.091942	0.003799
151	C	3340	203031	137389	0.024311	174304	14	203031	265	447392	334897	0.000791	24240	0	432231	0	0	0	nan	0	0	0	0.023519	0.000423	0.023519	0.000423	0.339730	0.006110
152	G	2494	203031	119873	0.020805	172467	10	203031	2365	444156	342310	0.006909	24242	0	429116	0	0	0	nan	0	0	0	0.013896	0.000440	0.013896	0.000440	0.200726	0.006356
153	C	8350	203031	115364	0.072380	169307	8	203031	3606	441054	320654	0.011246	24247	0	426176	0	0	0	nan	0	0	0	0.061134	0.000814	0.061134	0.000814	0.883075	0.011758
154	U	441	203031	95117	0.004636	167512	7	203031	227	436995	311668	0.000728	24257	0	422259	0	0	0	nan	0	0	0	0.003908	0.000226	0.003908	0.000226	0.056451	0.003265
155	U	586	203031	106049	0.005526	166027	6	203031	193	434043	289383	0.000667	24257	0	419403	0	0	0	nan	0	0	0	0.004859	0.000233	0.004859	0.000233	0.070188	0.003366
156	G	1105	203031	96018	0.011508	165272	6	203031	210	432072	297514	0.000706	24257	0	417503	0	0	0	nan	0	0	0	0.010802	0.000350	0.010802	0.000350	0.156034	0.005056
157	U	1133	203031	115914	0.009774	164348	6	203031	200	429983	301911	0.000662	24258	0	415545	0	0	0	nan	0	0	0	0.009112	0.000294	0.009112	0.000294	0.131622	0.004247
158	G	940	203031	109924	0.008551	163711	6	203031	355	428129	317275	0.001119	24258	0	413780	0	0	0	nan	0	0	0	0.007432	0.000285	0.007432	0.000285	0.107355	0.004117
159	C	3886	203031	136211	0.028529	162633	6	203031	2767	425980	316510	0.008742	24258	0	411735	0	0	0	nan	0	0	0	0.019787	0.000487	0.019787	0.000487	0.285821	0.007035
160	U	979	203031	128186	0.007637	161674	6	203031	237	423222	313803	0.000755	24260	0	409071	0	0	0	nan	0	0	0	0.006882	0.000249	0.006882	0.000249	0.099410	0.003597
161	U	1244	203031	131903	0.009431	160381	6	203031	243	420598	318785	0.000762	24260	0	406565	0	0	0	nan	0	0	0	0.008669	0.000272	0.008669	0.000272	0.125223	0.003929
162	C	6043	203031	120959	0.049959	158593	6	203031	112	417208	287579	0.000389	24260	0	403299	0	0	0	nan	0	0	0	0.049570	0.000644	0.049570	0.000644	0.716034	0.009303
163	A	6668	203031	123151	0.054145	156834	6	203031	174	413998	273649	0.000636	24259	0	400215	0	0	0	nan	0	0	0	0.053509	0.000665	0.053509	0.000665	0.772933	0.009606
164	G	914	203031	124038	0.007369	155959	6	203031	288	411235	272848	0.001056	24259	0	397557	0	0	0	nan	0	0	0	0.006313	0.000252	0.006313	0.000252	0.091191	0.003640
165	C	4952	203031	116511	0.042502	154942	6	203031	115	409125	271195	0.000424	24259	0	395535	0	0	0	nan	0	0	0	0.042078	0.000605	0.042078	0.000605	0.607813	0.008739
166	U	1609	203031	107998	0.014898	153596	6	203031	368	405817	297721	0.001236	24259	0	392321	0	0	0	nan	0	0	0	0.013662	0.000377	0.013662	0.000377	0.197346	0.005446
167	C	4538	203031	107585	0.042181	152375	6	203031	148	403135	281357	0.000526	24259	0	389740	0	0	0	nan	0	0	0	0.041655	0.000628	0.041655	0.000628	0.601703	0.009071
168	G	1669	203031	105035	0.015890	151118	6	203031	698	400227	299551	0.002330	24259	0	386924	0	0	0	nan	0	0	0	0.013560	0.000399	0.013560	0.000399	0.195873	0.005764
169	C	7523	203031	107427	0.070029	149968	6	203031	86	397082	272148	0.000316	24261	0	383878	0	0	0	nan	0	0	0	0.069713	0.000808	0.069713	0.000808	1.006998	0.011671
170	A	7732	203031	97349	0.079426	148644	7	203031	160	392270	260306	0.000615	24260	0	379166	0	0	0	nan	0	0	0	0.078811	0.000905	0.078811	0.000905	1.138418	0.013073
171	U	2076	203031	106127	0.019561	147912	7	203031	284	390020	259295	0.001095	24258	0	376999	0	0	0	nan	0	0	0	0.018466	0.000434	0.018466	0.000434	0.266740	0.006269
172	C	6880	203031	109157	0.063028	147154	7	203031	60	387504	258784	0.000232	24258	0	374555	0	0	0	nan	0	0	0	0.062797	0.000760	0.062797	0.000760	0.907097	0.010978
173	A	5127	203031	112186	0.045701	145982	7	203031	184	383086	235525	0.000781	24257	0	370240	0	0	0	nan	0	0	0	0.044920	0.000641	0.044920	0.000641	0.648865	0.009259
174	A	9541	203031	120270	0.079330	144562	7	203031	283	379303	239077	0.001184	24255	0	366545	0	0	0	nan	0	0	0	0.078146	0.000815	0.078146	0.000815	1.128812	0.011773
175	C	6054	203031	123033	0.049206	143716	7	203031	76	376421	240170	0.000316	24254	0	363748	0	0	0	nan	0	0	0	0.048890	0.000633	0.048890	0.000633	0.706212	0.009144
176	G	1177	203031	110797	0.010623	142757	7	203031	168	371182	241609	0.000695	24252	0	358626	0	0	0	nan	0	0	0	0.009928	0.000314	0.009928	0.000314	0.143409	0.004536
177	U	1421	203031	109343	0.012996	141679	7	203031	775	367346	238805	0.003245	24252	0	354916	0	0	0	nan	0	0	0	0.009750	0.000364	0.009750	0.000364	0.140838	0.005258
178	C	4916	203031	100638	0.048848	141039	7	203031	52	364431	234991	0.000221	24252	0	352126	0	0	0	nan	0	0	0	0.048627	0.000697	0.048627	0.000697	0.702413	0.010068
179	U	1338	203031	113631	0.011775	140003	7	203031	90	357732	220899	0.000407	24252	0	345741	0	0	0	nan	0	0	0	0.011368	0.000325	0.011368	0.000325	0.164210	0.004695
180	A	5609	203031	108805	0.051551	139040	7	203031	158	353164	184956	0.000854	24252	0	341415	0	0	0	nan	0	0	0	0.050697	0.000692	0.050697	0.000692	0.732314	0.009996
181	A	10528	203031	119769	0.087903	137985	7	203031	177	351300	187768	0.000943	24251	0	339708	0	0	0	nan	0	0	0	0.086960	0.000860	0.086960	0.000860	1.256130	0.012423
182	G	847	203031	114627	0.007389	137411	7	203031	135	350783	189688	0.000712	24251	1	339330	0	0	0	nan	0	0	0	0.006677	0.000261	0.006677	0.000261	0.096449	0.003770
183	G	1170	203031	122349	0.009563	136536	7	203031	407	349875	210583	0.001933	24251	3	338529	0	0	0	nan	0	0	0	0.007630	0.000296	0.007630	0.000296	0.110215	0.004276
184	C	5273	203031	118798	0.044386	136093	7	203031	396	349655	221752	0.001786	24251	3	338377	0	0	0	nan	0	0	0	0.042600	0.000618	0.042600	0.000618	0.615353	0.008927
185	C	8905	203031	131230	0.067858	135315	7	203031	124	346407	241731	0.000513	24250	3	335259	0	0	0	nan	0	0	0	0.067345	0.000721	0.067345	0.000721	0.972793	0.010415
186	G	1800	203031	123576	0.014566	134757	7	203031	548	344506	245052	0.002236	24250	3	333470	0	0	0	nan	0	0	0	0.012330	0.000356	0.012330	0.000356	0.178106	0.005142
187	C	2574	203031	131902	0.019514	133989	7	203031	104	341755	230525	0.000451	24250	3	330831	0	0	0	nan	0	0	0	0.019063	0.000387	0.019063	0.000387	0.275363	0.005590
188	G	481	203031	121401	0.003962	133327	7	203031	116	341273	200619	0.000578	24250	3	330452	0	0	0	nan	0	0	0	0.003384	0.000188	0.003384	0.000188	0.048882	0.002716
189	A	6372	203031	131906	0.048307	132729	7	203031	143	342175	203164	0.000704	24250	5	331442	0	0	0	nan	0	0	0	0.047603	0.000608	0.047603	0.000608	0.687621	0.008783
190	C	7396	203031	123952	0.059668	132196	7	203031	46	343448	198910	0.000231	24250	6	332792	0	0	0	nan	0	0	0	0.059437	0.000695	0.059437	0.000695	0.858562	0.010039
191	U	2172	203031	133053	0.016324	131657	7	203031	795	342938	229476	0.003464	24250	6	332375	0	0	0	nan	0	0	0	0.012860	0.000371	0.012860	0.000371	0.185762	0.005359
192	C	6437	203031	140599	0.045783	130708	7	203031	66	342894	241139	0.000274	24249	6	332439	0	0	0	nan	0	0	0	0.045509	0.000572	0.045509	0.000572	0.657374	0.008262
193	U	1492	203031	137066	0.010885	129812	7	203031	118	337452	213332	0.000553	24250	6	327207	0	0	0	nan	0	0	0	0.010332	0.000286	0.010332	0.000286	0.149245	0.004131
194	A	9129	203031	134598	0.067824	128436	7	203031	173	332376	195109	0.000887	24250	6	322330	0	0	0	nan	0	0	0	0.066938	0.000713	0.066938	0.000713	0.966914	0.010299
195	G	2006	203031	113514	0.017672	127883	7	203031	85	333789	160146	0.000531	24250	6	323870	0	0	0	nan	0	0	0	0.017141	0.000399	0.017141	0.000399	0.247600	0.005764
196	A	2248	203031	116802	0.019246	127432	7	203031	129	334399	167360	0.000771	24250	8	324609	0	0	0	nan	0	0	0	0.018475	0.000412	0.018475	0.000412	0.266870	0.005951
197	G	510	203031	114246	0.004464	127116	7	203031	96	338687	166862	0.000575	24250	8	329004	0	0	0	nan	0	0	0	0.003889	0.000206	0.003889	0.000206	0.056176	0.002976
198	U	542	203031	137832	0.003932	126779	7	203031	232	342439	202479	0.001146	24250	9	332884	0	0	0	nan	0	0	0	0.002787	0.000185	0.002787	0.000185	0.040258	0.002672
199	C	1524	203031	144458	0.010550	126505	7	203031	115	348887	216228	0.000532	24250	9	339400	0	0	0	nan	0	0	0	0.010018	0.000275	0.010018	0.000275	0.144709	0.003972
200	G	1418	203031	148803	0.009529	126249	7	203031	509	355694	230287	0.002210	24250	10	346297	0	0	0	nan	0	0	0	0.007319	0.000271	0.007319	0.000271	0.105722	0.003915
201	U	1196	203031	144931	0.008252	125916	7	203031	227	361022	226728	0.001001	24257	10	351628	0	0	0	nan	0	0	0	0.007251	0.000248	0.007251	0.000248	0.104740	0.003582
202	U	1446	203031	142759	0.010129	125636	7	203031	452	364092	228853	0.001975	24257	11	354782	0	0	0	nan	0	0	0	0.008154	0.000282	0.008154	0.000282	0.117784	0.004073
203	C	8019	203031	151327	0.052991	125352	7	203031	73	368164	237810	0.000307	24257	11	358987	0	0	0	nan	0	0	0	0.052684	0.000593	0.052684	0.000593	0.761016	0.008566
204	U	1404	203031	146951	0.009554	125117	7	203031	114	371747	233113	0.000489	24255	11	362729	0	0	0	nan	0	0	0	0.009065	0.000259	0.009065	0.000259	0.130943	0.003741
205	A	11042	203031	144914	0.076197	124684	7	203031	142	371096	223664	0.000635	24254	11	362330	0	0	0	nan	0	0	0	0.075562	0.000727	0.075562	0.000727	1.091486	0.010501
206	G	989	203031	134313	0.007363	124222	7	203031	180	374779	208083	0.000865	24254	11	366330	0	0	0	nan	0	0	0	0.006498	0.000243	0.006498	0.000243	0.093863	0.003510
207	G	1575	203031	137652	0.011442	123701	7	203031	400	379535	208575	0.001918	24253	11	371274	0	0	0	nan	0	0	0	0.009524	0.000304	0.009524	0.000304	0.137573	0.004391
208	C	4959	203031	140578	0.035276	123300	7	203031	91	383656	188922	0.000482	24218	12	375521	0	0	0	nan	0	0	0	0.034794	0.000503	0.034794	0.000503	0.502596	0.007266
209	G	910	203031	138022	0.006593	122981	7	203031	135	385307	183897	0.000734	24215	14	377352	0	0	0	nan	0	0	0	0.005859	0.000228	0.005859	0.000228	0.084633	0.003293
210	A	4296	203031	130037	0.033037	122458	7	203031	91	389191	163708	0.000556	24215	14	381389	0	0	0	nan	0	0	0	0.032481	0.000507	0.032481	0.000507	0.469185	0.007324
211	U	754	203031	127059	0.005934	122002	7	203031	251	389759	172763	0.001453	24215	14	382121	0	0	0	nan	0	0	0	0.004481	0.000235	0.004481	0.000235	0.064728	0.003395
212	C	2454	203031	127197	0.019293	121621	7	203031	62	393698	177593	0.000349	24215	15	386144	0	0	0	nan	0	0	0	0.018944	0.000392	0.018944	0.000392	0.273644	0.005662
213	G	2034	203031	132969	0.015297	121326	7	203031	318	399258	194377	0.001636	24215	15	391818	0	0	0	nan	0	0	0	0.013661	0.000351	0.013661	0.000351	0.197332	0.005070
214	C	3347	203031	128460	0.026055	120658	6	203031	96	401122	187547	0.000512	24214	16	393836	0	0	0	nan	0	0	0	0.025543	0.000453	0.025543	0.000453	0.368966	0.006544
215	U	830	203031	130632	0.006354	120371	6	203031	148	407846	193802	0.000764	24214	18	400709	0	0	0	nan	0	0	0	0.005590	0.000229	0.005590	0.000229	0.080747	0.003308
216	C	3179	203031	135106	0.023530	120070	6	203031	120	416176	229870	0.000522	24214	19	409200	0	0	0	nan	0	0	0	0.023008	0.000420	0.023008	0.000420	0.332349	0.006067
217	G	949	203031	111595	0.008504	119831	5	203031	134	425162	229337	0.000584	24213	23	418466	0	0	0	nan	0	0	0	0.007920	0.000281	0.007920	0.000281	0.114404	0.004059
218	A	14301	203031	127795	0.111906	119600	5	203031	222	429408	272111	0.000816	24213	23	422978	0	0	0	nan	0	0	0	0.111090	0.000937	0.111090	0.000937	1.604685	0.013535
219	G	3088	203031	114044	0.027077	119466	5	203031	580	440710	273629	0.002120	24213	24	434366	0	0	0	nan	0	0	0	0.024958	0.000495	0.024958	0.000495	0.360516	0.007150
220	A	2995	203031	125215	0.023919	119355	5	203031	188	447309	316031	0.000595	24213	24	441047	0	0	0	nan	0	0	0	0.023324	0.000439	0.023324	0.000439	0.336913	0.006341
221	A	8675	203031	127334	0.068128	119172	5	203031	92	451814	314626	0.000292	24213	26	445633	0	0	0	nan	0	0	0	0.067836	0.000732	0.067836	0.000732	0.979885	0.010574
222	A	5749	203031	132451	0.043405	118943	5	203031	110	453967	314922	0.000349	24213	26	447866	0	0	0	nan	0	0	0	0.043055	0.000573	0.043055	0.000573	0.621926	0.008277
223	A	10324	203031	138601	0.074487	118746	7	203031	158	454652	314671	0.000502	24213	26	448651	0	0	0	nan	0	0	0	0.073985	0.000734	0.073985	0.000734	1.068707	0.010603
224	C	13113	203031	143562	0.091340	118445	7	203031	65	454030	309683	0.000210	24213	27	448129	0	0	0	nan	0	0	0	0.091130	0.000798	0.091130	0.000798	1.316365	0.011527
225	A	13001	203031	150965	0.086119	118268	7	203031	120	453178	300091	0.000400	24213	27	447393	0	0	0	nan	0	0	0	0.085719	0.000756	0.085719	0.000756	1.238203	0.010920
226	U	2639	203031	152725	0.017279	117970	7	203031	154	452687	292628	0.000526	24213	27	447034	0	0	0	nan	0	0	0	0.016753	0.000339	0.016753	0.000339	0.241996	0.004897
227	G	615	203031	146802	0.004189	117767	7	203031	130	452959	281703	0.000461	24213	27	447448	0	0	0	nan	0	0	0	0.003728	0.000174	0.003728	0.000174	0.053851	0.002513
228	A	6760	203031	152152	0.044429	117348	7	203031	162	454040	300403	0.000539	24213	27	448673	0	0	0	nan	0	0	0	0.043890	0.000542	0.043890	0.000542	0.633987	0.007829
229	G	767	203031	153387	0.005000	117068	7	203031	232	457424	313480	0.000740	24213	29	452201	0	0	0	nan	0	0	0	0.004260	0.000187	0.004260	0.000187	0.061535	0.002701
230	G	458	203031	150266	0.003048	116782	9	203031	158	461509	316946	0.000499	24213	29	456393	0	0	0	nan	0	0	0	0.002549	0.000148	0.002549	0.000148	0.036820	0.002138
231	A	2765	203031	135101	0.020466	116468	9	203031	136	464395	263257	0.000517	24213	29	459339	0	0	0	nan	0	0	0	0.019950	0.000392	0.019950	0.000392	0.288176	0.005662
232	U	689	203031	124178	0.005548	116304	9	203031	210	466971	212276	0.000989	24212	29	461985	0	0	0	nan	0	0	0	0.004559	0.000222	0.004559	0.000222	0.065854	0.003207
233	C	3221	203031	125846	0.025595	116112	9	203031	107	470601	222785	0.000480	24212	31	465643	0	0	0	nan	0	0	0	0.025114	0.000453	0.025114	0.000453	0.362770	0.006544
234	A	9735	203031	136803	0.071161	116021	11	203031	130	474758	247409	0.000525	24212	31	469826	0	0	0	nan	0	0	0	0.070635	0.000723	0.070635	0.000723	1.020316	0.010444
235	C	10899	203031	151341	0.072016	115878	14	203031	605	477448	286383	0.002113	24213	32	472562	0	0	0	nan	0	0	0	0.069904	0.000695	0.069904	0.000695	1.009757	0.010039
236	C	7173	203031	151420	0.047372	115715	19	203031	239	482265	265034	0.000902	24213	32	477459	0	0	0	nan	0	0	0	0.046470	0.000562	0.046470	0.000562	0.671255	0.008118
237	C	9545	203031	153603	0.062141	115490	19	203031	130	489116	300459	0.000433	24212	32	484403	0	0	0	nan	0	0	0	0.061708	0.000637	0.061708	0.000637	0.891367	0.009201
238	A	5741	203031	155049	0.037027	115353	19	203031	86	495559	297584	0.000289	24210	33	490911	0	0	0	nan	0	0	0	0.036738	0.000490	0.036738	0.000490	0.530677	0.007078
239	U	1065	203031	157549	0.006760	115192	19	203031	195	497486	309130	0.000631	24211	33	492929	0	0	0	nan	0	0	0	0.006129	0.000212	0.006129	0.000212	0.088533	0.003062
240	G	642	203031	153130	0.004193	115094	19	203031	130	503548	277171	0.000469	24208	35	499043	0	0	0	nan	0	0	0	0.003723	0.000171	0.003723	0.000171	0.053778	0.002470
241	U	1023	203031	154774	0.006610	115014	19	203031	927	508097	290538	0.003191	24208	37	503632	0	0	0	nan	0	0	0	0.003419	0.000232	0.003419	0.000232	0.049387	0.003351
242	C	5145	203031	158001	0.032563	114918	20	203031	111	516941	293016	0.000379	24208	37	512525	0	0	0	nan	0	0	0	0.032184	0.000455	0.032184	0.000455	0.464895	0.006572
243	U	910	203031	166022	0.005481	114852	20	203031	196	524030	361437	0.000542	24208	37	519672	0	0	0	nan	0	0	0	0.004939	0.000186	0.004939	0.000186	0.071343	0.002687
244	G	1619	203031	165338	0.009792	114722	20	203031	826	537930	390932	0.002113	24208	37	533699	0	0	0	nan	0	0	0	0.007679	0.000254	0.007679	0.000254	0.110922	0.003669
245	C	5995	203031	155736	0.038495	114580	20	203031	150	546077	397197	0.000378	24208	37	541937	0	0	0	nan	0	0	0	0.038117	0.000498	0.038117	0.000498	0.550597	0.007194
246	A	16361	203031	153174	0.106813	114383	20	203031	121	553934	369203	0.000328	24208	38	549901	0	0	0	nan	0	0	0	0.106485	0.000836	0.106485	0.000836	1.538166	0.012076
247	G	1253	203031	145348	0.008621	114304	20	203031	466	557621	350070	0.001331	24208	40	553725	0	0	0	nan	0	0	0	0.007290	0.000251	0.007290	0.000251	0.105303	0.003626
248	G	3969	203031	142677	0.027818	114184	19	203031	215	560057	321687	0.000668	24208	42	556350	0	0	0	nan	0	0	0	0.027150	0.000444	0.027150	0.000444	0.392179	0.006414
249	U	1097	203031	141811	0.007736	114086	19	203031	331	561455	304913	0.001086	24208	43	557818	0	0	0	nan	0	0	0	0.006650	0.000241	0.006650	0.000241	0.096059	0.003481
250	C	2863	203031	149084	0.019204	113981	19	203031	229	563335	325517	0.000703	24208	43	559821	0	0	0	nan	0	0	0	0.018500	0.000362	0.018500	0.000362	0.267231	0.005229
251	G	561	203031	150674	0.003723	113901	19	203031	249	567219	364146	0.000684	24208	44	563808	0	0	0	nan	0	0	0	0.003039	0.000163	0.003039	0.000163	0.043898	0.002355
252	A	4188	203031	155379	0.026953	113822	19	203031	191	570643	417378	0.000458	24208	45	567332	0	0	0	nan	0	0	0	0.026496	0.000418	0.026496	0.000418	0.382732	0.006038
253	C	5175	203031	145474	0.035573	113741	19	203031	142	572408	390242	0.000364	24208	45	569156	0	0	0	nan	0	0	0	0.035209	0.000495	0.035209	0.000495	0.508591	0.007150
254	U	2144	203031	152307	0.014077	113683	19	203031	1084	574904	391158	0.002771	24208	45	571732	0	0	0	nan	0	0	0	0.011306	0.000315	0.011306	0.000315	0.163314	0.004550
255	C	4050	203031	154330	0.026242	113608	19	203031	257	578984	418501	0.000614	24208	48	575849	0	0	0	nan	0	0	0	0.025628	0.000414	0.025628	0.000414	0.370194	0.005980
256	U	1118	203031	154807	0.007222	113550	19	203031	305	581041	477092	0.000639	24208	48	577985	0	0	0	nan	0	0	0	0.006583	0.000219	0.006583	0.000219	0.095091	0.003163
257	A	6467	203031	152229	0.042482	113435	19	203031	314	583191	495795	0.000633	24206	49	580218	0	0	0	nan	0	0	0	0.041849	0.000529	0.041849	0.000529	0.604505	0.007641
258	G	5629	203031	143542	0.039215	113360	19	203031	2429	585966	489584	0.004961	24206	50	583039	0	0	0	nan	0	0	0	0.034254	0.000532	0.034254	0.000532	0.494796	0.007685
259	A	4021	203031	142551	0.028207	113281	19	203031	169	587026	490664	0.000344	24207	51	584160	0	0	0	nan	0	0	0	0.027863	0.000446	0.027863	0.000446	0.402479	0.006442
260	A	7879	203031	138453	0.056907	113168	19	203031	140	587885	481143	0.000291	24207	51	585071	0	0	0	nan	0	0	0	0.056616	0.000642	0.056616	0.000642	0.817813	0.009274
261	A	7938	203031	144141	0.055071	113004	19	203031	138	588293	444749	0.000310	24207	51	585535	0	0	0	nan	0	0	0	0.054761	0.000619	0.054761	0.000619	0.791018	0.008941
262	C	13047	203031	140402	0.092926	112830	19	203031	120	588682	381253	0.000315	24214	51	586003	0	0	0	nan	0	0	0	0.092611	0.000814	0.092611	0.000814	1.337758	0.011758
263	G	1093	203031	137214	0.007966	112718	19	203031	335	588848	314303	0.001066	24214	51	586223	0	0	0	nan	0	0	0	0.006900	0.000248	0.006900	0.000248	0.099670	0.003582
264	C	7789	203031	133582	0.058309	112620	19	203031	556	589092	309415	0.001797	24215	51	586526	0	0	0	nan	0	0	0	0.056512	0.000665	0.056512	0.000665	0.816311	0.009606
265	U	1553	203031	134196	0.011573	112531	19	203031	176	589530	310893	0.000566	24215	51	587026	0	0	0	nan	0	0	0	0.011007	0.000297	0.011007	0.000297	0.158995	0.004290
266	U	1740	203031	144481	0.012043	112442	19	203031	175	591085	352895	0.000496	24216	52	588651	0	0	0	nan	0	0	0	0.011547	0.000291	0.011547	0.000291	0.166795	0.004203
267	C	8995	203031	152986	0.058796	112359	19	203031	195	596055	407374	0.000479	24217	54	593678	0	0	0	nan	0	0	0	0.058318	0.000621	0.058318	0.000621	0.842398	0.008970
268	G	1112	203031	152532	0.007290	112307	19	203031	367	603309	464833	0.000790	24217	56	601006	0	0	0	nan	0	0	0	0.006501	0.000222	0.006501	0.000222	0.093906	0.003207
269	A	11429	203031	156585	0.072989	112273	19	203031	204	610255	514253	0.000397	24217	57	608000	0	0	0	nan	0	0	0	0.072592	0.000683	0.072592	0.000683	1.048585	0.009866
270	G	1872	203031	159593	0.011730	112229	19	203031	1982	614206	508564	0.003897	24217	59	612002	0	0	0	nan	0	0	0	0.007833	0.000285	0.007833	0.000285	0.113147	0.004117
271	C	2588	203031	164795	0.015704	112180	19	203031	247	616648	520374	0.000475	24217	61	614480	0	0	0	nan	0	0	0	0.015230	0.000310	0.015230	0.000310	0.219996	0.004478
272	A	4107	203031	168533	0.024369	112153	19	203031	229	618519	524135	0.000437	24218	62	616409	0	0	0	nan	0	0	0	0.023932	0.000381	0.023932	0.000381	0.345696	0.005504
273	G	872	203031	159206	0.005477	112099	19	203031	367	619490	545706	0.000673	24218	62	617450	0	0	0	nan	0	0	0	0.004805	0.000189	0.004805	0.000189	0.069408	0.002730
274	A	3074	203031	159209	0.019308	112037	19	203031	281	620150	508228	0.000553	24218	62	618157	0	0	0	nan	0	0	0	0.018755	0.000350	0.018755	0.000350	0.270914	0.005056
275	C	2568	203031	152219	0.016870	111976	19	203031	194	620529	515910	0.000376	24218	63	618590	0	0	0	nan	0	0	0	0.016494	0.000334	0.016494	0.000334	0.238254	0.004825
276	A	5395	203031	154195	0.034988	111923	19	203031	179	621560	507082	0.000353	24218	64	619673	0	0	0	nan	0	0	0	0.034635	0.000477	0.034635	0.000477	0.500300	0.006890
277	U	1530	203031	156560	0.009773	111879	19	203031	360	622374	549989	0.000655	24218	65	620557	0	0	0	nan	0	0	0	0.009118	0.000252	0.009118	0.000252	0.131709	0.003640
278	G	2160	203031	153277	0.014092	111837	19	203031	247	623334	539786	0.000458	24218	65	621596	0	0	0	nan	0	0	0	0.013635	0.000305	0.013635	0.000305	0.196956	0.004406
279	A	12486	203031	153835	0.081165	111802	19	203031	287	623879	536139	0.000535	24218	65	622241	0	0	0	nan	0	0	0	0.080630	0.000727	0.080630	0.000727	1.164693	0.010501
280	U	2651	203031	149902	0.017685	111774	19	203031	240	624887	520149	0.000461	24218	65	623314	0	0	0	nan	0	0	0	0.017223	0.000345	0.017223	0.000345	0.248785	0.004983
281	A	8431	203031	145503	0.057944	111729	19	203031	277	625493	523193	0.000529	24219	65	623959	0	0	0	nan	0	0	0	0.057414	0.000632	0.057414	0.000632	0.829340	0.009129
282	A	9427	203031	148196	0.063612	111656	19	203031	350	626640	543278	0.000644	24219	65	625135	0	0	0	nan	0	0	0	0.062967	0.000656	0.062967	0.000656	0.909553	0.009476
283	G	2309	203031	143812	0.016056	111608	19	203031	244	627626	535372	0.000456	24219	66	626147	0	0	0	nan	0	0	0	0.015600	0.000335	0.015600	0.000335	0.225341	0.004839
284	A	6558	203031	141732	0.046270	111571	19	203031	259	628520	521011	0.000497	24219	67	627070	0	0	0	nan	0	0	0	0.045773	0.000572	0.045773	0.000572	0.661187	0.008262
285	U	2934	203031	139403	0.021047	111530	19	203031	301	629542	526902	0.000571	24219	68	628118	0	0	0	nan	0	0	0	0.020476	0.000390	0.020476	0.000390	0.295774	0.005634
286	A	9798	203031	137289	0.071368	111482	19	203031	218	631211	532475	0.000409	24219	68	629811	0	0	0	nan	0	0	0	0.070958	0.000722	0.070958	0.000722	1.024982	0.010429
287	C	18163	203031	147637	0.123025	111423	19	203031	211	631958	566976	0.000372	24219	69	630576	0	0	0	nan	0	0	0	0.122653	0.000913	0.122653	0.000913	1.771712	0.013188
288	A	13068	203031	153926	0.084898	111383	19	203031	176	632567	534306	0.000329	24219	69	631207	0	0	0	nan	0	0	0	0.084569	0.000743	0.084569	0.000743	1.221592	0.010733
289	U	2296	203031	155008	0.014812	111336	19	203031	299	633024	535117	0.000559	24219	69	631704	0	0	0	nan	0	0	0	0.014253	0.000311	0.014253	0.000311	0.205883	0.004492
290	U	2600	203031	149828	0.017353	111295	19	203031	313	634139	537965	0.000582	24219	69	632854	0	0	0	nan	0	0	0	0.016771	0.000342	0.016771	0.000342	0.242256	0.004940
291	G	2587	203031	145883	0.017733	111226	19	203031	247	634577	558034	0.000443	24219	69	633330	0	0	0	nan	0	0	0	0.017291	0.000350	0.017291	0.000350	0.249767	0.005056
292	A	14389	203031	155545	0.092507	111154	19	203031	252	635334	559014	0.000451	24219	70	634106	0	0	0	nan	0	0	0	0.092056	0.000772	0.092056	0.000772	1.329741	0.011151
293	U	1990	203031	156869	0.012686	111086	18	203031	343	635911	552631	0.000621	24219	70	634703	0	0	0	nan	0	0	0	0.012065	0.000286	0.012065	0.000286	0.174278	0.004131
294	G	987	203031	152289	0.006481	111030	18	203031	245	636948	543800	0.000451	24219	70	635762	0	0	0	nan	0	0	0	0.006031	0.000208	0.006031	0.000208	0.087117	0.003005
295	A	12223	203031	156933	0.077887	110968	18	203031	257	636774	554848	0.000463	24219	71	635611	0	0	0	nan	0	0	0	0.077424	0.000705	0.077424	0.000705	1.118383	0.010184
296	G	4143	203031	158194	0.026189	110900	18	203031	2569	637575	546943	0.004697	24219	71	636436	0	0	0	nan	0	0	0	0.021492	0.000417	0.021492	0.000417	0.310450	0.006024
297	U	1429	203031	162864	0.008774	110850	18	203031	664	639176	540178	0.001229	24219	71	638066	0	0	0	nan	0	0	0	0.007545	0.000237	0.007545	0.000237	0.108987	0.003423
298	U	1804	203031	165191	0.010921	110814	18	203031	193	640588	539629	0.000358	24219	71	639513	0	0	0	nan	0	0	0	0.010563	0.000258	0.010563	0.000258	0.152582	0.003727
299	U	1748	203031	165235	0.010579	110769	18	203031	230	642116	538339	0.000427	24219	71	641062	0	0	0	nan	0	0	0	0.010152	0.000255	0.010152	0.000255	0.146645	0.003683
300	G	1343	203031	164831	0.008148	110720	18	203031	554	643563	566901	0.000977	24219	71	642521	0	0	0	nan	0	0	0	0.007170	0.000226	0.007170	0.000226	0.103570	0.003265
301	G	875	203031	154026	0.005681	110677	18	203031	379	645184	578765	0.000655	24219	71	644170	0	0	0	nan	0	0	0	0.005026	0.000195	0.005026	0.000195	0.072600	0.002817
302	A	4013	203031	151788	0.026438	110634	18	203031	404	646742	580121	0.000696	24219	71	645744	0	0	0	nan	0	0	0	0.025742	0.000419	0.025742	0.000419	0.371841	0.006052
303	C	11751	203031	149070	0.078829	110581	18	203031	1119	647317	590743	0.001894	24219	71	646332	0	0	0	nan	0	0	0	0.076935	0.000729	0.076935	0.000729	1.111319	0.010530
304	A	4699	203031	152578	0.030797	110537	18	203031	264	648304	590402	0.000447	24219	71	647341	0	0	0	nan	0	0	0	0.030350	0.000450	0.030350	0.000450	0.438403	0.006500
305	A	9280	203031	153103	0.060613	110496	18	203031	214	648733	612718	0.000349	24219	71	647793	0	0	0	nan	0	0	0	0.060264	0.000630	0.060264	0.000630	0.870508	0.009100
306	A	9384	203031	153021	0.061325	110410	18	203031	285	648954	591180	0.000482	24219	71	648034	0	0	0	nan	0	0	0	0.060843	0.000634	0.060843	0.000634	0.878872	0.009158
307	C	7092	203031	147336	0.048135	110359	18	203031	347	649054	566885	0.000612	24219	71	648143	0	0	0	nan	0	0	0	0.047523	0.000573	0.047523	0.000573	0.686466	0.008277
308	C	5763	203031	145362	0.039646	110311	18	203031	13440	649210	572866	0.023461	24219	71	648315	0	0	0	nan	0	0	0	0.016185	0.000560	0.016185	0.000560	0.233791	0.008089
309	A	7123	203031	148046	0.048113	110274	18	203031	367	649424	576381	0.000637	24219	71	648536	0	0	0	nan	0	0	0	0.047477	0.000571	0.047477	0.000571	0.685801	0.008248
310	C	10708	203031	148697	0.072012	110206	18	203031	252	649552	602136	0.000419	24219	71	648676	0	0	0	nan	0	0	0	0.071594	0.000696	0.071594	0.000696	1.034169	0.010054
311	A	10556	203031	151588	0.069636	110174	18	203031	266	649959	597969	0.000445	24219	71	649089	0	0	0	nan	0	0	0	0.069191	0.000678	0.069191	0.000678	0.999458	0.009794
312	A	7984	203031	155112	0.051472	110148	18	203031	213	650390	594247	0.000358	24219	71	649543	0	0	0	nan	0	0	0	0.051114	0.000577	0.051114	0.000577	0.738337	0.008335
313	C	12044	203031	156575	0.076922	110105	18	203031	148	650585	576284	0.000257	24219	71	649743	0	0	0	nan	0	0	0	0.076665	0.000701	0.076665	0.000701	1.107419	0.010126
314	U	1972	203031	155834	0.012654	110074	18	203031	295	650710	577513	0.000511	24219	71	649885	0	0	0	nan	0	0	0	0.012144	0.000287	0.012144	0.000287	0.175419	0.004146
315	A	15263	203031	160208	0.095270	110044	18	203031	303	651245	593003	0.000511	24219	71	650429	0	0	0	nan	0	0	0	0.094759	0.000772	0.094759	0.000772	1.368785	0.011151
316	G	4159	203031	165179	0.025179	109930	18	203031	338	651528	615483	0.000549	24219	71	650720	0	0	0	nan	0	0	0	0.024630	0.000392	0.024630	0.000392	0.355778	0.005662
317	A	9338	203031	166196	0.056187	109887	18	203031	271	651753	607136	0.000446	24219	72	650960	0	0	0	nan	0	0	0	0.055740	0.000582	0.055740	0.000582	0.805159	0.008407
318	A	14625	203031	172660	0.084704	109866	18	203031	209	652171	590054	0.000354	24219	72	651394	0	0	0	nan	0	0	0	0.084350	0.000701	0.084350	0.000701	1.218428	0.010126
319	U	2874	203031	173964	0.016521	109837	18	203031	284	652490	589659	0.000482	24219	72	651732	0	0	0	nan	0	0	0	0.016039	0.000309	0.016039	0.000309	0.231682	0.004463
320	G	733	203031	172582	0.004247	109799	18	203031	4566	652732	583360	0.007827	24220	72	651989	0	0	0	nan	0	0	0	-0.003580	0.000195	-0.003580	0.000195	-0.051713	0.002817
321	C	3926	203031	171663	0.022870	109767	18	203031	280	652929	593383	0.000472	24220	72	652199	0	0	0	nan	0	0	0	0.022399	0.000366	0.022399	0.000366	0.323552	0.005287
322	A	4976	203031	168296	0.029567	109722	18	203031	321	653565	594781	0.000540	24221	72	652846	0	0	0	nan	0	0	0	0.029027	0.000420	0.029027	0.000420	0.419292	0.006067
323	G	1249	203031	162975	0.007664	109691	18	203031	270	654290	607668	0.000444	24221	72	653575	0	0	0	nan	0	0	0	0.007219	0.000219	0.007219	0.000219	0.104278	0.003163
324	U	2335	203031	160948	0.014508	109671	18	203031	565	655075	603708	0.000936	24221	72	654369	0	0	0	nan	0	0	0	0.013572	0.000303	0.013572	0.000303	0.196046	0.004377
325	G	22547	203031	162832	0.138468	109652	18	203031	28857	655760	610576	0.047262	24221	72	655060	0	0	0	nan	0	0	0	0.091206	0.000963	0.091206	0.000963	1.317463	0.013910
326	A	15659	203031	139024	0.112635	109628	18	203031	6923	657203	608450	0.011378	24221	72	656509	0	0	0	nan	0	0	0	0.101257	0.000910	0.101257	0.000910	1.462648	0.013145
327	A	24168	203031	163530	0.147789	109613	18	203031	424	658377	613957	0.000691	24221	72	657691	0	0	0	nan	0	0	0	0.147099	0.000951	0.147099	0.000951	2.124832	0.013737
328	A	6041	203031	171924	0.035138	109603	18	203031	247	659113	613498	0.000403	24221	72	658436	0	0	0	nan	0	0	0	0.034735	0.000453	0.034735	0.000453	0.501744	0.006544
329	A	3186	203031	175159	0.018189	109589	18	203031	218	659600	611156	0.000357	24221	72	658931	0	0	0	nan	0	0	0	0.017832	0.000323	0.017832	0.000323	0.257582	0.004666
330	A	3961	203031	176791	0.022405	109570	18	203031	260	660192	616193	0.000422	24221	72	659543	0	0	0	nan	0	0	0	0.021983	0.000357	0.021983	0.000357	0.317543	0.005157
331	A	3733	203031	177470	0.021035	108375	18	203031	218	660636	620727	0.000351	24222	72	660004	0	0	0	nan	0	0	0	0.020683	0.000345	0.020683	0.000345	0.298764	0.004983
332	A	11347	203031	180332	0.062923	108370	18	203031	328	661083	623474	0.000526	24222	72	660476	0	0	0	nan	0	0	0	0.062397	0.000591	0.062397	0.000591	0.901319	0.008537
333	U	2256	203031	180857	0.012474	108357	18	203031	195	661321	627659	0.000311	24222	72	660727	0	0	0	nan	0	0	0	0.012163	0.000264	0.012163	0.000264	0.175693	0.003813
334	G	1262	203031	179843	0.007017	108342	18	203031	512	661525	628013	0.000815	24222	72	660938	0	0	0	nan	0	0	0	0.006202	0.000201	0.006202	0.000201	0.089587	0.002903
335	C	13824	203031	180318	0.076665	108332	18	203031	5193	661702	636194	0.008163	24222	72	661122	0	0	0	nan	0	0	0	0.068502	0.000662	0.068502	0.000662	0.989505	0.009563
336	U	4013	203031	176461	0.022742	108328	18	203031	2215	661827	641798	0.003451	24222	73	661248	0	0	0	nan	0	0	0	0.019290	0.000366	0.019290	0.000366	0.278642	0.005287
337	U	4139	203031	174766	0.023683	108320	18	203031	543	661968	637640	0.000852	24222	73	661391	0	0	0	nan	0	0	0	0.022832	0.000370	0.022832	0.000370	0.329806	0.005345
338	U	2996	203031	167876	0.017847	108296	18	203031	253	662245	633026	0.000400	24222	73	661673	0	0	0	nan	0	0	0	0.017447	0.000327	0.017447	0.000327	0.252020	0.004723
339	A	20251	203031	176412	0.114794	108269	18	203031	619	662357	622655	0.000994	24221	73	661790	0	0	0	nan	0	0	0	0.113800	0.000808	0.113800	0.000808	1.643831	0.011671
340	U	2409	203031	176427	0.013654	108250	18	203031	1146	662488	614223	0.001866	24221	74	661924	0	0	0	nan	0	0	0	0.011789	0.000284	0.011789	0.000284	0.170291	0.004102
341	U	3207	203031	176010	0.018221	108224	18	203031	273	662572	618380	0.000441	24221	74	662017	0	0	0	nan	0	0	0	0.017779	0.000323	0.017779	0.000323	0.256816	0.004666
342	U	2880	203031	172869	0.016660	108198	18	203031	291	662801	623672	0.000467	24221	75	662261	0	0	0	nan	0	0	0	0.016193	0.000312	0.016193	0.000312	0.233906	0.004507
343	G	7443	203031	173099	0.042999	108142	18	203031	462	663066	623472	0.000741	24221	75	662535	0	0	0	nan	0	0	0	0.042258	0.000500	0.042258	0.000500	0.610413	0.007222
344	U	2410	203031	172389	0.013980	108111	18	203031	495	663253	621370	0.000797	24221	75	662733	0	0	0	nan	0	0	0	0.013183	0.000287	0.013183	0.000287	0.190427	0.004146
345	G	5850	203031	168773	0.034662	108069	18	203031	1050	663489	617150	0.001701	24221	75	662976	0	0	0	nan	0	0	0	0.032961	0.000456	0.032961	0.000456	0.476119	0.006587
346	A	4046	203031	161305	0.025083	108024	18	203031	320	663643	615158	0.000520	24223	75	663132	0	0	0	nan	0	0	0	0.024563	0.000395	0.024563	0.000395	0.354810	0.005706
347	A	15812	203031	169478	0.093298	107793	18	203031	169	663779	603246	0.000280	24223	75	663270	0	0	0	nan	0	0	0	0.093018	0.000742	0.093018	0.000742	1.343637	0.010718
348	A	18835	203031	175865	0.107099	107772	18	203031	507	664242	583531	0.000869	24223	75	663735	0	0	0	nan	0	0	0	0.106230	0.000781	0.106230	0.000781	1.534483	0.011281
349	U	1986	203031	177536	0.011186	107752	18	203031	1082	664869	565592	0.001913	24223	75	664364	0	0	0	nan	0	0	0	0.009273	0.000258	0.009273	0.000258	0.133948	0.003727
350	U	3273	203031	179410	0.018243	107730	18	203031	233	665566	569333	0.000409	24223	75	665064	0	0	0	nan	0	0	0	0.017834	0.000320	0.017834	0.000320	0.257611	0.004622
351	U	3053	203031	182343	0.016743	107643	18	203031	365	667258	603885	0.000604	24223	76	666770	0	0	0	nan	0	0	0	0.016139	0.000305	0.016139	0.000305	0.233126	0.004406
352	G	4473	203031	184135	0.024292	107612	18	203031	451	668195	636582	0.000708	24223	76	667711	0	0	0	nan	0	0	0	0.023583	0.000365	0.023583	0.000365	0.340654	0.005272
353	U	2203	203031	183437	0.012010	107508	18	203031	398	668553	635917	0.000626	24223	77	668077	0	0	0	nan	0	0	0	0.011384	0.000258	0.011384	0.000258	0.164441	0.003727
354	G	2091	203031	181987	0.011490	107460	18	203031	260	668994	630290	0.000413	24223	77	668534	0	0	0	nan	0	0	0	0.011077	0.000253	0.011077	0.000253	0.160006	0.003655
355	A	13292	203031	184608	0.072001	107349	18	203031	234	669328	632176	0.000370	24223	77	668869	0	0	0	nan	0	0	0	0.071631	0.000625	0.071631	0.000625	1.034704	0.009028
356	U	2527	203031	184161	0.013722	107290	18	203031	393	669526	623568	0.000630	24223	77	669071	0	0	0	nan	0	0	0	0.013091	0.000275	0.013091	0.000275	0.189098	0.003972
357	G	1100	203031	183332	0.006000	107150	19	203031	1070	669836	625641	0.001710	24223	77	669383	0	0	0	nan	0	0	0	0.004290	0.000188	0.004290	0.000188	0.061969	0.002716
358	C	12388	203031	181864	0.068117	107088	19	203031	285	670502	626917	0.000455	24223	79	670053	0	0	0	nan	0	0	0	0.067662	0.000613	0.067662	0.000613	0.977372	0.008855
359	U	2612	203031	180372	0.014481	107058	19	203031	255	670920	640457	0.000398	24223	79	670477	0	0	0	nan	0	0	0	0.014083	0.000284	0.014083	0.000284	0.203428	0.004102
360	A	16331	203031	184774	0.088384	106901	19	203031	552	671233	639381	0.000863	24223	79	670791	0	0	0	nan	0	0	0	0.087520	0.000693	0.087520	0.000693	1.264219	0.010010
361	U	3538	203031	185699	0.019052	106888	19	203031	421	671548	632408	0.000666	24223	79	671109	0	0	0	nan	0	0	0	0.018387	0.000322	0.018387	0.000322	0.265599	0.004651
362	U	2176	203031	186051	0.011696	106736	19	203031	310	672032	633943	0.000489	24223	79	671596	0	0	0	nan	0	0	0	0.011207	0.000252	0.011207	0.000252	0.161884	0.003640
363	G	913	203031	185351	0.004926	106388	19	203031	654	672427	641767	0.001019	24224	79	671993	0	0	0	nan	0	0	0	0.003907	0.000168	0.003907	0.000168	0.056436	0.002427
364	C	12668	203031	185440	0.068313	106352	19	203031	10957	672681	636651	0.017210	24224	81	672247	0	0	0	nan	0	0	0	0.051103	0.000629	0.051103	0.000629	0.738178	0.009086
365	U	3901	203031	179156	0.021774	106311	19	203031	1580	673006	633738	0.002493	24224	81	672572	0	0	0	nan	0	0	0	0.019281	0.000354	0.019281	0.000354	0.278512	0.005113
366	U	4622	203031	178347	0.025916	106162	19	203031	576	673386	630512	0.000914	24222	81	672952	0	0	0	nan	0	0	0	0.025002	0.000383	0.025002	0.000383	0.361152	0.005532
367	U	3308	203031	173266	0.019092	105976	19	203031	237	673668	639342	0.000371	24221	83	673239	0	0	0	nan	0	0	0	0.018721	0.000333	0.018721	0.000333	0.270423	0.004810
368	A	20058	203031	184232	0.108874	105633	19	203031	653	673456	632309	0.001033	24221	83	673432	0	0	0	nan	0	0	0	0.107841	0.000770	0.107841	0.000770	1.557754	0.011123
369	U	2118	203031	186419	0.011362	105603	19	203031	1456	673675	636602	0.002287	24221	83	673651	0	0	0	nan	0	0	0	0.009074	0.000254	0.009074	0.000254	0.131073	0.003669
370	U	3175	203031	188145	0.016875	105368	19	203031	272	674126	634056	0.000429	24221	84	674110	0	0	0	nan	0	0	0	0.016446	0.000301	0.016446	0.000301	0.237561	0.004348
371	U	3226	203031	188950	0.017073	105092	19	203031	294	674384	644684	0.000456	24221	88	674369	0	0	0	nan	0	0	0	0.016617	0.000302	0.016617	0.000302	0.240031	0.004362
372	G	4059	203031	188345	0.021551	104594	19	203031	336	674771	639560	0.000525	24221	89	674756	0	0	0	nan	0	0	0	0.021026	0.000339	0.021026	0.000339	0.303719	0.004897
373	U	3021	203031	187499	0.016112	104501	19	203031	357	674937	644935	0.000554	24221	90	674922	0	0	0	nan	0	0	0	0.015559	0.000295	0.015559	0.000295	0.224748	0.004261
374	A	9152	203031	188421	0.048572	104250	19	203031	338	675305	640033	0.000528	24221	91	675290	0	0	0	nan	0	0	0	0.048044	0.000509	0.048044	0.000509	0.693991	0.007352
375	A	18965	203031	196597	0.096466	103993	19	203031	1869	675456	642045	0.002911	24221	92	675441	0	0	0	nan	0	0	0	0.093555	0.000704	0.093555	0.000704	1.351394	0.010169
376	C	384	203031	198713	0.001932	103807	19	203031	658	675604	633338	0.001039	24223	93	675589	0	0	0	nan	0	0	0	0.000893	0.000107	0.000893	0.000107	0.012899	0.001546
377	C	77	203031	199629	0.000386	103164	19	203031	315	675768	638601	0.000493	24222	94	675753	0	0	0	nan	0	0	0	-0.000108	0.000052	-0.000108	0.000052	-0.001560	0.000751
378	A	338	203031	199113	0.001698	103118	19	203031	1333	675929	634101	0.002102	24222	94	675914	0	0	0	nan	0	0	0	-0.000405	0.000109	-0.000405	0.000109	-0.005850	0.001574
379	U	514	203031	197971	0.002596	102672	19	203031	2195	676103	623039	0.003523	24222	96	676088	0	0	0	nan	0	0	0	-0.000927	0.000137	-0.000927	0.000137	-0.013390	0.001979
380	U	134	203031	196814	0.000681	101844	19	203031	604	676298	616685	0.000979	24222	96	676283	0	0	0	nan	0	0	0	-0.000299	0.000071	-0.000299	0.000071	-0.004319	0.001026
381	A	130	203031	195635	0.000665	101816	19	203031	511	676718	602145	0.000849	24222	96	676703	0	0	0	nan	0	0	0	-0.000184	0.000069	-0.000184	0.000069	-0.002658	0.000997
382	U	171	203031	195368	0.000875	101019	19	203031	576	676992	605589	0.000951	24222	96	676977	0	0	0	nan	0	0	0	-0.000076	0.000078	-0.000076	0.000078	-0.001098	0.001127
383	A	51	203031	196197	0.000260	100995	19	203031	154	677284	610056	0.000252	24222	97	677269	0	0	0	nan	0	0	0	0.000008	0.000042	0.000008	0.000042	0.000116	0.000607
384	A	0	203031	198139	0.000000	99391	19	203031	0	678694	636095	0.000000	24221	100	678679	0	0	0	nan	0	0	0	0.000000	0.000000	0.000000	0.000000	0.000000	0.000000
385	g	0	203031	0	nan	99366	19	203031	0	680200	0	nan	24223	102	680185	0	0	0	nan	0	0	0	nan	nan	nan	nan	nan	nan
386	c	0	203031	0	nan	99328	19	203031	0	680959	0	nan	24223	102	680945	0	0	0	nan	0	0	0	nan	nan	nan	nan	nan	nan
387	u	0	203031	0	nan	98625	19	203031	0	681983	0	nan	24223	104	681969	0	0	0	nan	0	0	0	nan	nan	nan	nan	nan	nan
388	g	0	203031	0	nan	96928	19	203031	0	682582	0	nan	24222	108	682569	0	0	0	nan	0	0	0	nan	nan	nan	nan	nan	nan
389	c	0	203031	0	nan	96919	19	203031	0	682710	0	nan	24222	110	682697	0	0	0	nan	0	0	0	nan	nan	nan	nan	nan	nan
390	a	0	203031	0	nan	96909	19	203031	0	682853	0	nan	24222	110	682840	0	0	0	nan	0	0	0	nan	nan	nan	nan	nan	nan
391	a	0	203031	0	nan	96354	19	203031	0	683045	0	nan	24222	110	683032	0	0	0	nan	0	0	0	nan	nan	nan	nan	nan	nan
392	u	0	203031	0	nan	94842	19	203031	0	683207	0	nan	24221	110	683194	0	0	0	nan	0	0	0	nan	nan	nan	nan	nan	nan
393	a	0	203031	0	nan	94834	19	203031	0	683337	0	nan	24221	110	683324	0	0	0	nan	0	0	0	nan	nan	nan	nan	nan	nan
394	a	0	203031	0	nan	94122	19	203031	0	683491	0	nan	24220	110	683478	0	0	0	nan	0	0	0	nan	nan	nan	nan	nan	nan
395	a	0	203031	0	nan	93502	19	203031	0	683491	0	nan	24216	110	683478	0	0	0	nan	0	0	0	nan	nan	nan	nan	nan	nan
396	c	0	203031	0	nan	92399	19	203031	0	683491	0	nan	24209	110	683478	0	0	0	nan	0	0	0	nan	nan	nan	nan	nan	nan
397	a	0	203031	0	nan	92384	19	203031	0	683491	0	nan	24209	110	683478	0	0	0	nan	0	0	0	nan	nan	nan	nan	nan	nan
398	a	0	203031	0	nan	90968	19	203031	0	683491	0	nan	24209	110	683478	0	0	0	nan	0	0	0	nan	nan	nan	nan	nan	nan
399	g	0	203031	0	nan	90951	19	203031	0	683490	0	nan	24209	110	683478	0	0	0	nan	0	0	0	nan	nan	nan	nan	nan	nan
400	u	0	203031	0	nan	90921	19	203031	0	683490	0	nan	24209	110	683478	0	0	0	nan	0	0	0	nan	nan	nan	nan	nan	nan
401	u	0	203031	0	nan	90249	19	203031	0	683489	0	nan	24209	110	683478	0	0	0	nan	0	0	0	nan	nan	nan	nan	nan	nan
402	a	0	203031	0	nan	90241	19	203031	0	683489	0	nan	24209	110	683478	0	0	0	nan	0	0	0	nan	nan	nan	nan	nan	nan
403	a	0	203031	0	nan	90002	19	203031	0	683489	0	nan	24207	110	683478	0	0	0	nan	0	0	0	nan	nan	nan	nan	nan	nan
404	c	0	203031	0	nan	89481	19	203031	0	683484	0	nan	24200	110	683478	0	0	0	nan	0	0	0	nan	nan	nan	nan	nan	nan
405	a	0	203031	0	nan	89473	19	203031	0	683483	0	nan	24200	110	683478	0	0	0	nan	0	0	0	nan	nan	nan	nan	nan	nan
406	a	0	203031	0	nan	89176	19	203031	0	683478	0	nan	24198	110	683478	0	0	0	nan	0	0	0	nan	nan	nan	nan	nan	nan
407	c	0	202409	0	nan	89159	19	202409	0	683461	0	nan	24197	110	683461	0	0	0	nan	0	0	0	nan	nan	nan	nan	nan	nan
408	a	0	202398	0	nan	89146	19	202398	0	683451	0	nan	24196	110	683451	0	0	0	nan	0	0	0	nan	nan	nan	nan	nan	nan
409	a	0	202086	0	nan	89117	19	202086	0	683419	0	nan	24194	110	683419	0	0	0	nan	0	0	0	nan	nan	nan	nan	nan	nan
410	c	0	201500	0	nan	89029	19	201500	0	683402	0	nan	24193	110	683402	0	0	0	nan	0	0	0	nan	nan	nan	nan	nan	nan
411	a	0	201445	0	nan	88998	19	201445	0	683366	0	nan	24192	110	683366	0	0	0	nan	0	0	0	nan	nan	nan	nan	nan	nan
412	a	0	200818	0	nan	88985	19	200818	0	683319	0	nan	24189	110	683319	0	0	0	nan	0	0	0	nan	nan	nan	nan	nan	nan
413	u	0	200803	0	nan	88976	19	200803	0	683263	0	nan	24188	110	683263	0	0	0	nan	0	0	0	nan	nan	nan	nan	nan	nan
414	u	0	200203	0	nan	88857	19	200203	0	682666	0	nan	24176	110	682666	0	0	0	nan	0	0	0	nan	nan	nan	nan	nan	nan
415	g	0	199459	0	nan	88705	18	199459	0	682056	0	nan	24160	110	682056	0	0	0	nan	0	0	0	nan	nan	nan	nan	nan	nan
416	c	0	198634	0	nan	88206	18	198634	0	681021	0	nan	24132	110	681021	0	0	0	nan	0	0	0	nan	nan	nan	nan	nan	nan