452	Window=3	Metric=PAIRMAPPER	
i	j	Statistic	Class	Zij	Zi	Zj	Mod_Depth	Mod_Comuts	Unt_Depth	Unt_Comuts
468	478	243.4	1	8.51	6.78	10.24	380158	591	1081269	140
611	620	1180.99	1	12.23	9.46	15.0	352040	1430	852035	131
753	766	130.07	1	6.89	7.79	5.98	391665	292	989265	101
754	765	98.68	1	5.18	3.8	6.56	394684	204	1001050	30
755	764	228.59	1	11.16	8.03	14.3	364379	215	883574	18
36	79	30.31	2	3.34	0.87	5.8	284902	837	559259	0
45	82	65.73	2	2.08	1.97	2.2	291306	1857	555379	25
63	81	127.27	2	5.12	2.66	7.59	282985	1348	546820	50
68	77	85.91	2	5.79	5.17	6.41	284277	1908	542138	71
70	87	96.94	2	4.02	7.12	0.93	284786	2765	550166	31
72	81	94.51	2	5.19	4.75	5.63	282311	1101	546150	70
80	93	32.34	2	2.69	3.96	1.42	291872	822	550963	8
86	243	69.37	2	2.93	0.66	5.19	261473	1912	414255	3
93	153	29.96	2	2.46	1.31	3.6	178288	1590	536316	8
95	147	35.04	2	3.0	3.23	2.77	252133	1088	518904	3
97	108	40.96	2	2.38	4.11	0.66	285839	1588	541001	9
98	107	40.45	2	4.26	7.5	1.02	281811	1695	536851	11
112	129	40.74	2	3.39	5.03	1.75	285342	532	536706	17
113	128	63.7	2	3.34	4.32	2.35	279526	560	531540	19
114	127	203.07	2	5.98	8.41	3.54	280533	779	523983	21
115	126	380.18	2	8.97	11.48	6.46	272367	727	512413	14
116	125	663.6	2	11.46	11.71	11.21	272776	939	512246	4
124	203	25.7	2	3.12	4.41	1.83	260829	809	503377	6
144	155	105.61	2	6.66	7.93	5.4	170108	334	527997	71
162	204	159.65	2	10.97	10.75	11.19	147998	347	514739	4
163	203	134.93	2	8.39	7.19	9.59	149977	291	514261	4
164	205	25.04	2	2.61	1.85	3.38	122390	273	512961	5
169	197	27.67	2	3.29	5.32	1.26	188040	129	495910	16
170	196	32.06	2	2.9	3.1	2.71	153780	128	495390	9
177	187	56.95	2	6.26	3.23	9.28	210422	165	496320	53
177	188	116.95	2	7.95	6.63	9.27	210514	479	493937	36
178	187	37.68	2	4.16	2.17	6.15	178225	124	501759	32
178	190	76.0	2	5.89	4.38	7.41	164552	396	491942	40
179	189	54.81	2	5.73	5.38	6.08	141453	383	486675	35
179	190	71.98	2	7.04	7.06	7.01	196823	403	495889	45
187	197	27.86	2	2.91	4.55	1.27	266787	146	494898	25
188	197	41.44	2	2.59	3.29	1.88	266843	430	493696	18
216	234	102.7	2	6.6	5.61	7.59	266688	981	417012	7
217	233	113.31	2	6.78	7.85	5.72	269796	577	442722	25
220	230	48.73	2	5.12	8.52	1.72	258768	702	431859	6
233	256	142.55	2	8.16	7.19	9.12	230165	768	311497	5
266	294	34.91	2	3.44	5.06	1.82	241635	492	338126	20
266	295	25.8	2	2.24	3.74	0.74	240366	618	330431	13
270	291	31.94	2	3.54	3.89	3.19	250628	1455	333703	1
274	290	280.34	2	10.05	12.56	7.53	234498	1910	297165	1
278	287	569.06	2	12.28	10.32	14.24	238961	996	346895	3
307	330	50.02	2	3.21	3.39	3.03	220120	845	342450	0
308	329	87.07	2	6.67	7.4	5.94	209066	688	315208	1
314	424	69.1	2	3.48	5.9	1.07	251890	579	379054	28
315	423	31.8	2	2.04	3.78	0.29	261312	626	413183	26
354	391	28.13	2	2.01	3.59	0.43	259528	647	464195	6
360	415	241.91	2	4.01	1.86	6.16	273943	1486	483214	9
361	414	81.3	2	4.42	8.08	0.77	285723	876	495555	3
365	410	266.3	2	7.4	9.02	5.78	265309	2046	459066	5
368	386	257.42	2	9.13	14.17	4.09	261772	848	442716	4
369	385	115.7	2	4.46	2.23	6.68	266473	659	461124	3
370	384	124.1	2	4.65	3.04	6.26	277887	461	477936	1
371	383	32.07	2	2.89	0.75	5.03	280822	197	486014	5
372	382	30.51	2	2.7	1.26	4.14	273752	150	464090	9
372	385	202.64	2	10.02	8.34	11.71	260668	309	432028	4
373	384	40.24	2	3.39	4.76	2.03	278759	626	499753	4
390	399	234.59	2	11.49	7.62	15.36	257159	1563	507659	18
415	425	237.06	2	4.85	6.03	3.66	294218	801	527536	21
411	426	51.05	2	2.73	1.71	3.75	386415	1373	1093784	17
422	453	112.85	2	2.79	0.81	4.76	390043	1768	1081649	59
425	445	54.03	2	2.54	0.94	4.13	377940	1317	1096224	57
426	435	89.56	2	7.13	6.57	7.69	379800	1426	1089855	20
426	444	46.78	2	3.35	3.43	3.27	388515	1545	1098108	25
433	488	59.12	2	2.68	4.41	0.95	339418	2654	1038759	18
450	467	87.79	2	4.93	7.45	2.4	390006	554	1068861	282
452	478	139.15	2	4.89	3.92	5.86	377481	556	1084029	93
453	477	158.05	2	6.17	6.67	5.66	378545	919	1081260	27
465	475	138.28	2	6.74	3.52	9.96	385522	5299	1080697	49
510	566	29.7	2	2.04	2.31	1.76	209360	380	1019964	40
510	567	75.23	2	3.86	5.85	1.88	215173	705	1023605	32
511	566	89.01	2	4.69	4.14	5.25	214978	646	1023838	20
512	565	36.14	2	2.62	1.03	4.2	174219	406	987368	38
513	564	56.74	2	3.84	2.46	5.22	184015	339	995820	50
514	563	41.2	2	2.37	2.93	1.81	191847	500	1008370	113
514	568	99.75	2	4.68	7.07	2.3	206580	744	1006978	64
533	556	66.42	2	5.49	4.61	6.37	200107	2015	966005	94
533	566	52.4	2	3.37	3.64	3.09	220225	1327	1009771	88
534	555	40.05	2	2.94	2.0	3.87	284222	1670	1014142	167
534	562	41.0	2	2.18	2.05	2.32	301285	2559	1019727	131
553	563	58.77	2	2.7	2.82	2.58	327777	1528	1003820	95
553	568	218.05	2	7.74	10.46	5.01	356573	2369	1002405	57
554	565	45.13	2	3.92	2.6	5.25	349196	444	995976	166
568	583	164.69	2	5.67	3.79	7.56	360852	2464	1001197	31
593	673	116.07	2	2.93	4.21	1.65	364921	2170	719428	86
600	659	106.31	2	2.85	4.31	1.4	375317	1063	757277	159
601	619	129.45	2	3.9	4.16	3.64	367680	549	846518	177
603	630	182.85	2	4.12	7.43	0.81	381426	869	807362	26
604	629	226.44	2	6.09	11.28	0.9	361241	1032	802622	27
605	655	217.23	2	5.17	5.25	5.1	400645	3777	3852866	96
657	720	121.48	2	2.8	1.39	4.2	322591	4093	623354	117
657	726	170.53	2	3.7	1.96	5.43	354946	2867	723801	32
658	725	67.73	2	2.22	1.25	3.18	369270	1673	765039	90
679	704	64.97	2	2.2	2.9	1.51	181587	707	3601425	151
680	703	62.91	2	2.81	2.1	3.52	194824	644	3569302	99
683	709	348.89	2	4.59	2.77	6.42	321609	5957	866211	82
686	722	79.0	2	4.5	4.62	4.39	331458	757	845796	29
686	724	31.55	2	2.36	1.83	2.89	332386	1278	839710	80
687	723	161.25	2	5.51	2.92	8.1	335253	1213	882794	11
688	722	132.65	2	4.58	1.78	7.38	332581	1287	901463	2
697	717	165.68	2	5.1	8.87	1.34	367406	592	905182	76
698	716	178.23	2	3.39	5.45	1.33	364533	620	908549	61
702	713	131.18	2	4.91	8.99	0.82	341137	700	887670	10
707	717	251.35	2	5.18	8.32	2.04	330682	2466	915806	122
719	730	190.57	2	5.25	5.59	4.91	348078	3092	861710	206
750	774	28.91	2	2.82	0.89	4.74	387123	859	965772	286
592	648	27.15	2	2.56	1.84	3.29	409949	680	3858992	85
604	639	98.23	2	2.06	3.43	0.69	428136	1128	3850340	175
633	658	124.43	2	3.81	5.08	2.54	392869	3461	3766963	799
696	722	24.59	2	2.55	2.81	2.3	253268	173	3581198	113
708	719	277.99	2	6.93	7.64	6.22	290426	1803	3556868	798
708	725	68.45	2	2.49	1.88	3.11	305053	796	3564036	351
724	791	60.33	2	2.05	3.31	0.79	394369	2405	3368903	155
739	785	83.68	2	5.23	3.03	7.43	362351	1724	3304353	14
740	784	99.93	2	4.19	2.33	6.04	368845	2032	3336443	18
749	775	87.55	2	4.03	2.68	5.38	396423	584	3400534	147
764	810	39.0	2	2.63	4.22	1.05	391150	536	3106046	92
775	790	84.63	2	3.5	5.2	1.81	405103	1030	3290860	106
776	789	81.72	2	3.37	4.36	2.38	400457	883	3227103	111
777	788	38.69	2	2.1	3.53	0.67	408197	1176	3361511	64
28	37	65.01	0	7.06	11.16	2.97	280064	975	544427	15
28	42	30.66	0	3.98	5.26	2.71	281461	2864	528969	8
29	41	34.85	0	3.63	4.63	2.63	281999	2535	546462	6
30	48	43.77	0	1.61	2.29	0.93	279476	1980	567357	8
32	98	24.28	0	2.56	0.61	4.5	277469	1221	554610	7
36	93	46.93	0	1.7	1.35	2.06	285106	2498	557749	4
37	46	34.89	0	1.34	1.59	1.08	283612	1060	569449	17
38	49	104.63	0	8.19	10.65	5.73	276956	2107	557697	6
43	84	94.28	0	2.98	3.47	2.49	286231	4405	557481	15
45	99	28.55	0	1.72	0.85	2.58	285526	1204	552309	5
46	76	28.31	0	1.38	0.88	1.87	287284	2298	549800	32
61	224	29.25	0	2.82	4.43	1.21	273869	1500	482848	45
66	88	104.49	0	2.96	3.11	2.81	285211	2288	556498	18
67	87	357.77	0	7.15	10.85	3.45	279754	4005	556925	38
67	167	24.98	0	1.09	0.76	1.41	170617	285	534860	16
70	233	25.62	0	1.59	1.88	1.29	268017	942	454885	22
77	158	37.05	0	2.56	2.76	2.36	121708	1126	522715	68
77	254	45.52	0	3.1	3.4	2.79	238725	2277	342897	23
83	246	23.93	0	2.04	0.46	3.62	262086	1554	370425	1
84	245	61.41	0	3.02	1.62	4.42	258254	3016	389818	0
85	244	103.76	0	6.94	6.0	7.89	254613	2767	409584	0
87	111	24.18	0	1.84	0.22	3.47	291087	909	541351	22
93	149	46.86	0	2.74	2.06	3.43	238451	2604	534761	7
94	152	33.52	0	3.69	4.46	2.93	217613	1115	534625	4
95	151	42.13	0	4.3	3.89	4.72	215455	929	541211	6
110	133	27.43	0	3.06	1.47	4.66	282246	2649	517089	29
112	121	77.41	0	8.33	9.57	7.09	271244	1452	542834	6
157	251	25.59	0	1.88	3.06	0.71	129727	292	358040	10
164	201	40.61	0	4.86	3.0	6.73	117314	563	470417	12
167	199	61.91	0	3.7	3.5	3.91	173101	187	499609	23
248	257	47.78	0	5.9	4.95	6.84	222517	505	295597	11
256	296	37.5	0	1.76	2.4	1.13	228328	995	228342	3
256	425	34.57	0	1.37	2.21	0.53	241617	687	239924	8
258	284	29.65	0	4.25	5.47	3.03	209160	2703	276307	14
274	287	38.09	0	1.33	1.71	0.95	231064	635	303400	2
288	309	41.3	0	3.32	0.85	5.8	202162	1879	268124	3
313	425	41.34	0	1.9	3.16	0.63	240202	498	343892	12
330	342	26.28	0	2.87	1.59	4.15	232748	1549	406398	2
341	409	24.08	0	2.89	3.97	1.8	251903	5069	433803	11
351	373	28.09	0	3.57	3.82	3.32	267078	1006	454289	3
351	378	25.69	0	3.21	3.5	2.92	246459	1617	407110	9
353	430	29.44	0	2.71	3.51	1.92	290658	1043	494615	2
354	366	24.18	0	1.96	3.08	0.83	277225	310	472688	4
355	421	177.9	0	6.07	10.28	1.86	280849	1785	480346	3
358	416	28.88	0	0.87	0.15	1.6	278870	781	478180	6
359	416	29.03	0	0.89	0.18	1.61	280906	695	481518	10
363	378	41.45	0	5.05	5.39	4.7	250852	775	433247	6
363	404	27.77	0	2.18	3.6	0.75	264427	513	476662	5
369	382	25.76	0	2.0	0.5	3.5	279249	409	493877	9
369	418	26.04	0	1.64	0.5	2.77	276911	458	491612	4
396	430	29.89	0	3.46	4.96	1.95	280452	5255	515489	3
412	465	42.52	0	0.88	0.67	1.09	392570	4833	1099572	29
414	453	43.09	0	1.41	1.0	1.82	396328	1715	1096062	27
415	549	30.71	0	1.74	2.24	1.24	361360	1296	1050609	56
432	489	59.45	0	2.76	3.94	1.58	344718	2377	1062556	15
444	475	25.51	0	1.81	1.79	1.84	384129	3661	1088226	17
445	474	28.48	0	1.78	2.18	1.37	375689	3064	1081901	24
449	474	26.3	0	1.69	2.1	1.27	387381	4861	1073772	44
449	492	30.27	0	1.67	2.42	0.92	317719	2850	1064355	52
497	507	23.95	0	4.41	4.23	4.6	118962	937	1077288	17
536	604	32.52	0	1.57	1.56	1.59	323234	684	898894	95
549	599	90.86	0	1.93	3.67	0.19	349258	5259	922783	85
563	583	32.65	0	1.47	1.44	1.51	331365	1611	1000846	49
565	574	43.81	0	4.61	5.1	4.12	349847	1937	1008900	34
583	595	36.76	0	1.53	1.69	1.36	338545	1793	920642	45
595	631	78.14	0	1.66	2.94	0.39	346292	2230	789306	85
599	617	69.8	0	2.48	0.14	4.83	369748	12094	859935	44
600	640	50.31	0	1.55	2.02	1.08	366655	504	787742	156
602	631	124.6	0	1.82	3.01	0.63	364400	1082	766300	59
603	620	38.55	0	1.02	1.54	0.49	368321	288	864245	72
608	625	74.55	0	1.54	0.66	2.42	356957	1004	825968	24
608	636	251.82	0	1.7	2.25	1.14	349050	4199	766919	16
619	673	28.18	0	0.6	0.79	0.4	359578	997	716460	85
620	639	148.27	0	1.57	1.89	1.25	357064	1274	778254	147
620	672	45.52	0	0.69	0.58	0.81	358856	751	731350	89
634	645	33.84	0	1.45	1.86	1.03	337031	2550	719493	241
634	657	46.59	0	1.55	2.58	0.52	338788	4383	705367	194
636	653	66.48	0	1.17	0.29	2.04	315370	5265	659572	69
650	727	66.88	0	1.39	1.53	1.24	352999	2970	669275	8
651	720	127.57	0	3.82	3.22	4.41	306351	3171	537834	40
655	672	58.22	0	1.15	1.27	1.03	354716	1998	767965	46
655	724	27.57	0	1.56	0.59	2.53	364510	1513	729433	44
658	719	59.13	0	1.41	1.09	1.72	351236	2853	726178	216
659	698	44.84	0	0.98	0.58	1.37	364993	670	768709	50
672	684	28.4	0	0.37	0.5	0.24	345232	2141	816328	133
673	749	40.1	0	1.86	0.57	3.15	373999	1444	882293	65
678	688	46.02	0	3.83	7.05	0.61	316433	1669	859737	11
679	708	83.28	0	1.65	1.48	1.82	317319	1358	852599	108
682	729	91.27	0	1.55	1.52	1.57	318488	2028	803571	50
684	734	32.02	0	1.21	0.27	2.14	329294	4470	854372	77
698	711	54.6	0	1.69	1.67	1.7	357658	1813	926109	20
702	717	26.6	0	1.02	1.83	0.21	351552	353	885458	31
703	727	75.13	0	2.06	2.73	1.4	340524	1366	854741	6
725	749	24.92	0	1.57	1.17	1.96	375112	858	945316	110
589	784	25.48	0	1.37	1.2	1.54	402129	2308	3340139	30
592	782	36.85	0	1.49	2.52	0.46	409177	6385	3520326	51
601	658	24.77	0	0.48	0.48	0.48	403767	1293	3794377	176
604	914	24.68	0	1.34	0.83	1.84	411757	1141	2543227	43
614	623	96.95	0	7.86	7.55	8.16	409585	11642	3774391	89
619	640	67.1	0	1.25	1.57	0.93	411649	794	3806603	230
619	659	27.89	0	0.52	0.65	0.39	396712	1151	3804563	180
619	662	38.43	0	0.92	0.9	0.95	385764	1107	3758840	959
620	661	65.02	0	1.02	0.72	1.32	384421	1354	3717337	1020
624	902	25.48	0	2.94	4.04	1.83	402771	10882	2528204	48
631	648	24.45	0	1.52	0.08	2.96	404056	865	3752165	90
706	809	165.01	0	3.2	2.65	3.75	308553	3629	3164109	121
707	808	324.92	0	4.42	6.22	2.63	322297	5978	3229109	92
707	812	56.06	0	1.07	1.07	1.08	334708	2984	3116182	151
709	724	40.73	0	1.57	0.91	2.23	322411	1963	3601780	284
722	793	41.44	0	2.14	3.88	0.4	387703	1482	3314694	32
723	792	27.45	0	1.5	2.75	0.24	344647	1552	3258549	29
723	806	37.47	0	2.26	3.76	0.75	331083	2185	3137341	27
725	790	42.61	0	1.42	1.93	0.91	387421	1620	3370792	175
730	787	25.83	0	0.81	0.9	0.73	392660	3533	3355732	53
732	849	31.91	0	2.19	1.13	3.24	367484	5222	2669904	63
733	848	31.91	0	3.37	2.43	4.31	351429	3182	2727660	33
741	783	206.15	0	5.57	6.2	4.94	380922	5013	3449227	25
745	789	54.79	0	2.14	2.69	1.59	368882	4122	3326973	21
753	783	92.58	0	2.53	2.85	2.22	367706	1461	3427649	110
755	784	51.53	0	1.98	0.85	3.11	379300	654	3297210	43
783	793	62.23	0	1.05	1.49	0.6	404873	7110	3334572	26
798	808	109.44	0	5.1	9.32	0.89	401207	2357	3209332	167
827	891	28.19	0	2.11	1.22	2.99	378758	3238	2951003	33
831	842	142.15	0	7.44	8.57	6.31	361514	9830	3028233	22
833	843	24.23	0	2.83	3.32	2.35	349754	5387	2977826	13
835	844	38.28	0	4.59	1.85	7.34	358309	2635	3066097	15
850	867	27.87	0	2.2	2.28	2.12	359046	7561	2977539	42
851	860	74.7	0	4.54	4.12	4.96	353799	3498	3168526	44
867	877	60.89	0	4.85	4.62	5.09	331376	3532	3038368	18
875	888	43.17	0	2.11	3.3	0.92	382797	3406	3114216	95
877	889	36.44	0	2.1	3.05	1.15	376547	2941	3225903	115
883	895	44.53	0	4.26	3.11	5.41	368410	1292	3005298	16
884	895	28.56	0	2.96	2.44	3.48	372676	1393	3021758	17
891	900	56.87	0	5.45	6.03	4.87	369869	4379	3174463	94
891	901	24.63	0	2.31	2.62	2.01	376635	6099	3129362	48
907	917	47.53	0	5.02	5.11	4.94	396705	1906	3252301	117
916	928	107.85	0	10.34	9.53	11.16	404991	1469	3343973	34
