473	Window=3	Metric=PAIRMAPPER	
i	j	Statistic	Class	Zij	Zi	Zj	Mod_Depth	Mod_Comuts	Unt_Depth	Unt_Comuts
144	155	708.91	1	12.0	12.44	11.56	450500	1553	1135696	362
168	198	42.56	1	4.69	9.04	0.35	376230	133	1044179	11
775	786	98.13	1	4.85	2.89	6.81	826147	459	883728	32
776	785	236.46	1	10.0	6.12	13.88	726620	374	744032	5
36	93	55.35	2	2.65	1.89	3.42	460205	2166	1186350	4
44	83	35.73	2	2.48	4.25	0.71	462191	1594	1198144	25
63	81	124.32	2	5.73	3.82	7.65	451869	1302	1164308	147
70	87	87.29	2	5.08	9.2	0.96	452566	2729	1192508	88
80	93	25.6	2	2.45	3.33	1.57	461894	631	1181900	20
85	244	26.44	2	3.39	2.48	4.3	394202	1456	792795	9
87	136	37.3	2	2.76	0.4	5.13	462564	1004	1163196	43
94	110	38.8	2	2.8	3.49	2.1	468085	791	1172738	14
95	147	31.98	2	2.15	2.44	1.85	447803	1248	1110265	15
98	107	44.77	2	6.22	11.37	1.08	457552	1570	1165301	15
113	128	47.42	2	2.11	2.41	1.81	460044	503	1149629	46
114	127	183.11	2	4.85	6.27	3.44	461583	786	1151892	41
114	139	24.76	2	3.77	0.85	6.69	462728	499	1139521	36
115	126	328.82	2	7.82	9.89	5.74	456567	759	1144048	26
116	125	412.22	2	8.33	9.58	7.08	454192	877	1145127	14
162	204	155.15	2	5.55	5.79	5.32	396593	716	1072006	7
163	203	240.92	2	7.12	5.4	8.84	394888	653	1059729	6
164	205	94.23	2	4.9	3.0	6.8	431797	891	1062309	4
169	197	64.01	2	4.3	7.72	0.89	389766	240	1035939	49
170	196	163.13	2	4.78	5.17	4.39	378380	321	1041091	40
170	205	47.44	2	2.46	1.5	3.42	421816	254	1053962	22
171	191	53.35	2	5.02	0.65	9.38	332671	348	1050085	8
177	187	67.87	2	6.14	1.43	10.86	320430	176	1064337	107
177	188	128.58	2	6.1	2.71	9.5	312072	487	1056628	73
178	187	65.08	2	5.89	1.37	10.41	269953	148	1065400	75
178	190	64.5	2	3.85	1.36	6.33	244112	376	1039706	76
179	189	75.93	2	4.47	2.93	6.02	235462	400	1006265	70
179	190	65.51	2	4.48	2.53	6.43	292019	390	1027985	78
216	234	114.49	2	6.63	5.49	7.78	374468	853	797055	18
217	233	177.44	2	9.07	9.07	9.07	386849	665	817601	64
220	230	54.28	2	7.06	10.14	3.98	359221	414	787974	17
267	278	26.73	2	2.5	2.85	2.15	307135	462	395624	4
299	308	216.47	2	13.19	9.2	17.18	292142	812	439370	6
311	352	25.21	2	2.36	2.14	2.57	328851	1018	551358	6
326	348	25.32	2	3.59	5.84	1.33	379638	395	702655	36
327	352	33.31	2	2.85	2.3	3.4	344888	442	645260	9
328	351	69.96	2	4.33	4.98	3.67	360531	875	666895	4
329	350	96.57	2	7.52	8.26	6.79	344497	793	618432	12
372	391	44.84	2	4.0	7.37	0.64	425833	612	864899	13
373	393	61.35	2	4.72	8.04	1.39	421413	248	875862	25
374	392	41.23	2	3.67	6.79	0.56	443586	327	957285	14
375	387	31.82	2	2.65	2.28	3.01	446684	362	962774	14
375	435	59.69	2	2.66	4.3	1.02	455206	939	1005889	11
381	436	110.65	2	3.26	1.98	4.54	453337	1562	993069	27
382	404	34.03	2	2.65	2.64	2.65	458259	148	1010426	19
382	435	98.21	2	4.66	7.65	1.68	460699	1092	1028621	23
383	392	51.16	2	2.99	5.29	0.69	447097	397	964686	13
384	394	26.98	2	2.97	3.31	2.63	445720	483	996318	15
385	408	38.85	2	2.28	3.91	0.65	451998	1359	992614	22
390	403	69.57	2	3.23	1.03	5.44	448010	554	1005797	32
390	406	160.47	2	3.43	2.38	4.49	441682	896	981774	18
391	405	418.8	2	8.07	5.98	10.16	449943	728	1004175	12
392	404	136.68	2	6.26	1.86	10.67	451592	306	1013861	16
393	403	58.58	2	2.95	1.33	4.58	431136	206	943589	20
393	406	382.71	2	9.7	8.69	10.71	425237	476	924108	13
394	405	101.76	2	6.21	9.95	2.47	452223	750	1036329	10
411	420	233.06	2	11.72	7.36	16.07	436391	2001	1051353	83
436	446	167.82	2	5.11	6.89	3.33	454675	1195	1068286	37
446	466	62.29	2	2.17	1.2	3.14	831036	2812	1113668	32
447	456	50.45	2	3.52	2.41	4.63	849683	2184	1124383	30
473	499	224.15	2	7.09	6.69	7.49	835035	1421	1102539	61
474	498	184.92	2	7.34	9.15	5.52	835453	1645	1094090	19
489	499	264.55	2	8.87	8.91	8.83	844818	1275	1097269	129
531	587	91.84	2	4.35	5.4	3.3	559539	883	978785	31
531	588	136.06	2	5.34	8.0	2.69	588336	1424	982015	36
532	587	194.05	2	6.41	5.85	6.96	626458	1375	968585	25
533	586	83.9	2	4.17	1.41	6.94	598257	1131	973653	30
534	585	94.25	2	4.77	2.36	7.18	591746	908	982389	39
535	584	124.52	2	4.67	5.48	3.85	566187	1317	1000853	97
535	589	177.54	2	5.76	7.82	3.7	610159	1828	988217	68
536	586	31.9	2	2.54	2.43	2.64	537813	482	978371	118
554	577	103.31	2	6.32	6.8	5.83	527528	3163	956918	119
574	584	44.5	2	2.07	2.77	1.38	720835	1776	991996	79
574	589	169.56	2	7.04	10.55	3.54	777566	2681	979352	82
575	586	39.39	2	3.12	2.98	3.26	750642	740	958564	130
584	604	49.28	2	2.05	1.52	2.57	723405	2398	900867	44
589	604	166.27	2	6.06	3.47	8.65	781120	3156	895129	38
604	616	73.31	2	3.43	3.82	3.03	708526	2251	755953	43
614	694	147.52	2	3.75	5.25	2.24	746123	2945	465747	67
616	652	114.15	2	2.94	4.74	1.13	680754	2359	526346	39
622	640	101.81	2	2.21	2.35	2.08	691223	859	664846	94
624	651	162.99	2	3.01	4.89	1.13	738600	1150	577092	10
625	650	179.32	2	4.78	8.6	0.96	685616	1427	583370	7
626	676	42.95	2	2.09	3.13	1.05	688941	2840	480663	26
632	641	914.75	2	9.36	7.02	11.7	682117	2054	644390	76
671	748	94.21	2	2.68	2.45	2.9	789006	4784	1196623	13
676	693	130.21	2	2.91	3.23	2.59	695295	2805	517499	26
678	747	117.19	2	2.9	2.14	3.66	736228	3667	538009	43
700	729	95.04	2	2.49	2.71	2.27	685574	1966	666347	52
703	750	152.97	2	3.09	3.43	2.74	701582	2883	666831	45
704	730	261.89	2	4.86	3.44	6.28	497074	3808	1191345	222
707	743	40.3	2	2.13	1.85	2.41	713383	1221	695555	22
708	744	105.51	2	4.19	1.73	6.64	741264	2039	742972	11
717	745	86.98	2	4.15	3.36	4.94	812862	1106	786048	138
718	742	51.89	2	3.69	1.88	5.5	805043	359	794197	22
719	737	188.05	2	3.85	6.04	1.66	799845	1138	806515	43
723	734	295.5	2	6.9	12.0	1.79	772786	1374	788674	4
728	738	623.86	2	8.93	11.33	6.53	774291	4797	835900	90
729	740	223.64	2	5.5	5.34	5.66	751822	3668	793232	301
729	746	75.46	2	2.41	1.8	3.02	774708	1973	812574	153
740	795	26.68	2	2.03	0.66	3.4	818949	1150	811613	336
718	738	91.66	2	3.24	5.2	1.29	700158	648	1215524	163
727	830	88.25	2	2.09	1.48	2.7	709301	5233	969445	115
740	751	199.41	2	5.35	3.84	6.85	728578	4627	1177907	506
760	806	72.51	2	4.0	2.48	5.52	733364	2083	1011697	15
761	805	77.99	2	4.19	1.76	6.62	741409	2152	1023892	10
762	804	187.66	2	5.06	5.0	5.11	781771	5373	1042989	13
774	804	105.59	2	3.02	3.16	2.88	751584	1990	1028612	52
795	805	51.84	2	3.87	3.34	4.4	764144	642	993135	65
796	811	70.95	2	3.14	4.59	1.7	779329	1542	1030169	104
797	810	72.39	2	3.54	4.58	2.49	766170	1303	1022159	81
805	817	29.94	2	2.31	2.54	2.09	704751	761	899400	82
28	37	39.34	0	4.78	7.66	1.89	458599	1045	1215946	31
28	42	31.33	0	4.56	6.1	3.02	461722	2832	1206185	29
29	41	25.98	0	2.29	2.5	2.08	459725	3014	1215352	17
29	101	42.28	0	2.47	4.06	0.88	458460	3075	1205362	12
29	102	32.39	0	2.05	3.11	0.98	460036	2558	1200543	32
30	48	52.95	0	2.54	3.54	1.53	454215	1879	1223724	21
37	46	32.92	0	1.51	1.58	1.45	458756	1136	1216829	25
37	92	30.68	0	1.35	1.47	1.23	460727	2179	1188712	12
38	49	40.6	0	5.23	7.25	3.21	454421	2034	1216353	12
43	84	52.33	0	2.0	2.54	1.46	458286	3825	1178546	32
66	88	74.19	0	2.93	3.81	2.05	452784	2269	1186585	49
67	87	159.53	0	5.4	9.04	1.77	445398	3720	1189301	98
78	102	51.13	0	3.59	5.64	1.55	462613	3154	1187825	33
79	100	44.35	0	4.86	8.44	1.27	458330	1177	1197243	7
84	245	28.51	0	2.26	0.79	3.73	405473	1748	831056	8
88	135	25.77	0	1.93	0.7	3.16	464174	716	1166685	51
88	167	51.25	0	0.98	1.41	0.56	458425	665	1139329	30
93	149	73.13	0	4.55	4.52	4.57	451537	2641	1150989	7
94	148	33.21	0	2.34	2.99	1.69	455453	1790	1150457	8
94	152	27.42	0	2.12	2.46	1.77	459756	1632	1153310	6
96	149	42.92	0	3.08	3.47	2.68	450796	1654	1152987	19
98	121	26.35	0	5.02	6.69	3.34	446112	2088	1168917	22
110	133	36.01	0	3.38	1.95	4.8	465893	2185	1147962	13
112	121	79.35	0	10.74	11.41	10.08	451243	1399	1151066	19
113	147	25.55	0	1.39	1.3	1.48	447390	917	1104387	26
142	157	25.04	0	1.19	1.42	0.97	443532	1246	1114141	50
157	167	33.7	0	0.83	1.3	0.36	444693	483	1117058	61
164	201	67.21	0	5.17	2.14	8.2	400016	1418	996648	34
167	199	189.34	0	4.71	2.09	7.33	372806	685	1044241	37
188	197	35.83	0	1.57	2.65	0.5	338386	352	1016556	62
265	303	49.72	0	5.38	7.29	3.46	301557	1918	268626	6
268	280	133.34	0	7.13	5.73	8.54	309989	1163	398821	23
295	311	73.68	0	9.22	12.19	6.25	207311	1123	248174	3
376	442	91.11	0	3.92	5.91	1.94	450684	2053	993214	8
384	399	29.75	0	4.77	3.65	5.9	436193	785	972503	11
386	431	66.75	0	4.31	6.7	1.91	441427	1656	983090	12
404	442	24.35	0	1.21	1.9	0.51	459218	430	1056755	7
432	447	42.36	0	1.53	1.02	2.03	864347	2208	1136726	17
435	474	28.28	0	0.99	0.57	1.41	864616	3291	1119121	26
436	473	44.24	0	1.74	2.16	1.33	864860	1927	1130656	84
443	474	45.59	0	1.36	0.45	2.26	861324	3151	1122239	36
446	470	127.27	0	4.42	2.44	6.4	854146	4356	1098236	85
447	465	94.06	0	4.37	4.5	4.25	855626	2622	1127267	12
453	510	36.74	0	2.71	4.86	0.56	806391	5526	1091579	24
454	509	61.49	0	3.86	7.17	0.55	795331	4851	1083054	19
455	508	25.32	0	2.65	1.8	3.49	815136	4346	1085336	19
470	489	43.73	0	1.84	2.2	1.48	855343	3019	1090897	79
554	587	25.08	0	1.28	1.66	0.9	598127	1722	975664	66
578	605	48.76	0	3.14	1.06	5.22	725193	5456	842994	76
586	595	92.41	0	8.83	7.64	10.01	764690	3540	945060	38
617	638	26.58	0	2.23	2.74	1.71	687799	2155	610872	31
620	638	27.96	0	0.95	0.1	1.8	714538	12023	619452	31
623	652	147.72	0	1.96	2.45	1.47	695897	1416	523951	36
624	641	35.8	0	0.76	1.05	0.46	715400	498	694934	30
625	660	64.13	0	1.92	3.06	0.78	695886	1183	531919	56
629	646	42.27	0	0.79	0.55	1.04	704152	1263	597106	12
629	657	162.22	0	1.74	2.14	1.35	686969	3786	543425	20
655	672	25.21	0	0.97	1.32	0.63	623600	4718	443541	55
655	678	34.72	0	1.22	1.83	0.62	657890	5027	458795	87
657	674	118.26	0	2.69	0.98	4.4	592518	5217	438565	29
670	749	29.8	0	0.74	1.01	0.47	752173	3183	502960	2
672	741	83.67	0	2.43	2.12	2.75	672869	4842	454860	19
672	747	69.27	0	1.96	1.75	2.16	695003	3365	465041	21
678	741	51.12	0	1.3	0.92	1.67	713397	5014	529287	53
699	709	28.41	0	2.29	4.23	0.36	682842	2567	671918	3
700	725	40.66	0	0.87	1.15	0.59	681746	2128	629477	24
701	724	27.65	0	0.78	0.52	1.03	724163	1940	663753	17
709	743	127.7	0	4.67	1.69	7.65	733529	2015	753103	5
717	743	39.94	0	1.97	1.55	2.39	806136	502	782370	33
719	732	86.94	0	2.68	2.79	2.57	778764	3269	800906	13
723	738	47.09	0	1.2	1.91	0.48	787260	774	785404	33
723	742	26.09	0	1.91	1.06	2.76	785678	244	775868	13
724	748	81.06	0	2.49	3.03	1.94	762893	2029	737764	13
741	768	25.08	0	1.73	0.81	2.65	756728	6727	752897	52
744	757	25.32	0	2.36	1.59	3.13	797213	2430	827348	18
613	623	41.69	0	1.68	2.94	0.42	883093	1560	1301219	96
613	803	34.42	0	1.42	2.42	0.43	817768	8067	1055441	34
630	668	26.08	0	1.93	0.14	3.72	859585	2253	1263453	24
652	669	25.47	0	1.74	0.14	3.34	849801	1482	1248503	168
728	829	201.17	0	2.73	2.95	2.52	715322	8002	988702	54
728	833	24.62	0	0.48	0.36	0.6	725628	4166	935334	127
764	849	27.12	0	1.68	2.26	1.1	708755	4186	857184	15
765	848	26.64	0	1.39	1.74	1.04	750707	4862	859636	18
776	805	26.09	0	1.37	0.53	2.21	726955	636	987956	10
784	805	26.69	0	1.5	0.73	2.26	751768	722	997065	23
804	814	90.78	0	1.92	2.47	1.37	767960	6428	978847	15
852	863	95.79	0	7.86	6.97	8.75	743316	10133	986564	11
872	881	163.05	0	9.31	6.77	11.86	743745	5291	1055398	29
904	916	123.05	0	9.23	5.24	13.21	793336	2136	1121062	9
904	925	26.27	0	1.93	1.13	2.74	808757	1929	1133698	11
905	916	41.53	0	3.94	3.41	4.47	795910	2052	1120416	7
912	921	40.41	0	5.97	5.79	6.14	773762	6343	1121846	34
937	949	146.95	0	11.2	9.95	12.45	842813	4783	1170268	66
