992	Window=3	Metric=PAIRMAPPER	
i	j	Sig.	Class	Zij	Zi	Zj	Mod_Depth	Mod_Comuts	Unt_Depth	Unt_Comuts
144	155	722.52	1	12.00	12.38	11.61	450641	1553	1136142	363
168	198	45.83	1	5.03	9.78	0.29	376342	133	1044553	11
169	197	66.75	1	4.36	7.89	0.83	389887	240	1036304	49
775	786	126.74	1	4.26	1.97	6.56	1632516	989	2010757	94
776	785	382.27	1	11.12	5.82	16.43	1507128	803	1837436	32
36	93	59.49	2	2.68	1.85	3.51	460339	2166	1186885	5
44	83	39.77	2	2.53	4.41	0.66	462332	1594	1198693	26
63	81	128.07	2	5.76	3.81	7.71	452012	1302	1164815	147
70	87	100.00	2	5.42	9.96	0.88	452708	2730	1193036	89
80	93	26.80	2	2.44	3.40	1.48	462030	631	1182419	20
85	244	27.54	2	3.32	2.33	4.31	394324	1456	793029	9
87	111	28.75	2	3.65	0.10	7.20	467720	780	1170119	45
87	136	46.32	2	3.19	0.30	6.08	462703	1004	1163688	43
94	110	40.56	2	2.72	3.50	1.95	468224	791	1173253	14
95	147	34.40	2	2.09	2.43	1.76	447937	1248	1110708	15
98	107	46.12	2	6.46	11.93	0.99	457688	1570	1165796	16
113	128	50.12	2	2.07	2.39	1.76	460186	503	1150104	46
114	127	190.86	2	4.85	6.28	3.41	461721	786	1152380	41
114	139	25.81	2	3.95	0.76	7.14	462868	499	1139991	36
115	126	338.95	2	7.75	9.82	5.68	456705	759	1144538	26
116	125	428.73	2	8.30	9.52	7.09	454333	878	1145614	14
162	204	159.81	2	5.54	5.75	5.33	396714	716	1072398	7
163	203	247.69	2	7.15	5.38	8.91	395006	653	1060113	6
164	205	97.23	2	4.91	2.96	6.86	431923	891	1062700	4
170	196	167.54	2	4.76	5.16	4.36	378495	321	1041479	40
170	205	49.61	2	2.45	1.46	3.44	421942	254	1054346	22
171	191	55.91	2	5.19	0.59	9.79	332776	348	1050479	8
177	187	69.66	2	6.24	1.36	11.12	320517	176	1064721	107
177	188	131.49	2	6.08	2.64	9.52	312164	487	1057020	73
178	187	66.88	2	5.98	1.30	10.67	270025	148	1065778	75
178	190	65.96	2	3.85	1.28	6.42	244180	375	1040086	76
179	189	76.83	2	4.37	2.82	5.92	235527	399	1006635	70
179	190	66.10	2	4.42	2.41	6.43	292104	389	1028359	78
216	234	116.45	2	6.74	5.55	7.92	374584	853	797291	18
217	233	180.21	2	9.20	9.27	9.12	386969	665	817858	65
220	230	55.03	2	7.27	10.58	3.95	359323	414	788223	17
267	278	27.51	2	2.50	2.85	2.15	307232	462	395714	4
299	308	217.51	2	13.35	9.26	17.43	292240	812	439467	6
311	352	26.21	2	2.35	2.13	2.58	328948	1018	551460	6
326	348	26.14	2	3.81	6.35	1.28	379766	395	702799	36
327	352	34.46	2	2.87	2.31	3.43	344997	442	645382	9
328	351	71.77	2	4.37	5.11	3.63	360645	875	667035	4
329	350	97.82	2	7.67	8.46	6.87	344612	793	618555	12
371	392	25.58	2	2.92	5.60	0.24	428085	584	884946	11
372	391	48.02	2	4.28	7.99	0.57	425968	612	865087	13
373	393	63.92	2	4.91	8.49	1.34	421543	248	876054	25
374	392	44.97	2	3.93	7.36	0.50	443720	327	957501	14
375	387	33.31	2	2.62	2.20	3.03	446820	362	962992	14
375	435	65.86	2	2.74	4.53	0.95	455344	939	1006103	11
376	442	94.26	2	3.49	6.00	0.97	450819	2054	993424	8
381	436	119.51	2	3.03	1.99	4.07	453475	1562	993282	27
382	404	36.56	2	2.70	2.71	2.69	458401	149	1010651	19
382	435	103.32	2	4.73	7.96	1.50	460844	1092	1028840	23
383	392	56.62	2	3.20	5.75	0.66	447236	397	964901	13
384	394	27.68	2	2.96	3.31	2.62	445862	483	996551	15
385	408	43.26	2	2.41	4.22	0.60	452136	1360	992848	22
390	403	75.52	2	3.38	0.99	5.78	448148	555	1005258	32
390	406	168.47	2	3.47	2.33	4.61	441812	896	981396	18
391	405	430.29	2	8.13	5.96	10.29	450083	729	1002859	12
392	404	143.85	2	6.40	1.83	10.98	451732	307	1012178	16
393	403	62.13	2	3.01	1.30	4.73	431269	206	941104	20
393	406	388.16	2	9.70	8.66	10.73	425362	476	921889	13
394	405	103.53	2	6.29	10.17	2.42	452362	750	1032653	10
411	420	234.67	2	10.64	7.27	14.01	436521	2002	1038296	83
432	447	66.20	2	2.20	1.41	2.98	1320752	3364	2237692	30
436	446	399.23	2	9.84	13.59	6.08	1328176	3798	2205258	111
446	470	126.36	2	3.92	1.92	5.91	854274	4356	1116334	86
447	456	50.55	2	3.22	2.27	4.17	849813	2184	1142752	30
447	465	94.27	2	4.17	4.24	4.09	855756	2622	1145432	13
455	508	25.02	2	2.35	1.68	3.01	815261	4346	1085922	20
473	499	224.10	2	6.67	6.13	7.22	835166	1422	1103182	61
474	498	184.47	2	6.83	8.32	5.35	835580	1645	1094719	19
489	499	263.73	2	8.31	8.13	8.48	844946	1275	1097883	129
531	587	90.93	2	4.01	4.97	3.05	559637	883	979152	34
531	588	134.51	2	4.90	7.29	2.52	588439	1424	982379	38
532	587	192.56	2	5.86	5.41	6.32	626567	1375	968938	28
533	586	82.88	2	3.76	1.39	6.13	598356	1131	973996	30
534	585	93.57	2	4.35	2.25	6.45	591847	908	982741	39
535	584	124.25	2	4.34	5.10	3.58	566282	1318	1001221	97
535	589	176.05	2	5.30	7.17	3.43	610256	1828	988564	69
536	586	31.60	2	2.34	2.25	2.43	537906	482	978711	118
554	577	102.78	2	5.77	6.14	5.40	527612	3163	957272	120
574	584	43.82	2	2.00	2.65	1.35	720955	1776	992365	79
574	589	168.47	2	6.57	9.85	3.29	777686	2681	979707	83
575	586	39.11	2	2.90	2.84	2.97	750755	740	958922	130
589	604	165.08	2	5.49	3.23	7.75	781241	3157	894411	39
604	616	67.45	2	2.51	3.26	1.75	708624	2251	755209	44
614	694	218.92	2	3.61	4.98	2.24	1481632	5470	1728709	305
616	652	153.28	2	2.34	3.91	0.77	1549619	5597	1795477	136
622	640	237.51	2	2.76	2.79	2.73	1573421	2103	1952735	349
623	652	305.01	2	2.01	2.51	1.51	1570503	3480	1780760	131
624	651	391.74	2	3.60	5.82	1.38	1629492	2858	1856846	36
625	650	461.20	2	6.55	11.82	1.28	1576356	3550	1869022	36
626	676	132.63	2	3.23	4.30	2.15	1550746	7573	1752043	104
630	668	52.02	2	2.51	0.25	4.77	1545206	3450	1787838	30
632	641	2112.44	2	11.09	7.76	14.41	1540530	4963	1918773	271
652	669	71.63	2	2.62	0.37	4.86	1512846	2337	1708500	193
676	693	267.46	2	4.11	4.28	3.95	1389729	6118	1750750	124
678	747	148.31	2	2.37	1.71	3.04	1536356	7692	1734697	171
704	730	708.29	2	6.66	3.78	9.53	1214684	12357	1906775	297
707	743	48.33	2	2.18	1.63	2.73	1211813	1891	1896011	79
708	744	132.92	2	4.59	1.71	7.46	1225599	3275	1927220	54
718	738	299.97	2	5.17	8.03	2.31	1507296	1881	2020378	269
718	742	72.13	2	4.31	1.97	6.64	1453834	563	1993077	67
719	737	299.07	2	4.67	7.31	2.04	1474297	1774	2009765	162
723	734	572.02	2	8.88	15.17	2.60	1445913	2697	2020389	18
728	738	1377.07	2	11.95	13.46	10.45	1503727	7993	2048400	365
729	740	528.30	2	7.75	8.23	7.28	1397635	6163	1985284	973
740	751	321.55	2	5.00	4.44	5.55	1533528	9956	1986588	757
760	806	71.24	2	3.38	1.86	4.89	733549	2085	1011081	17
761	805	76.87	2	3.60	1.36	5.85	741595	2153	1023041	10
795	805	51.61	2	3.70	3.44	3.97	764335	642	992417	66
796	811	65.87	2	2.47	3.37	1.56	779524	1543	1029406	104
797	810	71.21	2	3.28	4.23	2.33	766363	1303	1021283	81
805	817	29.81	2	2.15	2.36	1.94	704916	762	899356	82
28	37	40.05	0	4.85	7.92	1.78	458739	1045	1216527	31
29	41	27.18	0	2.25	2.39	2.11	459866	3017	1215933	18
29	101	47.13	0	2.53	4.26	0.81	458601	3076	1205901	13
29	102	36.06	0	2.06	3.22	0.90	460178	2559	1201083	33
30	48	56.82	0	2.51	3.54	1.48	454355	1880	1224306	22
37	46	36.33	0	1.51	1.60	1.41	458895	1136	1217418	25
37	92	34.17	0	1.38	1.50	1.26	460863	2180	1189244	13
38	49	41.06	0	5.17	7.22	3.11	454556	2034	1216928	12
43	84	58.86	0	2.05	2.59	1.51	458425	3826	1179085	35
66	88	84.33	0	3.03	3.99	2.07	452928	2270	1187118	49
67	87	181.88	0	5.74	9.71	1.77	445535	3722	1189825	98
78	102	54.49	0	3.65	5.86	1.44	462754	3154	1188355	34
79	100	46.04	0	4.94	8.76	1.13	458468	1177	1197779	7
84	245	31.32	0	2.35	0.73	3.96	405595	1748	831301	9
88	135	30.11	0	1.99	0.60	3.37	464316	716	1167176	51
88	156	44.06	0	0.78	0.98	0.59	454456	1191	1133340	47
88	167	84.45	0	1.44	2.07	0.80	458560	665	1139793	31
93	149	76.05	0	4.49	4.54	4.45	451669	2640	1151454	7
94	148	35.17	0	2.30	3.02	1.59	455584	1790	1150928	8
94	152	28.35	0	2.05	2.40	1.69	459895	1631	1153784	7
96	149	45.03	0	2.97	3.37	2.57	450928	1654	1153442	19
98	121	26.73	0	5.04	6.84	3.23	446238	2088	1169420	22
110	133	37.77	0	3.27	1.80	4.74	466034	2187	1148440	13
112	121	79.89	0	10.58	11.20	9.95	451375	1399	1151550	19
113	147	28.23	0	1.36	1.30	1.41	447526	917	1104825	26
142	157	27.17	0	1.19	1.42	0.96	443669	1246	1114579	50
157	167	44.21	0	0.99	1.62	0.36	444826	483	1117510	61
164	201	68.81	0	5.24	2.06	8.42	400131	1418	997004	34
167	199	201.85	0	4.86	2.08	7.64	372924	685	1044624	38
188	197	40.62	0	1.66	2.86	0.47	338481	352	1016908	62
265	303	50.57	0	5.41	7.46	3.35	301650	1918	268665	6
266	302	24.25	0	3.01	3.58	2.44	249434	1456	226518	4
268	280	134.24	0	7.25	5.81	8.69	310086	1162	398901	23
295	311	74.08	0	9.37	12.47	6.28	207371	1123	248230	3
373	424	24.80	0	1.79	3.18	0.40	446410	934	960059	12
374	423	28.65	0	2.42	4.62	0.22	445598	1126	988882	6
375	412	24.18	0	1.04	1.55	0.52	441263	864	987951	28
375	422	27.31	0	1.02	1.78	0.26	442198	1423	993180	10
375	443	25.88	0	0.96	1.67	0.24	453492	784	1007039	25
382	412	24.13	0	1.13	1.73	0.52	447212	958	1009081	29
383	413	24.77	0	1.37	2.41	0.33	449713	1245	995173	14
384	399	30.54	0	4.93	3.67	6.19	436332	786	972727	11
386	431	68.76	0	3.92	6.76	1.07	441566	1655	983312	12
404	442	27.34	0	1.13	1.97	0.28	459358	431	1044876	7
435	474	26.11	0	0.83	0.38	1.29	864748	3291	1127415	37
436	473	42.11	0	1.35	1.43	1.26	864992	1927	1147811	95
443	474	44.99	0	1.27	0.41	2.13	861456	3151	1130402	47
446	466	61.61	0	1.97	0.94	2.99	831164	2812	1131405	34
453	510	32.66	0	0.78	1.00	0.56	806512	5526	1092169	26
454	509	60.70	0	3.33	6.08	0.58	795458	4850	1083637	21
470	489	43.14	0	1.77	2.11	1.44	855471	3020	1091511	80
554	587	24.43	0	1.25	1.57	0.92	598221	1722	976040	66
578	605	47.75	0	2.92	1.10	4.75	725302	5456	843265	77
584	604	48.54	0	1.94	1.48	2.40	723526	2399	901040	45
586	595	92.33	0	7.68	6.82	8.55	764813	3540	945034	38
613	623	59.74	0	1.61	2.71	0.50	1616482	2718	2044541	154
620	638	84.50	0	1.35	0.19	2.50	1595567	29845	1905539	111
624	641	94.81	0	1.05	1.42	0.68	1601446	1216	1984330	107
629	646	144.92	0	1.27	0.92	1.62	1583084	3511	1875549	41
629	657	367.26	0	1.89	2.28	1.49	1558475	10339	1821592	50
642	669	30.91	0	1.36	0.57	2.15	1519901	2453	1773614	60
644	668	35.45	0	3.15	3.02	3.28	1531926	5040	1687722	49
645	667	28.39	0	4.48	6.02	2.93	1552117	3415	1715984	92
655	672	41.68	0	1.18	1.54	0.82	1457067	12319	1681651	324
655	678	124.41	0	3.00	4.56	1.44	1494190	13671	1698123	561
656	673	41.06	0	3.32	6.05	0.59	1456223	6783	1696218	69
657	671	47.34	0	0.54	0.20	0.88	1508262	12718	1731880	45
657	674	258.99	0	2.91	1.06	4.76	1426509	13435	1684836	118
670	749	41.23	0	0.78	1.07	0.49	1558847	7243	1705858	13
671	748	185.62	0	3.23	3.24	3.22	1497825	8529	1659141	18
672	741	115.93	0	2.13	2.16	2.10	1444652	10268	1643860	131
672	747	85.02	0	1.68	1.60	1.77	1492743	6969	1656253	105
678	741	42.18	0	0.66	0.52	0.79	1487804	10804	1723282	262
699	709	35.28	0	2.29	4.16	0.42	1087055	3813	1939815	36
700	725	81.81	0	1.40	1.85	0.95	1155621	3262	1880116	97
701	724	67.82	0	1.54	1.06	2.01	1250082	2953	1886449	75
703	718	39.66	0	0.91	0.71	1.11	1204700	1044	1900674	157
709	743	143.45	0	4.80	1.59	8.01	1239322	3154	1959647	17
719	732	114.46	0	2.61	2.82	2.39	1428629	5295	2007903	71
724	748	81.75	0	1.93	2.41	1.45	1404670	3400	1949960	39
727	830	85.57	0	1.88	1.29	2.47	709469	5233	969899	115
728	829	186.63	0	2.06	1.85	2.26	715495	8005	989165	54
743	756	26.17	0	1.30	1.50	1.10	1540895	3870	2031996	72
744	757	32.54	0	1.65	1.87	1.44	1442170	4429	1998411	72
762	804	184.67	0	4.34	4.06	4.63	781971	5373	1041939	13
764	849	25.72	0	1.35	1.63	1.07	708931	4186	857534	15
765	848	24.95	0	1.10	1.19	1.01	750897	4862	860001	18
774	804	102.20	0	2.49	2.36	2.63	751768	1990	1027929	54
776	805	24.87	0	1.20	0.42	1.99	727139	636	987441	10
784	805	26.54	0	1.37	0.62	2.11	751963	722	996339	23
804	814	85.16	0	1.76	2.21	1.31	768155	6428	978108	15
852	863	95.71	0	7.25	6.36	8.14	743513	10135	986968	11
872	881	162.56	0	8.77	6.54	10.99	743927	5291	1055832	29
904	916	123.19	0	8.63	4.96	12.30	793545	2137	1121560	9
904	925	26.43	0	1.89	1.16	2.61	808969	1931	1134202	11
905	916	41.60	0	3.74	3.25	4.24	796118	2053	1120912	7
912	921	40.55	0	5.33	5.25	5.41	773952	6345	1122343	34
937	949	146.62	0	10.36	9.28	11.43	843021	4783	1170790	67
