965	Window=3	Metric=PAIRMAPPER	
i	j	Sig.	Class	Zij	Zi	Zj	Mod_Depth	Mod_Comuts	Unt_Depth	Unt_Comuts
468	478	243.22	1	8.09	6.31	9.87	380686	591	1081955	140
753	766	177.64	1	7.13	4.87	9.39	771605	684	4437819	303
754	765	125.33	1	4.77	2.21	7.33	803007	534	4506983	109
755	764	271.20	1	9.96	4.36	15.55	762013	501	4318065	71
36	79	31.84	2	3.51	0.77	6.24	284951	837	559604	1
45	82	72.82	2	2.16	2.01	2.31	291353	1857	555713	25
63	81	132.80	2	5.25	2.63	7.86	283034	1348	547144	50
70	87	110.95	2	4.42	7.93	0.91	284832	2765	550486	33
72	81	97.30	2	5.23	4.74	5.71	282361	1101	546461	70
80	93	34.02	2	2.75	4.14	1.36	291922	822	551261	9
86	243	80.54	2	3.26	0.62	5.90	261516	1913	414376	3
87	111	32.44	2	2.39	0.15	4.63	291136	909	541639	22
93	153	32.03	2	2.51	1.27	3.75	178327	1590	536583	9
95	147	36.52	2	3.02	3.25	2.79	252180	1088	519142	5
95	151	43.34	2	4.35	3.89	4.80	215501	929	541472	6
97	108	43.75	2	2.45	4.31	0.59	285888	1588	541299	9
98	107	42.10	2	4.54	8.12	0.96	281860	1695	537141	12
112	129	42.14	2	3.49	5.29	1.68	285393	532	536980	17
113	128	65.64	2	3.32	4.35	2.30	279577	560	531808	19
114	127	208.50	2	6.04	8.55	3.53	280584	780	524234	22
115	126	385.83	2	9.00	11.54	6.46	272416	727	512680	14
116	125	673.41	2	11.52	11.75	11.29	272823	939	512522	4
124	203	26.55	2	3.29	4.76	1.82	260873	809	503560	6
144	155	107.35	2	6.76	8.07	5.44	170147	334	528228	71
162	204	161.09	2	11.32	11.06	11.59	148018	347	514945	4
163	203	136.69	2	8.63	7.33	9.93	149996	291	514450	4
164	205	26.01	2	2.68	1.81	3.56	122406	273	513168	5
169	197	28.45	2	3.40	5.58	1.21	188066	129	496091	16
170	196	32.67	2	2.93	3.11	2.75	153801	128	495576	9
177	187	57.65	2	6.50	3.24	9.75	210458	165	496521	53
177	188	118.19	2	8.19	6.77	9.62	210553	479	494118	36
178	187	38.39	2	4.29	2.15	6.44	178256	124	501963	32
178	190	76.95	2	6.06	4.42	7.69	164576	396	492131	40
179	189	55.38	2	5.88	5.51	6.25	141471	383	486853	35
179	190	72.66	2	7.26	7.27	7.26	196853	403	496073	45
187	197	28.79	2	3.01	4.79	1.23	266833	146	495084	25
188	197	43.06	2	2.66	3.41	1.90	266891	430	493867	18
216	234	104.05	2	6.74	5.71	7.76	266738	981	417138	7
217	233	114.99	2	6.95	8.11	5.78	269844	577	442856	25
220	230	50.41	2	5.47	9.30	1.64	258814	702	432000	6
233	256	144.88	2	8.31	7.32	9.30	230203	768	311572	5
266	294	36.48	2	3.59	5.40	1.79	241682	492	338178	20
266	295	28.74	2	2.43	4.21	0.65	240410	618	330483	13
270	291	32.81	2	3.64	3.99	3.30	250676	1455	333778	1
274	290	282.91	2	10.18	12.74	7.63	234540	1910	297237	2
278	287	574.02	2	12.37	10.39	14.34	239006	996	346966	3
307	330	51.74	2	3.22	3.44	3.01	220160	845	342512	0
308	329	88.42	2	6.81	7.58	6.05	209104	688	315265	1
313	425	48.72	2	2.05	3.51	0.58	240240	498	343943	12
314	424	76.72	2	3.52	6.07	0.97	251931	579	379111	28
315	423	41.01	2	2.41	4.51	0.31	261358	626	413248	26
354	391	31.88	2	2.07	3.76	0.39	259571	647	464290	6
355	421	186.97	2	5.75	10.12	1.39	280895	1785	480433	3
358	416	51.45	2	2.67	0.15	5.20	278917	781	478261	7
359	416	47.92	2	2.51	0.17	4.84	280953	695	481600	11
360	415	273.03	2	4.77	1.87	7.68	273993	1486	483302	9
361	414	91.26	2	4.69	8.47	0.92	285769	876	495645	3
363	404	30.88	2	2.20	3.79	0.62	264471	513	476765	5
368	386	260.96	2	9.13	14.20	4.06	261813	848	443002	4
369	382	29.21	2	2.16	0.46	3.87	279297	410	493725	9
369	385	118.91	2	4.48	2.16	6.79	266519	659	461036	3
369	418	29.72	2	2.23	0.47	3.99	276958	458	491197	4
370	384	127.28	2	4.65	2.96	6.34	277935	461	477523	1
371	383	35.28	2	3.08	0.71	5.46	280872	198	485300	5
372	382	32.02	2	2.73	1.20	4.27	273800	150	462631	9
372	385	204.40	2	10.01	8.26	11.76	260712	309	430999	4
373	384	41.63	2	3.22	4.45	2.00	278807	626	498012	4
383	423	25.79	2	2.06	3.92	0.19	289217	244	511690	16
389	405	26.09	2	2.36	0.78	3.94	257771	970	496716	12
390	399	236.52	2	11.20	7.56	14.84	257209	1563	501783	19
411	426	90.04	2	3.36	2.05	4.66	676893	2107	1637333	26
415	425	369.25	2	7.45	10.39	4.51	692817	1872	1648990	86
422	453	111.16	2	2.51	0.66	4.35	390572	1769	1085040	60
426	435	89.92	2	5.80	4.65	6.95	380326	1427	1098519	22
426	444	46.96	2	2.76	2.42	3.10	389047	1546	1107743	28
433	488	59.63	2	2.53	4.08	0.98	339911	2655	1039393	20
450	467	87.40	2	4.44	6.60	2.29	390533	554	1069534	283
452	478	139.01	2	4.65	3.63	5.67	378004	556	1084724	93
453	477	158.20	2	5.81	6.15	5.47	379074	919	1081956	27
465	475	140.46	2	6.38	3.43	9.33	386056	5304	1081369	49
510	567	75.30	2	3.61	5.38	1.83	215408	705	1024103	33
511	566	89.16	2	4.36	3.89	4.82	215216	646	1024344	21
512	565	36.85	2	2.48	1.06	3.90	174405	407	987858	39
513	564	56.81	2	3.53	2.35	4.72	184218	339	996304	51
514	563	41.89	2	2.27	2.75	1.78	192054	501	1008853	113
514	568	99.78	2	4.31	6.39	2.22	206814	744	1007464	64
533	556	67.74	2	5.05	4.34	5.76	200370	2019	966436	94
533	566	52.41	2	3.14	3.39	2.88	220527	1327	1010256	88
534	555	40.25	2	2.71	1.93	3.48	284590	1671	1014609	168
534	562	41.61	2	2.10	1.99	2.20	301665	2561	1020212	131
553	563	59.09	2	2.61	2.75	2.47	328214	1529	1004300	95
553	568	219.51	2	7.38	9.98	4.78	357062	2371	1002883	58
554	565	44.78	2	3.60	2.48	4.71	349665	444	996428	167
568	583	165.54	2	5.20	3.63	6.78	361337	2465	1000925	31
592	648	36.31	2	2.46	2.05	2.88	761955	1155	4640288	123
593	673	168.77	2	2.49	3.15	1.83	629426	3389	4494519	255
600	659	217.14	2	3.01	3.94	2.07	789858	2212	4553382	338
601	619	207.91	2	3.21	3.23	3.20	794854	1186	4710019	417
602	631	307.65	2	2.17	3.45	0.90	790002	2492	4601468	161
603	630	434.52	2	4.86	8.60	1.11	815854	2136	4704171	91
604	629	563.45	2	7.59	13.88	1.29	790623	2506	4641925	90
604	639	154.35	2	2.28	3.81	0.75	790064	1870	4610936	287
605	655	256.41	2	4.09	4.39	3.78	762317	6529	4569885	136
608	625	201.64	2	2.40	1.04	3.76	779492	2551	4686467	79
611	620	2300.52	2	13.34	10.15	16.53	754908	3224	4640422	377
657	720	172.43	2	2.44	1.33	3.54	687838	9048	4245338	339
657	726	246.19	2	3.75	1.88	5.62	743464	6009	4384624	145
678	688	53.22	2	3.89	7.14	0.64	437088	2269	4646109	59
680	703	113.18	2	2.30	1.35	3.25	531658	2107	4389188	116
683	709	685.55	2	6.49	4.40	8.57	511864	8179	4488230	305
686	722	65.69	2	3.02	2.55	3.49	510118	1102	4469189	137
687	723	153.41	2	4.73	2.05	7.42	511012	1825	4501562	34
688	722	147.70	2	4.74	1.70	7.78	498774	1960	4521871	27
696	722	44.41	2	2.44	2.50	2.37	628430	383	4481517	143
697	717	224.51	2	5.53	9.58	1.49	702233	935	4554281	288
698	716	291.94	2	4.79	7.85	1.73	687924	992	4500401	181
702	713	338.95	2	7.60	13.54	1.65	653418	1664	4459676	44
703	727	116.61	2	2.51	3.35	1.67	662802	2550	4378051	45
707	717	614.09	2	6.96	9.93	3.99	661016	4145	4504131	451
708	719	321.11	2	5.25	4.96	5.55	614258	3636	4417513	1156
708	725	85.96	2	2.08	1.36	2.81	645071	1772	4477558	480
719	730	305.51	2	5.48	5.28	5.68	711642	6637	4464252	491
739	785	87.13	2	4.50	2.56	6.43	366652	1724	3303809	14
775	790	83.36	2	2.92	4.15	1.68	409563	1032	3290296	106
776	789	84.55	2	3.13	4.04	2.21	404682	887	3226570	111
28	37	65.87	0	7.37	11.85	2.88	280113	975	544769	15
28	42	31.39	0	4.10	5.55	2.65	281509	2864	529320	10
29	41	35.83	0	3.65	4.68	2.63	282049	2535	546820	7
30	48	48.27	0	1.62	2.36	0.88	279521	1980	567740	10
30	100	25.28	0	0.91	1.18	0.63	279687	2814	554757	7
32	98	25.83	0	2.72	0.53	4.90	277518	1221	554897	7
36	93	52.05	0	1.75	1.34	2.17	285155	2498	558092	4
37	46	38.67	0	1.34	1.64	1.04	283660	1060	569821	17
38	49	106.15	0	8.26	10.77	5.74	277003	2107	558049	7
43	84	102.26	0	3.08	3.59	2.58	286276	4404	557850	16
45	99	31.28	0	1.73	0.79	2.67	285573	1204	552620	5
46	76	31.67	0	1.42	0.83	2.01	287330	2298	550121	33
61	224	30.73	0	2.96	4.77	1.15	273916	1500	483014	45
66	88	116.91	0	3.11	3.20	3.01	285258	2289	556821	18
67	87	388.50	0	7.43	11.23	3.62	279801	4006	557265	40
67	167	28.30	0	1.09	0.67	1.52	170640	285	535105	16
67	296	24.01	0	0.55	0.54	0.57	260932	1865	245663	10
70	233	27.66	0	1.56	1.84	1.29	268064	942	455023	22
77	158	38.92	0	2.57	2.82	2.31	121726	1126	522957	68
77	254	48.07	0	3.20	3.53	2.86	238762	2277	342980	23
78	102	28.49	0	1.22	1.83	0.61	286458	3128	551869	18
79	100	25.20	0	2.76	4.90	0.63	284618	1059	554000	6
83	246	27.82	0	2.29	0.38	4.20	262128	1554	370522	1
84	245	66.09	0	3.09	1.60	4.58	258297	3016	389924	0
85	244	105.87	0	7.02	6.15	7.89	254657	2767	409704	0
87	97	28.69	0	1.45	0.11	2.78	291679	1056	544768	25
88	233	24.57	0	0.81	0.49	1.13	275259	646	453288	17
93	149	49.91	0	2.81	2.07	3.56	238498	2605	535026	8
94	152	34.66	0	3.75	4.62	2.89	217656	1115	534899	4
110	133	28.52	0	3.11	1.36	4.86	282296	2649	517345	29
112	121	78.69	0	8.65	10.05	7.24	271293	1452	543136	7
148	204	24.05	0	1.46	1.30	1.61	249066	1034	509853	5
157	251	28.30	0	1.97	3.34	0.61	129752	292	358129	11
164	201	41.45	0	5.05	2.98	7.13	117329	563	470598	13
167	199	63.38	0	3.78	3.53	4.03	173124	187	499806	24
248	257	49.36	0	6.09	4.90	7.28	222550	506	295659	11
256	296	43.16	0	1.89	2.63	1.15	228364	996	228391	4
256	425	44.60	0	1.63	2.73	0.53	241655	688	239959	8
258	284	30.50	0	4.48	5.81	3.15	209194	2704	276362	14
274	287	40.50	0	1.34	1.74	0.93	231106	635	303470	2
288	309	43.37	0	3.59	0.81	6.36	202198	1879	268176	3
312	423	35.27	0	1.43	2.60	0.27	232514	688	304399	21
313	360	27.72	0	1.00	1.92	0.08	225336	962	331720	10
330	342	27.36	0	2.94	1.52	4.37	232784	1549	406479	2
341	409	25.54	0	3.09	4.38	1.79	251946	5069	433890	11
351	373	29.00	0	3.50	3.96	3.04	267121	1006	454386	3
351	378	26.44	0	3.29	3.59	3.00	246498	1617	407190	10
353	402	28.89	0	1.73	3.31	0.15	273856	1044	492307	1
353	430	31.72	0	2.55	3.65	1.44	290708	1044	494704	2
354	366	25.93	0	1.90	3.01	0.78	277272	310	472783	4
354	422	30.23	0	1.86	3.55	0.17	286530	536	493671	8
361	422	31.04	0	1.46	2.74	0.18	285283	663	499989	5
362	371	25.92	0	1.41	2.32	0.50	268471	333	462522	3
363	378	42.30	0	5.09	5.27	4.91	250890	775	433333	6
365	410	274.00	0	6.50	8.97	4.02	265353	2046	459153	5
396	430	31.79	0	3.43	5.42	1.45	280502	5256	507857	5
412	465	36.74	0	0.65	0.35	0.96	393106	4835	1100291	29
414	453	37.37	0	0.95	0.37	1.54	396859	1715	1099507	34
415	549	28.48	0	1.00	0.79	1.22	361847	1296	1051164	56
432	489	57.69	0	1.81	2.12	1.50	345218	2379	1063210	19
444	475	25.81	0	1.77	1.75	1.80	384658	3662	1088908	18
445	474	28.67	0	1.74	2.11	1.37	376203	3064	1082581	25
449	474	27.32	0	1.67	2.03	1.31	387905	4866	1074442	45
449	492	30.48	0	1.59	2.25	0.93	318199	2850	1064992	53
497	507	24.07	0	3.83	3.71	3.95	119183	937	1077895	19
510	566	29.70	0	1.94	2.19	1.68	209581	380	1020451	41
536	604	30.25	0	1.11	1.45	0.76	323613	684	899278	95
549	599	55.38	0	1.17	2.25	0.09	349738	5262	923166	86
563	583	32.54	0	1.42	1.41	1.43	331794	1611	1001237	49
565	574	44.04	0	4.13	4.63	3.62	350336	1939	1009137	36
583	595	32.26	0	1.06	1.42	0.71	338998	1795	920394	45
589	784	26.02	0	1.04	0.65	1.44	406513	2309	3340561	30
592	782	42.41	0	1.51	2.39	0.64	413847	6386	3520868	53
593	725	41.25	0	1.09	0.80	1.38	771963	2489	4370981	346
594	730	45.77	0	0.91	0.92	0.90	765986	5694	4315139	173
595	631	156.71	0	1.87	3.27	0.46	765575	4964	4614849	171
595	729	32.54	0	0.57	0.71	0.44	737624	6117	4291917	74
599	617	136.62	0	2.57	0.19	4.96	797487	25827	4713496	206
603	620	138.44	0	1.89	2.75	1.03	795844	746	4702966	212
608	636	555.25	0	2.10	2.81	1.39	766527	10261	4604489	86
609	647	36.08	0	1.86	0.17	3.55	759534	2276	4632654	46
614	623	181.86	0	11.41	11.14	11.69	747975	20436	4540031	128
615	900	33.49	0	1.84	1.85	1.83	385177	11562	2513305	22
619	662	48.99	0	0.79	0.79	0.79	742333	1918	4487530	1397
619	673	54.32	0	0.75	0.87	0.63	617619	1639	4428790	210
620	639	308.77	0	1.86	2.25	1.48	773726	3028	4510402	370
620	661	91.91	0	0.86	0.69	1.04	745047	2450	4458034	1476
620	672	55.36	0	0.65	0.43	0.87	619782	1197	4378685	237
624	902	35.83	0	2.70	3.85	1.55	407249	10885	2528312	48
631	648	48.36	0	1.98	0.15	3.81	758129	1495	4502506	116
634	644	31.58	0	0.78	1.14	0.42	699962	5368	4291730	657
634	657	194.95	0	4.20	6.91	1.50	727783	10397	4460777	722
636	650	43.16	0	0.42	0.12	0.71	747067	11506	4500736	107
636	653	218.59	0	1.97	0.55	3.38	702593	11852	4382260	252
643	733	42.43	0	1.40	0.48	2.32	692021	4033	4325915	78
650	727	84.70	0	1.28	1.34	1.23	747624	6692	4314198	26
651	720	200.12	0	3.74	3.39	4.10	669129	7564	4166839	157
651	726	39.35	0	0.83	0.71	0.95	722325	4553	4286566	83
655	672	77.76	0	1.19	1.18	1.20	604824	3262	4441952	148
655	724	50.26	0	1.71	0.78	2.63	752799	3405	4367796	162
658	719	94.41	0	1.43	1.20	1.66	711597	6175	4363802	632
658	725	78.33	0	1.79	1.01	2.57	751464	3331	4412699	283
659	698	63.07	0	1.18	0.63	1.73	684333	1120	4495282	219
660	702	43.53	0	1.15	0.52	1.78	665207	1032	4395690	805
663	697	27.55	0	0.80	0.37	1.23	667655	686	4544359	142
673	749	36.35	0	0.83	0.44	1.22	623011	2126	4466549	213
679	704	113.86	0	1.59	1.86	1.32	496949	2217	4391060	169
682	729	145.59	0	1.97	2.19	1.76	497668	2889	4418625	131
684	734	29.82	0	0.72	0.26	1.18	530523	6207	4487516	299
698	711	63.88	0	1.29	1.76	0.82	663689	3154	4591197	149
702	717	27.90	0	0.69	1.15	0.22	675571	645	4418260	147
706	809	182.51	0	3.44	3.34	3.55	312426	3632	3164372	121
707	808	341.06	0	4.00	5.54	2.47	326327	5982	3229389	92
707	812	58.42	0	1.06	0.99	1.13	338725	2985	3116407	152
722	793	36.76	0	1.22	1.97	0.46	391686	1482	3314140	33
723	806	35.50	0	1.23	1.75	0.70	334431	2185	3137602	27
724	791	61.54	0	2.03	3.21	0.84	398504	2406	3368259	155
725	790	39.95	0	1.11	1.34	0.89	391549	1621	3370153	175
732	849	33.40	0	1.39	0.57	2.20	371413	5225	2670034	64
733	848	35.49	0	2.44	1.95	2.92	355280	3183	2727801	33
740	784	105.54	0	3.53	1.72	5.34	373166	2033	3335559	17
741	783	222.46	0	4.49	4.53	4.45	385442	5013	3447999	24
744	827	24.75	0	1.01	1.06	0.96	366811	4160	2907083	39
745	789	62.78	0	2.02	2.35	1.68	372966	4124	3326211	21
753	783	95.23	0	2.31	2.63	2.00	372048	1461	3426436	110
755	784	54.10	0	1.86	0.91	2.82	383638	655	3296368	43
763	784	24.33	0	1.05	0.74	1.36	396956	759	3301741	72
764	810	38.13	0	1.64	2.23	1.05	395594	536	3106279	92
777	788	39.92	0	1.95	3.17	0.74	412713	1179	3360961	64
783	793	66.23	0	1.07	1.44	0.70	409399	7110	3333902	26
798	808	104.90	0	4.58	8.29	0.87	405769	2358	3209585	167
827	891	32.62	0	1.95	1.21	2.70	383208	3241	2951144	33
831	842	170.62	0	6.37	7.56	5.18	365892	9838	3028390	22
833	843	32.38	0	2.50	2.82	2.17	354087	5390	2977983	14
835	844	44.28	0	3.75	1.69	5.81	362766	2635	3066267	15
842	898	27.68	0	1.44	0.98	1.89	363964	6350	2972406	20
850	867	36.16	0	1.95	1.99	1.90	363441	7563	2977691	43
851	860	82.06	0	3.77	3.95	3.60	358280	3499	3168689	44
867	877	71.06	0	4.05	3.56	4.54	335750	3535	3038526	18
873	922	27.83	0	2.15	2.27	2.03	384206	6023	3058161	62
875	888	48.58	0	1.98	2.94	1.02	387199	3408	3114371	95
877	889	40.68	0	1.93	2.67	1.19	381071	2943	3226074	115
878	893	261.31	0	7.52	4.44	10.59	370953	9440	3084592	822
883	895	47.81	0	3.64	2.77	4.51	372564	1292	3005447	16
884	895	31.31	0	2.67	2.33	3.01	376799	1393	3021911	17
891	900	65.16	0	4.30	5.22	3.38	374243	4382	3174625	94
891	901	30.93	0	2.02	2.57	1.47	380958	6105	3129518	48
907	917	50.90	0	3.94	4.12	3.75	401080	1907	3252464	118
916	928	112.92	0	8.27	8.34	8.21	409491	1469	3344137	34
