452	Window=3	Metric=PAIRMAPPER	
i	j	Statistic	Class	Zij	Zi	Zj	Mod_Depth	Mod_Comuts	Unt_Depth	Unt_Comuts
372	385	231.42	1	11.22	8.87	13.56	191793	266	685346	3
753	766	136.62	1	8.63	7.64	9.62	312638	288	790104	73
754	765	66.99	1	4.46	3.44	5.47	314906	195	800921	10
755	764	241.09	1	12.6	10.28	14.92	288409	234	707114	2
45	82	38.16	2	2.14	2.05	2.23	210524	1356	849957	37
63	81	61.01	2	3.79	1.98	5.59	204648	993	839767	66
70	87	113.15	2	5.71	9.84	1.58	205462	2106	844437	51
113	128	48.24	2	3.45	4.14	2.77	202316	415	827753	33
114	127	132.54	2	5.83	7.56	4.09	202895	566	817631	38
115	126	261.67	2	8.88	11.57	6.19	196654	536	808496	14
116	125	513.61	2	12.12	12.24	12.0	196608	719	807753	6
144	155	112.91	2	8.27	9.16	7.37	124878	306	819500	67
162	204	38.36	2	4.66	4.75	4.58	105564	177	800308	2
163	203	71.9	2	6.54	5.0	8.08	106888	174	793501	8
164	205	26.85	2	3.21	2.54	3.88	85916	189	795346	3
177	188	47.9	2	6.24	5.53	6.95	151666	291	779269	61
179	189	28.5	2	4.51	4.21	4.81	96975	258	758758	55
188	197	24.39	2	2.62	3.54	1.7	193829	293	773799	33
216	234	46.21	2	4.05	3.52	4.59	192828	685	680006	15
217	233	59.87	2	4.74	5.28	4.21	195408	406	716778	26
218	231	49.45	2	5.98	7.99	3.97	194331	537	721160	37
219	231	43.69	2	5.56	7.62	3.51	193999	357	712741	31
233	256	71.54	2	5.75	5.03	6.47	166773	506	540030	17
256	425	48.71	2	2.72	4.41	1.04	176012	527	433729	11
274	290	166.72	2	9.66	11.69	7.63	169606	1381	516890	5
278	287	353.38	2	10.98	8.91	13.05	175135	705	589868	10
296	313	30.37	2	2.14	1.24	3.05	167743	536	500773	15
307	330	72.08	2	6.32	5.64	7.01	163625	661	564076	4
308	329	82.62	2	7.13	6.53	7.72	155055	512	523714	0
352	372	31.35	2	3.31	5.42	1.2	196062	139	701789	16
354	366	38.07	2	3.96	5.2	2.72	203410	242	738273	5
354	414	38.74	2	2.98	5.29	0.67	210069	470	760971	13
360	415	189.7	2	4.22	1.89	6.56	201747	1082	750612	15
361	414	114.35	2	6.02	10.06	1.98	209650	671	769770	11
365	410	192.3	2	9.56	13.76	5.35	195378	1430	721128	3
368	386	97.28	2	6.31	10.3	2.32	192985	552	697654	13
369	385	77.41	2	3.61	2.69	4.53	196313	459	722049	12
370	384	119.11	2	5.32	4.15	6.5	204438	336	746572	1
373	384	41.74	2	4.87	7.46	2.28	204690	461	777060	7
390	399	136.83	2	9.29	6.08	12.5	189271	1089	788331	42
415	425	129.71	2	3.64	4.48	2.79	214738	558	813238	36
425	449	39.51	2	2.17	0.86	3.48	310737	1602	872132	59
452	478	95.98	2	5.15	4.24	6.05	293364	604	871298	61
453	477	95.14	2	5.76	6.55	4.97	294955	777	868915	19
468	478	120.81	2	6.82	6.02	7.62	297971	616	868873	101
510	566	37.7	2	3.67	3.98	3.35	187889	433	823079	30
510	567	62.59	2	4.54	6.61	2.48	192278	709	824247	23
511	566	51.78	2	4.03	3.46	4.6	195483	605	825597	24
514	568	76.57	2	4.57	6.24	2.91	187813	826	810906	43
515	537	57.21	2	4.23	3.79	4.67	170592	782	802575	114
553	568	157.42	2	7.89	9.79	5.98	288804	1958	806875	35
568	583	92.8	2	4.82	3.53	6.12	292972	2010	806454	20
593	673	113.45	2	3.34	4.78	1.89	291275	1882	583345	71
595	631	196.82	2	3.46	5.79	1.12	401373	2702	765766	21
602	631	122.65	2	2.39	3.78	1.0	294035	979	620715	44
603	630	97.08	2	3.19	5.75	0.62	309521	835	654536	18
604	629	109.43	2	4.26	7.95	0.57	295015	969	650242	15
605	655	103.56	2	3.26	3.65	2.88	388837	3486	770854	20
608	625	122.64	2	2.22	1.04	3.4	406727	1549	772535	13
611	620	521.26	2	9.64	7.93	11.34	281090	1216	692187	71
620	639	118.89	2	2.01	2.59	1.44	290342	1283	631163	77
650	727	118.94	2	3.86	4.18	3.54	379202	3683	733947	6
655	724	33.61	2	2.3	0.9	3.71	296624	1384	588038	44
657	726	130.4	2	3.34	1.95	4.73	287000	2407	583149	44
679	704	86.73	2	2.3	2.59	2.01	249852	1314	630385	25
680	703	64.11	2	2.38	1.2	3.57	265043	1190	653688	17
682	729	103.49	2	2.18	2.59	1.76	257549	1688	643375	37
683	709	257.95	2	5.45	4.35	6.55	190664	2303	729267	52
686	722	42.22	2	3.47	4.28	2.65	261251	700	675240	21
687	723	85.44	2	4.36	2.27	6.45	262671	1085	706064	8
697	717	54.3	2	2.15	3.6	0.71	290665	571	723381	55
698	716	116.09	2	3.08	5.05	1.1	287878	624	725998	43
702	713	215.65	2	6.95	12.04	1.87	268606	799	709027	9
707	717	161.64	2	4.95	7.77	2.13	263724	2160	731589	65
708	719	191.65	2	5.1	5.57	4.62	253369	1898	687085	227
719	730	149.66	2	3.94	3.61	4.26	278742	2863	688339	106
594	654	64.84	2	2.19	1.61	2.78	378562	3679	758463	26
600	640	99.57	2	2.06	2.74	1.38	413048	820	762270	55
601	619	168.41	2	4.15	3.98	4.31	412887	774	774864	55
604	639	157.56	2	3.8	6.28	1.32	416778	1275	770065	43
633	658	127.53	2	4.12	5.21	3.02	378564	3474	757553	155
634	657	100.16	2	3.23	5.23	1.23	370282	5651	752309	96
703	727	64.94	2	2.78	3.62	1.93	311993	1209	713904	13
706	813	51.31	2	2.59	0.97	4.2	319294	1855	641273	23
709	724	72.92	2	2.98	1.85	4.11	317437	2167	725062	59
739	785	62.57	2	3.57	2.37	4.76	355337	1846	674079	4
740	784	80.76	2	3.97	2.18	5.76	361247	2055	679553	5
749	775	45.1	2	2.62	2.09	3.15	383449	642	692582	21
775	790	142.64	2	6.5	9.97	3.02	394646	1301	681994	14
776	789	90.27	2	4.2	5.54	2.86	390992	1020	670150	22
777	788	87.36	2	5.12	8.5	1.74	396555	1487	695154	16
785	794	67.84	2	3.14	5.16	1.12	382501	1252	667197	8
27	95	29.98	0	4.68	5.51	3.84	215969	573	865254	15
29	41	45.95	0	4.97	5.17	4.77	204374	2042	841090	6
30	100	51.36	0	2.75	3.46	2.05	202796	2208	853180	13
37	46	38.91	0	1.93	1.9	1.95	205890	830	869683	22
37	92	28.46	0	1.41	1.39	1.43	209084	1605	868080	6
38	49	62.71	0	6.08	6.74	5.43	201325	1479	853454	7
43	84	63.55	0	2.85	2.9	2.8	207310	3088	853403	22
44	100	32.43	0	3.23	5.16	1.29	202049	1094	853355	12
66	88	49.89	0	1.9	2.04	1.75	206030	1616	854181	44
67	87	250.0	0	6.82	10.12	3.51	201925	2880	854143	49
67	96	33.06	0	2.19	1.34	3.03	201869	1052	857293	40
69	297	32.7	0	2.77	2.88	2.66	191448	982	437479	14
69	423	47.48	0	2.48	4.18	0.79	208776	1284	459696	28
77	254	44.59	0	4.83	5.57	4.09	172887	1724	578124	32
84	245	54.13	0	4.5	2.38	6.62	186246	2163	636235	5
85	244	42.19	0	4.17	3.12	5.21	183899	1847	664087	8
93	149	77.73	0	6.78	5.34	8.21	175079	2000	825273	6
98	107	68.99	0	8.26	14.04	2.47	203640	1355	830409	10
108	136	27.6	0	3.31	0.71	5.9	198881	1169	784539	7
112	121	64.14	0	9.45	10.63	8.26	195956	1080	838707	18
135	415	27.19	0	3.09	5.25	0.93	206697	440	447598	11
178	190	51.19	0	5.96	5.33	6.59	115772	273	770701	57
179	190	52.48	0	7.25	7.75	6.76	138689	285	774975	62
248	257	47.15	0	6.74	6.57	6.9	161697	357	517425	26
264	297	25.95	0	3.29	4.46	2.11	171280	818	454450	5
324	345	25.17	0	2.71	4.6	0.82	181888	895	697883	6
330	342	39.85	0	5.48	3.87	7.09	172687	1310	648817	4
349	393	24.06	0	2.27	4.05	0.49	197380	1697	752555	4
350	430	42.46	0	6.01	7.42	4.6	207472	1804	732229	3
351	373	30.24	0	5.12	4.84	5.41	196820	742	715474	12
355	421	91.84	0	4.28	7.02	1.54	205019	1232	746942	7
361	422	34.2	0	1.73	3.0	0.47	209062	510	775804	17
363	378	57.79	0	8.49	8.22	8.76	184664	595	680694	8
419	428	24.11	0	3.83	4.85	2.8	203728	1614	773557	1
407	564	27.99	0	4.47	5.01	3.92	303841	1051	833817	23
415	452	24.13	0	1.27	1.47	1.07	314653	918	887275	62
426	444	46.87	0	3.46	3.62	3.29	309540	1240	882751	21
444	475	101.7	0	7.28	7.14	7.42	300318	2996	874658	7
445	474	48.42	0	3.6	3.84	3.36	290513	2489	869663	12
449	468	27.2	0	1.88	2.4	1.36	306705	1518	861280	57
465	475	28.17	0	1.38	0.69	2.06	304172	3744	868321	19
478	563	29.14	0	1.81	1.84	1.77	268210	706	835747	75
527	698	26.19	0	1.37	1.59	1.14	201226	740	565295	13
549	599	75.13	0	2.32	4.39	0.24	280297	4474	747133	68
563	583	27.95	0	1.77	1.7	1.85	271366	1334	805637	44
565	574	64.68	0	8.1	8.91	7.28	281898	2125	813250	24
583	595	34.12	0	1.89	2.25	1.52	272715	1417	747080	40
599	617	67.04	0	3.37	0.21	6.54	299613	10088	697013	52
608	636	144.54	0	1.34	1.72	0.96	282118	3249	622109	18
612	672	37.25	0	3.15	5.38	0.92	284047	2139	586896	46
614	623	70.65	0	9.24	10.05	8.44	270915	6655	620411	23
620	678	24.17	0	2.14	0.53	3.74	280617	476	532786	30
651	720	136.62	0	4.38	4.22	4.54	251286	3296	434012	19
651	726	38.61	0	1.29	1.18	1.4	274241	1963	501803	6
655	672	40.28	0	1.04	1.08	1.0	289135	1767	621410	32
657	720	68.89	0	1.65	1.02	2.28	262559	3587	502488	51
672	684	73.67	0	1.36	1.83	0.88	276093	2012	652161	103
678	688	29.46	0	2.58	4.57	0.59	251168	1736	687113	14
688	722	112.72	0	4.7	2.3	7.1	261242	1280	720544	3
698	711	63.69	0	2.66	2.77	2.54	282436	2072	740512	21
708	731	62.44	0	1.99	1.81	2.17	252223	1067	719802	81
720	747	31.98	0	2.25	1.05	3.45	254999	3926	575988	53
589	764	25.75	0	1.46	1.24	1.68	395102	967	704953	4
596	628	28.89	0	1.2	2.08	0.31	401546	691	762853	20
600	659	67.06	0	1.46	1.84	1.09	396988	1190	760894	49
600	673	24.88	0	0.63	0.66	0.6	254648	630	743787	31
603	620	40.92	0	1.06	1.6	0.52	413282	442	769461	22
634	644	39.45	0	1.46	2.03	0.89	384316	3117	734136	121
636	653	140.26	0	2.07	0.56	3.59	370125	6309	747062	46
649	728	40.38	0	1.4	1.99	0.81	388687	3112	730666	4
658	719	46.62	0	1.12	1.09	1.16	344822	3455	732917	77
683	791	29.09	0	0.51	0.49	0.52	219463	2122	686673	19
702	759	25.09	0	1.94	1.87	2.01	295851	1473	703630	2
706	809	239.97	0	5.54	4.56	6.52	301985	3830	658804	19
707	808	354.08	0	5.66	7.72	3.6	313547	6015	666253	10
707	812	62.19	0	1.51	1.35	1.67	325142	2987	652038	19
722	793	36.47	0	2.2	3.95	0.45	377327	1581	678085	2
724	735	27.09	0	1.43	1.53	1.34	358362	2781	730038	35
725	810	26.64	0	1.07	1.13	1.01	377657	1882	662259	31
735	786	26.47	0	1.28	1.31	1.25	361917	5472	696546	14
741	783	191.06	0	5.74	6.16	5.32	373768	4882	700901	6
753	783	60.52	0	2.12	2.55	1.68	358341	1577	696658	19
755	784	42.13	0	1.86	0.72	3.0	369110	673	672345	5
769	822	28.18	0	0.98	0.54	1.42	365427	2211	607792	6
770	821	66.85	0	4.41	1.13	7.69	375165	2663	610308	4
783	793	130.7	0	2.62	3.64	1.6	395095	7180	690804	4
798	808	77.6	0	4.38	7.96	0.79	390386	2813	686349	20
831	842	126.15	0	7.31	7.65	6.98	354142	9379	668582	4
835	844	61.17	0	6.0	3.57	8.44	350763	2782	671333	1
850	867	24.2	0	2.25	1.82	2.68	350234	7007	666161	13
851	860	131.01	0	7.73	7.46	8.0	345119	3869	691657	17
867	877	52.43	0	4.95	5.79	4.11	321555	3289	675791	0
875	888	45.87	0	2.41	3.69	1.14	369315	3030	686241	19
879	892	157.42	0	5.76	4.18	7.34	358080	13855	678448	138
882	891	26.31	0	1.98	1.69	2.27	363683	4021	696418	2
883	895	36.06	0	3.51	2.14	4.88	356180	1298	669935	2
884	895	33.55	0	3.55	2.56	4.54	359878	1270	671885	3
887	897	51.84	0	4.21	3.4	5.02	372405	2523	702928	5
891	900	27.16	0	2.26	2.34	2.18	351676	3881	693566	16
906	927	27.57	0	2.57	2.77	2.36	400699	2221	717332	4
907	917	49.06	0	5.64	5.74	5.54	383711	1914	703613	24
916	928	79.98	0	7.28	6.84	7.72	395661	1292	718648	2
