965	Window=3	Metric=PAIRMAPPER	
i	j	Sig.	Class	Zij	Zi	Zj	Mod_Depth	Mod_Comuts	Unt_Depth	Unt_Comuts
372	385	233.84	1	11.28	8.84	13.71	191972	266	683893	3
754	765	117.75	1	4.98	2.62	7.34	716916	622	1511784	28
755	764	384.54	1	11.25	6.86	15.64	680644	626	1403451	8
44	83	27.71	2	2.44	4.21	0.66	207761	1074	845469	4
45	82	44.56	2	2.28	2.15	2.40	210724	1356	850198	37
63	81	66.54	2	3.94	1.95	5.94	204845	993	839994	66
69	297	35.25	2	2.71	2.79	2.64	191627	981	437532	14
69	423	55.71	2	2.58	4.52	0.63	208975	1284	459747	28
70	87	126.85	2	5.93	10.28	1.59	205659	2106	844677	51
98	107	71.11	2	8.74	15.06	2.42	203841	1355	830621	10
108	136	30.82	2	3.61	0.63	6.58	199068	1169	784704	7
113	128	50.38	2	3.46	4.19	2.74	202515	415	827950	33
114	127	137.55	2	5.90	7.71	4.09	203091	566	817820	38
115	126	268.97	2	8.97	11.75	6.19	196845	536	808694	14
116	125	524.90	2	12.16	12.26	12.07	196800	719	807939	6
144	155	115.45	2	8.37	9.29	7.46	125058	306	819682	67
162	204	39.40	2	4.81	4.89	4.74	105655	177	800470	2
163	203	73.37	2	6.74	5.07	8.40	106978	174	793665	8
164	205	27.78	2	3.28	2.52	4.04	85974	189	795511	3
177	188	48.85	2	6.55	5.76	7.34	151790	291	779428	61
178	190	52.16	2	6.18	5.50	6.87	115856	273	770854	57
179	189	29.16	2	4.68	4.39	4.97	97054	258	758907	55
179	190	53.27	2	7.61	8.21	7.02	138798	285	775127	62
188	197	25.69	2	2.73	3.76	1.70	194013	293	773947	33
216	234	48.04	2	4.19	3.60	4.78	193002	685	680113	15
217	233	61.98	2	4.87	5.45	4.29	195591	406	716898	26
218	231	51.18	2	6.18	8.42	3.93	194522	537	721285	37
219	231	45.36	2	5.77	8.09	3.45	194189	357	712860	31
220	230	25.04	2	3.18	5.40	0.96	188486	517	699921	18
233	256	74.66	2	5.87	5.21	6.53	166926	506	540112	17
256	425	57.41	2	2.93	4.95	0.90	176171	527	433778	11
274	290	169.48	2	9.87	11.93	7.80	169746	1381	516973	5
278	287	358.53	2	11.06	8.97	13.15	175303	705	589951	10
296	313	34.60	2	2.23	1.21	3.24	167882	536	500844	15
307	330	74.47	2	6.40	5.82	6.98	163784	661	564156	4
308	329	84.57	2	7.34	6.69	7.99	155197	512	523782	0
352	372	34.37	2	3.40	5.62	1.19	196242	140	701882	16
354	366	39.85	2	3.88	5.11	2.64	203596	242	738383	5
354	414	46.15	2	3.33	5.97	0.69	210256	470	761062	13
355	421	100.93	2	4.07	7.08	1.06	205197	1232	747024	7
360	415	217.89	2	4.48	1.91	7.05	201932	1081	750699	15
361	414	122.52	2	6.07	10.25	1.88	209839	671	769866	11
368	386	100.62	2	6.34	10.39	2.29	193153	552	697959	13
369	385	80.49	2	3.62	2.60	4.64	196492	459	721892	12
370	384	122.31	2	5.33	4.06	6.59	204624	336	745859	1
373	384	43.04	2	4.86	7.48	2.24	204885	461	774539	7
390	399	139.33	2	8.60	5.92	11.28	189451	1089	779678	42
415	425	328.72	2	7.95	10.65	5.26	536399	1695	1715219	85
426	444	48.17	2	3.07	3.02	3.13	310345	1241	896365	21
444	475	104.37	2	6.87	6.67	7.07	301136	2996	875710	7
452	478	97.22	2	4.81	3.95	5.67	294173	605	872327	61
453	477	95.84	2	5.32	5.89	4.74	295770	777	869965	20
468	478	122.07	2	6.25	5.41	7.10	298776	617	869906	101
510	566	38.04	2	3.31	3.63	2.98	188239	433	823743	30
510	567	63.94	2	4.19	6.01	2.37	192641	710	824917	23
511	566	52.28	2	3.64	3.22	4.05	195873	605	826272	24
514	568	77.33	2	4.19	5.65	2.74	188144	826	811570	43
515	537	57.53	2	3.74	3.42	4.05	170858	782	803234	115
553	568	159.25	2	7.32	9.12	5.53	289570	1957	807529	35
568	583	94.82	2	4.36	3.34	5.39	293738	2010	805268	21
592	648	29.50	2	2.02	1.39	2.65	688542	1176	1408974	39
593	673	182.70	2	2.85	3.45	2.24	554068	3141	1343734	95
594	654	90.12	2	2.38	1.79	2.97	671833	6208	1352724	81
595	631	260.91	2	3.30	5.46	1.15	689950	4416	1406760	69
601	619	265.36	2	5.04	5.02	5.05	722547	1361	1463900	162
602	631	271.05	2	2.45	3.71	1.19	713603	2247	1389936	68
603	630	259.59	2	4.14	7.37	0.90	738504	1999	1434205	30
604	629	312.11	2	5.30	9.68	0.92	719247	2341	1421015	27
604	639	216.86	2	4.07	6.74	1.39	718486	2133	1389034	110
605	655	151.65	2	3.27	3.91	2.63	690815	5742	1353064	55
608	625	177.63	2	2.47	1.12	3.82	705741	2419	1444663	25
611	620	1594.08	2	12.78	9.94	15.62	680152	3078	1455256	119
620	639	257.23	2	2.11	2.57	1.64	702947	3083	1383183	120
650	727	242.79	2	4.48	4.82	4.14	675166	6152	1275172	11
657	726	181.23	2	3.09	1.70	4.48	668927	5499	1321226	73
672	684	143.46	2	2.12	2.85	1.38	438655	2677	1396774	174
679	704	167.76	2	3.16	3.80	2.52	438211	2055	1359159	52
680	703	120.45	2	3.08	1.89	4.26	466941	1856	1378176	35
682	729	116.94	2	2.00	2.60	1.40	442884	2518	1373290	50
686	722	54.65	2	3.10	2.81	3.39	446972	1152	1402788	34
687	723	94.59	2	3.95	1.64	6.25	447611	1832	1434703	12
697	717	93.65	2	2.69	4.34	1.03	623982	944	1461912	76
697	721	26.57	2	2.31	1.30	3.31	600281	347	1457691	51
698	716	214.10	2	3.99	6.36	1.62	609598	1029	1455933	65
702	713	388.17	2	8.79	15.17	2.42	579349	1812	1434531	17
703	727	90.17	2	2.40	3.21	1.59	586537	2146	1397956	24
706	813	57.78	2	2.50	1.21	3.78	328002	1857	643134	24
707	717	518.24	2	7.65	9.98	5.32	592226	4034	1457313	124
708	719	397.06	2	6.76	7.50	6.01	546417	3695	1406074	381
719	730	288.82	2	4.96	4.39	5.54	639439	6485	1414875	165
739	785	69.28	2	3.24	2.04	4.44	365178	1848	676520	4
749	775	43.51	2	2.23	2.21	2.25	703818	644	1473214	21
764	774	61.83	2	3.25	2.56	3.93	691353	332	1369518	110
775	790	139.90	2	4.78	6.76	2.81	404638	1304	684420	14
776	789	91.12	2	3.80	5.07	2.54	400680	1020	672541	22
777	788	93.89	2	4.65	7.59	1.71	406814	1490	697644	16
785	794	71.60	2	2.92	4.58	1.26	392260	1254	669547	8
27	95	31.14	0	4.72	5.57	3.87	216173	573	865485	15
29	41	47.73	0	5.02	5.11	4.93	204572	2042	841349	6
30	100	56.58	0	2.81	3.59	2.02	202998	2208	853426	14
37	46	43.43	0	1.95	1.94	1.96	206091	830	869945	22
37	92	33.72	0	1.50	1.47	1.53	209287	1606	868335	6
38	49	64.46	0	6.07	6.77	5.37	201521	1479	853712	8
43	84	72.45	0	3.04	3.07	3.02	207504	3088	853640	22
44	100	35.30	0	3.31	5.43	1.20	202249	1094	853591	12
66	88	61.61	0	2.11	2.25	1.97	206230	1616	854420	44
67	87	275.22	0	7.16	10.62	3.69	202124	2879	854395	50
67	96	37.18	0	2.25	1.28	3.23	202072	1052	857525	40
67	296	24.80	0	0.80	0.79	0.81	189857	1385	441132	10
77	254	46.84	0	5.02	5.80	4.25	173045	1724	578209	32
78	102	27.64	0	1.87	2.85	0.89	207290	2232	848138	16
84	245	59.00	0	4.70	2.41	6.99	186416	2163	636333	6
85	244	44.28	0	4.19	3.13	5.25	184077	1846	664188	9
86	243	29.82	0	1.90	0.23	3.57	189946	1290	673635	9
93	149	80.83	0	6.94	5.47	8.42	175271	2000	825470	6
112	121	65.52	0	9.83	11.04	8.62	196153	1080	838923	19
129	349	24.41	0	2.68	1.34	4.03	205293	790	452693	1
135	415	30.08	0	3.32	5.69	0.95	206889	440	447649	11
167	199	24.29	0	2.19	1.65	2.73	122971	115	781585	50
248	257	48.69	0	6.92	6.43	7.40	161843	357	517496	26
248	413	25.26	0	1.78	3.20	0.36	195322	816	434636	3
264	297	27.72	0	3.36	4.70	2.02	171446	818	454512	5
324	345	26.87	0	2.71	4.62	0.80	182070	895	697977	6
330	342	41.22	0	5.51	3.77	7.25	172853	1310	648911	4
349	393	28.86	0	2.62	4.81	0.42	197559	1698	752663	4
350	430	44.96	0	5.93	7.97	3.89	207658	1806	732310	3
351	373	31.63	0	5.19	4.95	5.42	196995	743	715571	12
361	422	43.02	0	1.91	3.47	0.36	209253	510	775895	17
363	378	58.89	0	8.70	8.08	9.31	184838	595	680792	8
365	410	199.20	0	8.77	13.80	3.74	195552	1431	721218	3
407	564	28.34	0	3.46	3.51	3.40	304609	1051	834523	23
411	426	43.18	0	1.88	1.06	2.70	524042	1614	1713712	19
419	428	41.45	0	4.56	5.78	3.34	519740	3687	1678247	7
425	449	40.32	0	1.86	0.62	3.10	311552	1604	884854	60
445	465	24.49	0	1.25	1.85	0.65	294729	2441	873039	45
445	474	50.23	0	3.48	3.68	3.27	291325	2489	870704	12
449	468	27.80	0	1.76	2.18	1.33	307510	1518	862292	58
465	475	30.11	0	1.44	0.78	2.11	304987	3745	869358	20
478	492	24.45	0	1.24	1.50	0.98	228169	702	865708	42
478	563	30.39	0	1.78	1.84	1.73	268903	708	836435	75
527	698	25.88	0	1.17	1.50	0.84	201745	740	565683	13
549	599	43.95	0	1.33	2.55	0.11	281041	4474	747702	68
563	583	28.63	0	1.68	1.63	1.72	272036	1334	806104	44
565	574	65.68	0	6.85	7.75	5.96	282667	2125	813401	24
583	595	28.30	0	1.19	1.71	0.67	273433	1417	745991	40
587	710	42.94	0	3.26	4.74	1.79	589299	2583	1276965	19
589	764	38.57	0	1.55	1.48	1.62	678593	1386	1192696	8
593	725	34.86	0	0.98	0.72	1.25	695586	2451	1274797	109
597	633	35.64	0	0.63	0.10	1.16	686871	12699	1329717	465
599	617	126.16	0	3.01	0.25	5.76	724180	23637	1471220	94
603	620	91.59	0	1.79	2.63	0.95	723061	794	1474161	74
608	636	476.83	0	2.24	2.90	1.58	694175	8800	1393043	36
609	647	26.45	0	1.54	0.18	2.89	685090	2193	1412913	20
614	623	248.70	0	14.01	15.44	12.58	681615	17150	1379893	40
614	846	35.71	0	1.95	2.30	1.61	389530	6489	606313	4
615	871	39.57	0	1.82	2.11	1.53	383681	10532	577773	2
616	870	34.96	0	1.56	1.84	1.28	378520	10996	581167	1
617	869	24.27	0	1.38	1.21	1.56	375460	7820	581435	3
620	678	36.03	0	2.28	0.41	4.15	500477	707	1282339	65
624	872	31.34	0	2.02	2.90	1.14	389751	7222	574505	2
631	648	28.25	0	1.35	0.16	2.55	682559	1395	1361286	37
634	644	71.74	0	2.04	2.92	1.15	641769	5387	1255312	220
634	657	97.63	0	2.46	3.95	0.97	657739	9422	1325775	207
636	653	245.17	0	3.17	0.82	5.51	641063	10586	1284272	97
649	728	79.20	0	1.77	2.58	0.96	694503	5146	1304296	9
649	733	25.18	0	1.34	0.91	1.78	629205	3166	1282009	17
651	720	219.00	0	4.60	4.77	4.44	607356	7545	1160601	47
651	726	94.23	0	2.25	2.12	2.37	655487	4645	1241266	23
655	672	49.39	0	0.99	0.93	1.04	534906	2994	1361424	51
655	724	47.73	0	1.77	0.90	2.64	680133	3311	1322137	63
657	720	107.24	0	1.63	1.05	2.22	619488	8333	1227299	90
658	719	78.01	0	1.27	1.30	1.24	635902	6087	1319954	198
658	731	30.77	0	0.71	0.58	0.85	649197	3866	1337296	67
675	869	33.77	0	2.05	2.05	2.04	208730	3917	583128	2
678	688	49.96	0	3.26	5.71	0.81	378682	2419	1447275	27
683	709	666.11	0	7.38	5.29	9.47	449566	6897	1423645	124
688	722	110.55	0	4.23	1.71	6.76	435463	2018	1447801	5
691	744	34.68	0	1.99	2.18	1.80	506790	8346	1431831	36
698	711	139.88	0	3.05	4.18	1.92	588324	3691	1479572	51
702	717	39.59	0	1.04	1.60	0.48	597933	760	1425927	45
706	809	275.54	0	5.64	5.45	5.82	310747	3830	660752	19
707	808	398.56	0	5.52	7.69	3.35	322681	6015	668238	10
707	812	70.77	0	1.64	1.43	1.85	334197	2990	653937	19
722	735	31.04	0	1.65	1.96	1.34	636303	2578	1465271	35
722	793	33.23	0	1.33	2.10	0.57	386286	1581	680496	2
725	810	24.70	0	0.98	0.91	1.06	387097	1886	664210	32
735	786	39.16	0	1.65	1.66	1.63	371412	5474	699033	15
736	831	31.47	0	1.56	1.82	1.30	345284	5901	608365	3
740	784	93.27	0	3.68	1.94	5.42	371109	2056	681933	6
741	783	230.39	0	5.13	5.35	4.91	384024	4885	703328	7
753	783	59.61	0	1.69	1.94	1.44	368202	1577	699040	19
755	784	46.54	0	1.85	0.89	2.81	378966	674	674674	5
758	837	24.84	0	1.69	1.99	1.38	339053	6006	613792	8
769	822	38.81	0	1.40	0.79	2.01	374909	2211	609540	6
770	821	84.26	0	4.61	1.79	7.44	384717	2663	612060	4
783	793	157.00	0	2.62	3.42	1.81	405361	7186	693219	6
786	825	30.30	0	1.48	1.33	1.63	405745	3826	636800	16
798	808	71.56	0	3.94	7.09	0.78	400625	2814	688419	21
831	842	186.98	0	5.90	6.65	5.15	364149	9382	670573	4
833	843	24.80	0	1.85	2.13	1.57	352598	5005	658611	0
835	844	80.50	0	4.51	2.81	6.22	360897	2785	673334	1
842	910	29.80	0	1.28	1.04	1.52	366193	7896	665412	5
843	886	25.81	0	1.61	1.62	1.60	374577	4962	655024	4
844	865	29.51	0	1.83	2.46	1.20	333097	3598	664372	1
850	867	40.53	0	1.90	1.75	2.05	360264	7006	668172	14
851	860	157.48	0	5.97	6.73	5.21	355259	3871	693757	17
865	896	25.01	0	1.40	1.06	1.74	334273	4876	695227	2
867	877	72.02	0	3.75	3.41	4.09	331518	3285	677861	0
875	888	57.22	0	2.28	3.28	1.29	379420	3031	688327	19
878	893	263.02	0	6.20	3.92	8.48	361368	9676	684099	184
879	892	205.27	0	4.92	3.86	5.98	367960	13869	680497	139
879	921	43.82	0	1.72	0.99	2.45	376649	13819	689140	116
879	925	26.63	0	1.67	0.69	2.65	375255	5767	660450	87
880	920	28.16	0	1.53	0.90	2.17	359660	8218	679340	147
882	891	38.61	0	1.92	1.50	2.33	373712	4024	698542	3
883	895	42.75	0	2.99	2.08	3.91	365761	1299	671942	2
884	895	40.03	0	3.17	2.66	3.68	369424	1270	673923	3
887	897	64.70	0	3.41	2.89	3.93	382508	2523	705105	5
891	900	38.26	0	1.97	2.32	1.62	361712	3882	695704	16
894	909	27.84	0	1.16	0.79	1.52	373462	5371	690049	12
905	928	28.70	0	1.69	1.51	1.87	407664	1879	724365	2
906	927	35.39	0	2.14	2.29	1.99	410863	2222	719565	4
907	917	56.59	0	4.25	4.22	4.27	393668	1918	705790	24
908	921	25.39	0	1.47	1.39	1.56	398203	5585	715562	7
910	922	44.88	0	2.42	2.14	2.71	391772	5183	713437	19
916	928	87.80	0	5.58	5.96	5.20	405841	1293	720907	2
